0.3062	0.239819999999781
0.3062	0.230739999999969
0.3063	0.188130000000001
0.3064	0.183010000000195
0.3064	0.198139999999967
0.3065	0.220029999999952
0.3234	0.300819999999931
0.3234	0.278470000000198
0.3235	0.259840000000167
0.3235	0.2486600000002
0.3235	0.231900000000223
0.3235	0.219790000000103
0.3235	0.213270000000193
0.3236	0.208619999999883
0.3236	0.197439999999915
0.3236	0.196510000000217
0.3236	0.210480000000189
0.3301	0.390229999999974
0.3301	0.384640000000218
0.3301	0.376260000000002
0.3302	0.37998000000016
0.3302	0.366939999999886
0.3302	0.352040000000216
0.3302	0.349250000000211
0.3302	0.328759999999875
0.3303	0.331549999999879
0.3303	0.311999999999898
0.3303	0.310129999999845
0.3303	0.309200000000146
0.3304	0.30733999999984
0.3304	0.295230000000174
0.3305	0.276609999999891
0.3305	0.287780000000112
0.3305	0.268219999999928
0.3305	0.2496000000001
0.3305	0.242150000000038
0.3306	0.2496000000001
0.3306	0.259840000000167
0.3306	0.255180000000109
0.3307	0.271020000000135
0.3307	0.264500000000226
0.3307	0.264500000000226
0.3307	0.25612000000001
0.3308	0.241210000000137
0.3308	0.264500000000226
0.3308	0.268219999999928
0.3308	0.28870999999981
0.3309	0.306410000000142
0.3309	0.323170000000118
0.331	0.341800000000148
0.331	0.358560000000125
0.331	0.381840000000011
0.331	0.386500000000069
0.331	0.400470000000041
0.3311	0.404199999999946
0.3311	0.414440000000013
0.3311	0.416299999999865
0.3312	0.419100000000071
0.3312	0.417230000000018
0.3312	0.41350999999986
0.3312	0.419100000000071
0.3313	0.407920000000104
0.3313	0.381840000000011
0.3313	0.375320000000102
0.3314	0.369740000000093
0.3314	0.377190000000155
0.3314	0.376260000000002
0.3314	0.341800000000148
0.3314	0.321309999999812
0.3315	0.293369999999868
0.3315	0.277540000000045
0.3316	0.27381000000014
0.3316	0.278470000000198
0.3316	0.269150000000081
0.3316	0.283120000000054
0.3317	0.293369999999868
0.3317	0.295230000000174
0.3317	0.29244000000017
0.3317	0.284990000000107
0.3318	0.2821899999999
0.3318	0.286849999999959
0.3318	0.29244000000017
0.3319	0.298020000000179
0.3319	0.289639999999963
0.3319	0.309200000000146
0.332	0.333419999999933
0.332	0.363220000000183
0.332	0.383710000000065
0.332	0.39861000000019
0.3321	0.416299999999865
0.3321	0.422819999999774
0.3321	0.434000000000196
0.3321	0.441449999999804
0.3322	0.453559999999925
0.3322	0.454490000000078
0.3323	0.461940000000141
0.3323	0.463799999999992
0.3323	0.461009999999987
0.3323	0.457280000000083
0.3324	0.462869999999839
0.3324	0.473109999999906
0.3325	0.484289999999874
0.3325	0.489880000000085
0.3325	0.495469999999841
0.3325	0.470319999999901
0.3326	0.477769999999964
0.3326	0.476839999999811
0.3326	0.464730000000145
0.3326	0.451689999999871
0.3326	0.448899999999867
0.3327	0.446109999999862
0.3327	0.447970000000169
0.3327	0.438650000000052
0.3328	0.406989999999951
0.3328	0.400470000000041
0.3328	0.389299999999821
0.3329	0.375320000000102
0.3329	0.372530000000097
0.3329	0.373459999999795
0.333	0.365080000000034
0.333	0.363220000000183
0.333	0.372530000000097
0.3331	0.360419999999976
0.3331	0.367870000000039
0.3331	0.389299999999821
0.3331	0.403260000000046
0.3332	0.395809999999983
0.3332	0.369740000000093
0.3333	0.351110000000062
0.3333	0.335279999999784
0.3333	0.323170000000118
0.3333	0.324099999999817
0.3334	0.315720000000056
0.3334	0.330620000000181
0.3334	0.338999999999942
0.3335	0.339930000000095
0.3335	0.346450000000004
0.3335	0.341800000000148
0.3336	0.36229000000003
0.3336	0.35577000000012
0.3336	0.344590000000153
0.3336	0.301750000000084
0.3337	0.321309999999812
0.3337	0.296159999999873
0.3337	0.297090000000026
0.3338	0.301750000000084
0.3338	0.302679999999782
0.3338	0.289639999999963
0.3338	0.283120000000054
0.3339	0.289639999999963
0.3339	0.316650000000209
0.3339	0.302679999999782
0.334	0.313860000000204
0.334	0.298960000000079
0.334	0.302679999999782
0.3341	0.304540000000088
0.3341	0.295230000000174
0.3341	0.304540000000088
0.3342	0.31851000000006
0.3342	0.332480000000032
0.3342	0.320380000000114
0.3342	0.320380000000114
0.3343	0.314789999999903
0.3343	0.304540000000088
0.3343	0.306410000000142
0.3343	0.28870999999981
0.3344	0.284059999999954
0.3344	0.269150000000081
0.3344	0.259840000000167
0.3345	0.266360000000077
0.3345	0.264500000000226
0.3346	0.289639999999963
0.3346	0.305479999999989
0.3346	0.308269999999993
0.3346	0.329690000000028
0.3346	0.353900000000067
0.3347	0.374389999999948
0.3347	0.369740000000093
0.3348	0.381840000000011
0.3348	0.374389999999948
0.3349	0.366939999999886
0.3349	0.35577000000012
0.3349	0.33714000000009
0.335	0.338069999999789
0.335	0.327830000000176
0.335	0.330620000000181
0.335	0.321309999999812
0.3351	0.311999999999898
0.3351	0.315720000000056
0.3352	0.316650000000209
0.3352	0.333419999999933
0.3352	0.325960000000123
0.3352	0.325960000000123
0.3352	0.334350000000086
0.3353	0.341800000000148
0.3353	0.339930000000095
0.3353	0.313860000000204
0.3354	0.311059999999998
0.3354	0.302679999999782
0.3354	0.28870999999981
0.3355	0.265429999999924
0.3355	0.259840000000167
0.3355	0.262639999999919
0.3356	0.278470000000198
0.3356	0.297090000000026
0.3357	0.295230000000174
0.3357	0.293369999999868
0.3357	0.286849999999959
0.3358	0.293369999999868
0.3358	0.313860000000204
0.3358	0.322239999999965
0.3358	0.334350000000086
0.3359	0.335279999999784
0.3359	0.333419999999933
0.3359	0.341800000000148
0.336	0.346450000000004
0.336	0.349250000000211
0.336	0.356699999999819
0.3361	0.366010000000188
0.3361	0.386500000000069
0.3361	0.403260000000046
0.3362	0.407920000000104
0.3362	0.390229999999974
0.3362	0.397680000000037
0.3363	0.410710000000108
0.3363	0.420030000000224
0.3363	0.420030000000224
0.3364	0.419100000000071
0.3364	0.41350999999986
0.3365	0.408849999999802
0.3365	0.427479999999832
0.3365	0.426550000000134
0.3366	0.427479999999832
0.3366	0.430269999999837
0.3366	0.430269999999837
0.3367	0.435860000000048
0.3367	0.445169999999962
0.3367	0.452620000000024
0.3368	0.463799999999992
0.3368	0.467529999999897
0.3369	0.458209999999781
0.3369	0.454490000000078
0.337	0.44983000000002
0.337	0.455419999999776
0.337	0.475910000000113
0.3371	0.501060000000052
0.3371	0.515019999999822
0.3372	0.527129999999943
0.3372	0.51967999999988
0.3372	0.531790000000001
0.3373	0.525270000000091
0.3373	0.539240000000063
0.3373	0.548549999999977
0.3373	0.550409999999829
0.3373	0.545759999999973
0.3374	0.539240000000063
0.3374	0.537380000000212
0.3375	0.542969999999968
0.3375	0.543900000000122
0.3376	0.531790000000001
0.3376	0.535510000000158
0.3376	0.552279999999882
0.3377	0.542030000000068
0.3377	0.535510000000158
0.3377	0.522480000000087
0.3377	0.514090000000124
0.3377	0.497330000000147
0.3378	0.482430000000022
0.3378	0.471250000000055
0.3379	0.459139999999934
0.3379	0.453559999999925
0.338	0.448899999999867
0.338	0.430269999999837
0.338	0.409779999999955
0.3381	0.395809999999983
0.3381	0.401400000000194
0.3382	0.386500000000069
0.3382	0.364149999999881
0.3382	0.345519999999851
0.3383	0.344590000000153
0.3383	0.338999999999942
0.3384	0.334350000000086
0.3384	0.335279999999784
0.3384	0.333419999999933
0.3385	0.332480000000032
0.3385	0.349250000000211
0.3385	0.370669999999791
0.3385	0.384640000000218
0.3386	0.396749999999884
0.3386	0.411650000000009
0.3387	0.416299999999865
0.3387	0.422819999999774
0.3387	0.423749999999927
0.3387	0.425619999999981
0.3388	0.440520000000106
0.3388	0.419100000000071
0.3388	0.426550000000134
0.3389	0.405130000000099
0.3389	0.391160000000127
0.339	0.386500000000069
0.339	0.376260000000002
0.339	0.365080000000034
0.3391	0.372530000000097
0.3391	0.389299999999821
0.3391	0.410710000000108
0.3392	0.423749999999927
0.3392	0.439589999999953
0.3393	0.459139999999934
0.3393	0.489880000000085
0.3393	0.49360999999999
0.3394	0.496399999999994
0.3394	0.505709999999908
0.3394	0.523409999999785
0.3395	0.537380000000212
0.3395	0.537380000000212
0.3396	0.529930000000149
0.3396	0.507570000000214
0.3397	0.50478000000021
0.3397	0.485220000000027
0.3397	0.456349999999929
0.3398	0.440520000000106
0.3398	0.426550000000134
0.3398	0.425619999999981
0.3399	0.419100000000071
0.3399	0.423749999999927
0.34	0.420030000000224
0.34	0.415370000000166
0.34	0.433070000000043
0.3401	0.428409999999985
0.3401	0.433070000000043
0.3402	0.441449999999804
0.3402	0.453559999999925
0.3402	0.462869999999839
0.3403	0.463799999999992
0.3403	0.477769999999964
0.3404	0.475910000000113
0.3404	0.488019999999779
0.3404	0.500120000000152
0.3405	0.499189999999999
0.3405	0.488019999999779
0.3406	0.478700000000117
0.3406	0.484289999999874
0.3407	0.466589999999997
0.3407	0.457280000000083
0.3407	0.450760000000173
0.3408	0.463799999999992
0.3408	0.474040000000059
0.3409	0.481499999999869
0.3409	0.481499999999869
0.3409	0.473109999999906
0.3409	0.480570000000171
0.341	0.457280000000083
0.3411	0.440520000000106
0.3411	0.445169999999962
0.3412	0.440520000000106
0.3412	0.428409999999985
0.3412	0.429340000000138
0.3413	0.428409999999985
0.3413	0.409779999999955
0.3414	0.393019999999979
0.3414	0.377190000000155
0.3414	0.360419999999976
0.3415	0.351110000000062
0.3415	0.349250000000211
0.3415	0.349250000000211
0.3416	0.363220000000183
0.3416	0.381840000000011
0.3417	0.39861000000019
0.3417	0.402329999999893
0.3418	0.412580000000162
0.3418	0.414440000000013
0.3418	0.422819999999774
0.3419	0.419100000000071
0.3419	0.414440000000013
0.342	0.423749999999927
0.342	0.432130000000143
0.3421	0.440520000000106
0.3421	0.465659999999843
0.3422	0.494540000000143
0.3422	0.503850000000057
0.3422	0.513159999999971
0.3423	0.509439999999813
0.3423	0.507570000000214
0.3424	0.511300000000119
0.3424	0.517820000000029
0.3425	0.531790000000001
0.3425	0.515960000000177
0.3425	0.520610000000033
0.3426	0.524339999999938
0.3426	0.522480000000087
0.3427	0.522480000000087
0.3427	0.521540000000186
0.3428	0.529930000000149
0.3428	0.529930000000149
0.3428	0.534580000000005
0.3429	0.541099999999915
0.3429	0.539240000000063
0.343	0.53830999999991
0.343	0.509439999999813
0.3431	0.505709999999908
0.3431	0.505709999999908
0.3432	0.490809999999783
0.3432	0.433070000000043
0.3432	0.466589999999997
0.3433	0.444239999999809
0.3433	0.461940000000141
0.3434	0.471250000000055
0.3435	0.488019999999779
0.3435	0.512229999999818
0.3435	0.537380000000212
0.3435	0.561589999999796
0.3436	0.585810000000038
0.3437	0.604429999999866
0.3437	0.604429999999866
0.3437	0.605360000000019
0.3438	0.599769999999808
0.3439	0.607230000000072
0.3439	0.606290000000172
0.3439	0.607230000000072
0.344	0.602570000000014
0.344	0.604429999999866
0.3441	0.604429999999866
0.3441	0.598840000000109
0.3441	0.5932600000001
0.3442	0.58114999999998
0.3442	0.5932600000001
0.3443	0.607230000000072
0.3443	0.607230000000072
0.3444	0.595119999999952
0.3444	0.571840000000066
0.3444	0.560660000000098
0.3445	0.543900000000122
0.3446	0.545759999999973
0.3446	0.539240000000063
0.3447	0.520610000000033
0.3447	0.534580000000005
0.3447	0.529930000000149
0.3448	0.534580000000005
0.3448	0.530859999999848
0.3449	0.534580000000005
0.3449	0.549480000000131
0.345	0.552279999999882
0.345	0.550409999999829
0.345	0.55600000000004
0.3451	0.567180000000008
0.3451	0.573699999999917
0.3452	0.558799999999792
0.3452	0.559729999999945
0.3453	0.560660000000098
0.3453	0.55600000000004
0.3454	0.55600000000004
0.3454	0.558799999999792
0.3455	0.556930000000193
0.3455	0.549480000000131
0.3455	0.555069999999887
0.3456	0.550409999999829
0.3456	0.550409999999829
0.3457	0.539240000000063
0.3458	0.534580000000005
0.3458	0.539240000000063
0.3458	0.528989999999794
0.3459	0.539240000000063
0.346	0.542969999999968
0.346	0.540170000000217
0.346	0.531790000000001
0.3461	0.535510000000158
0.3461	0.531790000000001
0.3462	0.513159999999971
0.3462	0.495469999999841
0.3463	0.466589999999997
0.3463	0.475910000000113
0.3464	0.482430000000022
0.3464	0.503850000000057
0.3465	0.522480000000087
0.3465	0.539240000000063
0.3466	0.576489999999922
0.3466	0.577420000000075
0.3466	0.579290000000128
0.3467	0.582080000000133
0.3468	0.578359999999975
0.3468	0.57463000000007
0.3469	0.572770000000219
0.347	0.576489999999922
0.347	0.563450000000103
0.347	0.557870000000094
0.3471	0.553210000000036
0.3471	0.549480000000131
0.3471	0.552279999999882
0.3472	0.545759999999973
0.3473	0.539240000000063
0.3473	0.53830999999991
0.3474	0.531790000000001
0.3474	0.525270000000091
0.3474	0.520610000000033
0.3475	0.522480000000087
0.3476	0.515960000000177
0.3476	0.531790000000001
0.3476	0.539240000000063
0.3477	0.549480000000131
0.3478	0.542969999999968
0.3478	0.543900000000122
0.3479	0.564390000000003
0.3479	0.557870000000094
0.3479	0.554140000000189
0.348	0.555069999999887
0.348	0.529930000000149
0.3481	0.515960000000177
0.3481	0.506640000000061
0.3482	0.508510000000115
0.3482	0.497330000000147
0.3483	0.500120000000152
0.3484	0.501990000000205
0.3484	0.505709999999908
0.3485	0.505709999999908
0.3485	0.503850000000057
0.3485	0.508510000000115
0.3486	0.525270000000091
0.3487	0.541099999999915
0.3487	0.565320000000156
0.3488	0.584870000000137
0.3488	0.600710000000163
0.3489	0.609089999999924
0.3489	0.609089999999924
0.349	0.619329999999991
0.349	0.615609999999833
0.3491	0.604429999999866
0.3491	0.624920000000202
0.3492	0.63236999999981
0.3493	0.6258499999999
0.3493	0.6258499999999
0.3493	0.631440000000111
0.3494	0.628650000000107
0.3494	0.623990000000049
0.3495	0.609089999999924
0.3496	0.607230000000072
0.3496	0.58114999999998
0.3496	0.57463000000007
0.3497	0.554140000000189
0.3498	0.548549999999977
0.3498	0.550409999999829
0.3499	0.548549999999977
0.3499	0.556930000000193
0.35	0.546690000000126
0.35	0.550409999999829
0.3501	0.547619999999824
0.3502	0.541099999999915
0.3502	0.542030000000068
0.3503	0.550409999999829
0.3503	0.556930000000193
0.3504	0.56251999999995
0.3504	0.586740000000191
0.3505	0.607230000000072
0.3506	0.615609999999833
0.3506	0.616539999999986
0.3507	0.621200000000044
0.3507	0.621200000000044
0.3508	0.61373999999978
0.3509	0.611879999999928
0.3509	0.612810000000081
0.3509	0.61373999999978
0.351	0.606290000000172
0.351	0.604429999999866
0.3511	0.607230000000072
0.3512	0.605360000000019
0.3512	0.604429999999866
0.3513	0.610949999999775
0.3513	0.61373999999978
0.3514	0.621200000000044
0.3515	0.623059999999896
0.3515	0.627719999999954
0.3516	0.624920000000202
0.3516	0.637960000000021
0.3517	0.633299999999963
0.3517	0.633299999999963
0.3518	0.647269999999935
0.3519	0.641680000000179
0.3519	0.639819999999872
0.352	0.65099999999984
0.352	0.650070000000142
0.3521	0.655650000000151
0.3522	0.666830000000118
0.3522	0.667759999999817
0.3523	0.665899999999965
0.3523	0.661239999999907
0.3523	0.659380000000056
0.3525	0.672419999999875
0.3525	0.691980000000058
0.3526	0.681729999999789
0.3526	0.678939999999784
0.3527	0.66962999999987
0.3528	0.658449999999903
0.3528	0.639819999999872
0.3529	0.627719999999954
0.3529	0.637029999999868
0.353	0.633299999999963
0.353	0.630509999999958
0.3531	0.638890000000174
0.3532	0.663109999999961
0.3532	0.665899999999965
0.3533	0.678010000000086
0.3533	0.686389999999847
0.3534	0.698499999999967
0.3535	0.719920000000002
0.3536	0.73853999999983
0.3536	0.744130000000041
0.3536	0.745989999999892
0.3537	0.746920000000046
0.3538	0.769279999999981
0.3539	0.789760000000115
0.3539	0.813979999999901
0.354	0.832609999999931
0.354	0.856819999999971
0.3541	0.860549999999876
0.3542	0.843780000000152
0.3542	0.843780000000152
0.3543	0.856819999999971
0.3543	0.879170000000158
0.3544	0.894069999999829
0.3544	0.902459999999792
0.3545	0.900590000000193
0.3546	0.900590000000193
0.3546	0.886620000000221
0.3547	0.843780000000152
0.3548	0.843780000000152
0.3548	0.80560000000014
0.3549	0.799079999999776
0.3549	0.797219999999925
0.355	0.772069999999985
0.355	0.754379999999856
0.3551	0.726430000000164
0.3552	0.712469999999939
0.3553	0.703149999999823
0.3553	0.703149999999823
0.3554	0.700359999999819
0.3554	0.696629999999914
0.3555	0.715259999999944
0.3556	0.694770000000062
0.3557	0.703149999999823
0.3557	0.706880000000183
0.3558	0.702220000000125
0.3558	0.688250000000153
0.3559	0.656590000000051
0.356	0.658449999999903
0.356	0.64447999999993
0.3561	0.651929999999993
0.3561	0.640750000000025
0.3562	0.64447999999993
0.3563	0.679869999999937
0.3563	0.698499999999967
0.3564	0.695700000000215
0.3565	0.698499999999967
0.3565	0.710599999999886
0.3567	0.735749999999825
0.3567	0.749719999999797
0.3567	0.759030000000166
0.3568	0.752509999999802
0.3569	0.761829999999918
0.3569	0.765550000000076
0.357	0.762760000000071
0.3571	0.745989999999892
0.3572	0.720850000000155
0.3572	0.707809999999881
0.3573	0.673350000000028
0.3573	0.653789999999844
0.3574	0.642620000000079
0.3575	0.641680000000179
0.3575	0.627719999999954
0.3576	0.616539999999986
0.3576	0.639819999999872
0.3577	0.642620000000079
0.3578	0.64447999999993
0.3578	0.617470000000139
0.3579	0.619329999999991
0.3579	0.626780000000053
0.358	0.626780000000053
0.3581	0.635170000000016
0.3581	0.619329999999991
0.3582	0.623059999999896
0.3583	0.63610000000017
0.3583	0.653789999999844
0.3584	0.649139999999989
0.3585	0.634230000000116
0.3585	0.64447999999993
0.3586	0.661239999999907
0.3587	0.665899999999965
0.3588	0.679869999999937
0.3588	0.698499999999967
0.3589	0.722710000000006
0.359	0.746920000000046
0.359	0.752509999999802
0.3591	0.75716999999986
0.3592	0.777660000000196
0.3592	0.788829999999962
0.3593	0.803730000000087
0.3594	0.811189999999897
0.3594	0.821429999999964
0.3595	0.830739999999878
0.3596	0.841919999999845
0.3597	0.862410000000182
0.3597	0.86333999999988
0.3598	0.858679999999822
0.3599	0.841919999999845
0.36	0.843780000000152
0.3601	0.843780000000152
0.3601	0.831670000000031
0.3602	0.850300000000061
0.3602	0.843780000000152
0.3603	0.835399999999936
0.3604	0.833540000000085
0.3604	0.84470999999985
0.3605	0.866129999999885
0.3606	0.89966000000004
0.3606	0.909909999999854
0.3608	0.927599999999984
0.3609	0.941569999999956
0.3609	0.939710000000105
0.361	0.91829000000007
0.361	0.913630000000012
0.3611	0.900590000000193
0.3612	0.876380000000154
0.3613	0.861480000000029
0.3613	0.843780000000152
0.3614	0.837259999999787
0.3615	0.82981000000018
0.3616	0.840990000000147
0.3617	0.823289999999815
0.3617	0.825150000000122
0.3618	0.825150000000122
0.3618	0.839129999999841
0.3619	0.837259999999787
0.362	0.835399999999936
0.3621	0.824219999999968
0.3622	0.826090000000022
0.3623	0.837259999999787
0.3624	0.840059999999994
0.3624	0.84470999999985
0.3624	0.846579999999904
0.3626	0.852159999999913
0.3626	0.841919999999845
0.3627	0.834469999999783
0.3628	0.837259999999787
0.3628	0.832609999999931
0.3629	0.813050000000203
0.363	0.807459999999992
0.3631	0.794420000000173
0.3631	0.814910000000054
0.3633	0.841919999999845
0.3633	0.875450000000001
0.3634	0.909909999999854
0.3635	0.939710000000105
0.3636	0.936909999999898
0.3636	0.930389999999989
0.3637	0.928530000000137
0.3638	0.921080000000075
0.3639	0.921080000000075
0.3639	0.936909999999898
0.364	0.944370000000163
0.3641	0.942500000000109
0.3642	0.944370000000163
0.3643	0.954609999999775
0.3644	0.960199999999986
0.3644	0.968580000000202
0.3645	0.979760000000169
0.3646	0.959269999999833
0.3646	0.962059999999838
0.3647	0.959269999999833
0.3649	0.956479999999829
0.3649	0.956479999999829
0.365	0.944370000000163
0.365	0.928530000000137
0.3652	0.897800000000188
0.3653	0.891279999999824
0.3653	0.871720000000096
0.3654	0.86985999999979
0.3655	0.86333999999988
0.3656	0.851230000000214
0.3656	0.840990000000147
0.3657	0.835399999999936
0.3658	0.839129999999841
0.3659	0.839129999999841
0.366	0.843780000000152
0.3661	0.860549999999876
0.3662	0.862410000000182
0.3662	0.867069999999785
0.3663	0.874519999999848
0.3664	0.887549999999919
0.3665	0.898729999999887
0.3666	0.916420000000016
0.3666	0.927599999999984
0.3667	0.914560000000165
0.3668	0.895939999999882
0.3669	0.857750000000124
0.367	0.837259999999787
0.367	0.820499999999811
0.3671	0.804669999999987
0.3672	0.797219999999925
0.3673	0.806529999999839
0.3674	0.827949999999873
0.3675	0.817709999999806
0.3675	0.825150000000122
0.3676	0.82981000000018
0.3677	0.846579999999904
0.3678	0.84470999999985
0.3679	0.843780000000152
0.3679	0.83818999999994
0.368	0.855889999999818
0.3682	0.886620000000221
0.3682	0.910840000000007
0.3683	0.931329999999889
0.3684	0.939710000000105
0.3684	0.953680000000077
0.3686	0.961130000000139
0.3686	0.949020000000019
0.3687	0.95087999999987
0.3688	0.930389999999989
0.3689	0.930389999999989
0.369	0.937849999999798
0.3691	0.940639999999803
0.3692	0.949950000000172
0.3693	0.936909999999898
0.3693	0.939710000000105
0.3694	0.931329999999889
0.3695	0.925740000000133
0.3696	0.9359800000002
0.3697	0.930389999999989
0.3698	0.939710000000105
0.3699	0.95087999999987
0.3699	0.966719999999896
0.3701	0.97602999999981
0.3701	0.980689999999868
0.3702	0.983479999999872
0.3703	0.987209999999777
0.3704	1.00583999999981
0.3705	1.00770000000011
0.3706	1.00583999999981
0.3707	1.01049000000012
0.3708	1.03564000000006
0.3709	1.03378000000021
0.3709	1.02073999999993
0.371	1.03378000000021
0.3711	1.03749999999991
0.3712	1.03657000000021
0.3713	1.04401999999982
0.3714	1.04680999999982
0.3714	1.04680999999982
0.3715	1.04309000000012
0.3716	1.03378000000021
0.3718	1.03191000000015
0.3719	1.02446000000009
0.3719	1.00862999999981
0.372	0.998379999999997
0.3721	1.00770000000011
0.3722	0.992799999999988
0.3723	0.996520000000146
0.3724	1.00304000000006
0.3726	1.00676999999996
0.3727	1.01141999999982
0.3728	1.00397000000021
0.3728	1.01980999999978
0.3729	1.02446000000009
0.373	1.02631999999994
0.3731	1.03191000000015
0.3733	1.03564000000006
0.3733	1.03749999999991
0.3735	1.04401999999982
0.3736	1.04122999999981
0.3737	1.03749999999991
0.3738	1.03843000000006
0.3739	1.02819
0.374	1.01794000000018
0.3741	1.00862999999981
0.3742	1.0021099999999
0.3743	0.999319999999898
0.3744	1.00770000000011
0.3745	1.02259999999978
0.3746	1.02259999999978
0.3747	1.02538999999979
0.3748	1.03004999999985
0.3749	1.03843000000006
0.375	1.04401999999982
0.3751	1.03936000000022
0.3752	1.04028999999991
0.3753	1.04122999999981
0.3754	1.03936000000022
0.3755	1.03749999999991
0.3756	1.03749999999991
0.3757	1.03749999999991
0.3758	1.04122999999981
0.3759	1.05706000000009
0.376	1.0598500000001
0.3761	1.07382000000007
0.3762	1.10082999999986
0.3763	1.10735000000022
0.3764	1.10361999999986
0.3765	1.09151999999995
0.3766	1.08593000000019
0.3767	1.08219999999983
0.3767	1.08219999999983
0.3769	1.07103000000006
0.377	1.06637000000001
0.3771	1.07848000000013
0.3772	1.08593000000019
0.3773	1.10269000000017
0.3774	1.10269000000017
0.3776	1.10176000000001
0.3777	1.10921000000008
0.3778	1.10361999999986
0.3779	1.09430999999995
0.378	1.08219999999983
0.3781	1.07661999999982
0.3782	1.07754999999997
0.3783	1.07940999999983
0.3784	1.10642000000007
0.3785	1.1250399999999
0.3787	1.14460000000008
0.3788	1.15205000000014
0.3789	1.15111999999999
0.379	1.16789000000017
0.3791	1.18836999999985
0.3792	1.21444999999994
0.3793	1.23122000000012
0.3794	1.24053000000004
0.3795	1.25264000000016
0.3796	1.26101999999992
0.3797	1.26753999999983
0.3799	1.25822000000016
0.38	1.27313000000004
0.3801	1.26846999999998
0.3802	1.26380999999992
0.3803	1.26661000000013
0.3804	1.26940000000013
0.3806	1.26940000000013
0.3807	1.26101999999992
0.3807	1.27592000000004
0.3809	1.27777999999989
0.381	1.2842999999998
0.3811	1.28895999999986
0.3813	1.29640999999992
0.3813	1.3094500000002
0.3814	1.3094500000002
0.3815	1.3131699999999
0.3816	1.29734000000008
0.3817	1.28989000000001
0.3818	1.29734000000008
0.382	1.3131699999999
0.3821	1.32434999999987
0.3822	1.31503000000021
0.3823	1.32713999999987
0.3825	1.32249000000002
0.3826	1.33645999999999
0.3827	1.33365999999978
0.3828	1.32713999999987
0.3828	1.31503000000021
0.383	1.29734000000008
0.3831	1.28522999999996
0.3832	1.2768500000002
0.3834	1.27032999999983
0.3835	1.26009000000022
0.3836	1.2507700000001
0.3837	1.26566999999977
0.3838	1.27313000000004
0.3839	1.28522999999996
0.384	1.29640999999992
0.3841	1.30292999999983
0.3843	1.3094500000002
0.3845	1.30479000000014
0.3846	1.30200000000013
0.3847	1.2805800000001
0.3848	1.29082000000017
0.385	1.29455000000007
0.385	1.30479000000014
0.3852	1.31782999999996
0.3853	1.32807000000003
0.3854	1.35507999999982
0.3856	1.36252999999988
0.3857	1.37836000000016
0.3858	1.36812000000009
0.386	1.37370999999985
0.3861	1.37464
0.3862	1.36067000000003
0.3863	1.36439000000019
0.3864	1.36812000000009
0.3866	1.35881000000018
0.3867	1.3457699999999
0.3868	1.34297000000015
0.387	1.33458999999993
0.3871	1.32434999999987
0.3872	1.33179999999993
0.3873	1.33273000000008
0.3874	1.34763000000021
0.3875	1.34110999999984
0.3877	1.32713999999987
0.3878	1.32713999999987
0.3879	1.32342000000017
0.3881	1.33273000000008
0.3882	1.32249000000002
0.3883	1.32994000000008
0.3884	1.33924999999999
0.3885	1.33645999999999
0.3887	1.33552000000009
0.3888	1.32713999999987
0.3889	1.30758000000014
0.3891	1.30571999999984
0.3892	1.30013000000008
0.3893	1.2833700000001
0.3895	1.28522999999996
0.3896	1.29361000000017
0.3897	1.27777999999989
0.3898	1.28522999999996
0.39	1.28243999999995
0.3901	1.29640999999992
0.3902	1.29268000000002
0.3904	1.29455000000007
0.3905	1.30758000000014
0.3906	1.29640999999992
0.3907	1.29919999999993
0.3909	1.31782999999996
0.391	1.34391000000005
0.3911	1.37370999999985
0.3912	1.39512999999988
0.3914	1.41096000000016
0.3916	1.40724
0.3917	1.41003000000001
0.3918	1.40724
0.392	1.40072000000009
0.3921	1.37836000000016
0.3923	1.35321999999996
0.3924	1.33645999999999
0.3925	1.32713999999987
0.3927	1.32342000000017
0.3928	1.32713999999987
0.393	1.34110999999984
0.3931	1.35228999999981
0.3932	1.37184999999999
0.3934	1.39327000000003
0.3936	1.40536999999995
0.3936	1.42214000000013
0.3938	1.43330999999989
0.3939	1.43796999999995
0.3941	1.43796999999995
0.3942	1.45101000000022
0.3943	1.46590999999989
0.3944	1.46405000000004
0.3946	1.4677700000002
0.3948	1.4724299999998
0.395	1.47895000000017
0.3951	1.51805999999988
0.3952	1.51341000000002
0.3954	1.52178999999978
0.3955	1.52271999999994
0.3957	1.52178999999978
0.3958	1.53110000000015
0.396	1.51620000000003
0.396	1.53576000000021
0.3962	1.52923999999985
0.3964	1.55810999999994
0.3965	1.58604999999989
0.3967	1.60374000000002
0.3968	1.62051000000019
0.3969	1.61677999999984
0.397	1.6251699999998
0.3972	1.63634000000002
0.3973	1.6540399999999
0.3975	1.67173000000003
0.3976	1.67918000000009
0.3978	1.67173000000003
0.398	1.68103999999994
0.3981	1.67173000000003
0.3982	1.6605599999998
0.3984	1.65030999999999
0.3985	1.64845000000014
0.3987	1.66334999999981
0.3988	1.68010999999979
0.399	1.69221999999991
0.3991	1.70339999999987
0.3992	1.70712000000003
0.3994	1.72109
0.3995	1.71178000000009
0.3997	1.71457000000009
0.3998	1.72947000000022
0.4	1.70433000000003
0.4001	1.71363999999994
0.4003	1.70339999999987
0.4004	1.70245999999997
0.4006	1.70805000000018
0.4007	1.73878999999988
0.4008	1.73412999999982
0.401	1.75275999999985
0.4012	1.76020999999992
0.4013	1.76486000000023
0.4014	1.77790000000005
0.4016	1.76393000000007
0.4017	1.78722000000016
0.4019	1.78441999999995
0.402	1.79187000000002
0.4022	1.80304999999998
0.4023	1.78722000000016
0.4025	1.80398000000014
0.4026	1.79372999999987
0.4028	1.81329000000005
0.403	1.82540000000017
0.4031	1.8123599999999
0.4032	1.82166999999981
0.4034	1.8114300000002
0.4035	1.82911999999988
0.4037	1.82911999999988
0.4038	1.81980999999996
0.404	1.83658000000014
0.4041	1.8151499999999
0.4042	1.82074000000011
0.4044	1.80769999999984
0.4045	1.79838999999993
0.4047	1.80583999999999
0.4048	1.7797599999999
0.405	1.79280000000017
0.4052	1.79559999999992
0.4054	1.8123599999999
0.4055	1.84123
0.4056	1.84774999999991
0.4058	1.88500000000022
0.4059	1.88686999999982
0.4061	1.9054900000001
0.4062	1.93251000000009
0.4064	1.93903
0.4066	1.96975999999995
0.4067	1.96975999999995
0.4069	1.98466000000008
0.407	1.99398000000019
0.4072	1.99303999999984
0.4073	2.00795000000016
0.4075	2.0014299999998
0.4077	2.02097999999978
0.4078	2.02844000000005
0.408	2.03681999999981
0.4081	2.0656899999999
0.4083	2.05731000000014
0.4085	2.08152000000018
0.4086	2.08896999999979
0.4087	2.08710999999994
0.4089	2.09549000000015
0.4091	2.08431000000019
0.4092	2.10386999999992
0.4094	2.10852999999997
0.4096	2.11970000000019
0.4097	2.13646999999992
0.4098	2.13367000000017
0.41	2.17093000000023
0.4102	2.17371999999978
0.4103	2.19048999999995
0.4105	2.20445999999993
0.4106	2.19700000000012
0.4108	2.21376999999984
0.411	2.19700000000012
0.4111	2.19979999999987
0.4113	2.19513999999981
0.4115	2.16440999999986
0.4116	2.16719999999987
0.4117	2.14391999999998
0.4119	2.16255000000001
0.4121	2.17000000000007
0.4122	2.17185999999992
0.4124	2.20166000000017
0.4126	2.19513999999981
0.4127	2.21655999999984
0.4129	2.21842000000015
0.413	2.2212199999999
0.4132	2.23891000000003
0.4135	2.22681000000011
0.4136	2.24357000000009
0.4138	2.23797999999988
0.4139	2.23984999999993
0.4142	2.25568000000021
0.4143	2.24542999999994
0.4145	2.27244000000019
0.4147	2.26965000000018
0.4149	2.2798899999998
0.4151	2.29759000000013
0.4153	2.29199999999992
0.4154	2.3124899999998
0.4156	2.30223999999998
0.4158	2.3152799999998
0.416	2.32832000000008
0.4162	2.31993999999986
0.4164	2.33298000000013
0.4167	2.31901000000016
0.4168	2.32738999999992
0.417	2.33111000000008
0.4173	2.32366000000002
0.4174	2.34508000000005
0.4177	2.33111000000008
0.4178	2.35905000000002
0.418	2.37208999999984
0.4183	2.38234000000011
0.4184	2.41307000000006
0.4186	2.40841
0.4188	2.44660000000022
0.419	2.46243000000004
0.4192	2.48385000000007
0.4193	2.52203999999983
0.4195	2.52575999999999
0.4197	2.54997999999978
0.4199	2.54066000000012
0.4201	2.54439000000002
0.4202	2.55835999999999
0.4204	2.54903999999988
0.4206	2.57511999999997
0.4207	2.57511999999997
0.4209	2.58815999999979
0.4211	2.60586000000012
0.4212	2.61236999999983
0.4214	2.64870000000019
0.4216	2.65241999999989
0.4218	2.67849999999999
0.4219	2.69340000000011
0.422	2.6915399999998
0.4223	2.70643999999993
0.4224	2.69340000000011
0.4226	2.71016000000009
0.4227	2.70922999999993
0.4229	2.70458000000008
0.4231	2.72319999999991
0.4232	2.71295999999984
0.4233	2.73810000000003
0.4236	2.75113999999985
0.4237	2.76231999999982
0.4238	2.79584000000023
0.4241	2.79863999999998
0.4242	2.84520999999995
0.4244	2.86475999999993
0.4245	2.88711000000012
0.4247	2.91132999999991
0.425	2.90295000000015
0.4251	2.92437000000018
0.4253	2.91692000000012
0.4254	2.92716000000019
0.4256	2.9402
0.4259	2.93368000000009
0.426	2.95044000000007
0.4262	2.93834000000015
0.4264	2.95695999999998
0.4266	2.9690700000001
0.4268	2.97652000000016
0.427	3.00446000000011
0.4272	2.9988699999999
0.4274	3.02867999999989
0.4275	3.04264999999987
0.4278	3.04637000000002
0.428	3.06779000000006
0.4282	3.04730000000018
0.4284	3.07337999999982
0.4286	3.08642000000009
0.4289	3.11248999999998
0.4291	3.15160999999989
0.4292	3.15905999999995
0.4295	3.18233999999984
0.4297	3.17675999999983
0.4299	3.1897899999999
0.4301	3.20562999999993
0.4303	3.19165999999996
0.4306	3.2223899999999
0.4308	3.21680000000015
0.431	3.22983999999997
0.4313	3.24380999999994
0.4315	3.23914999999988
0.4318	3.27640999999994
0.432	3.28292999999985
0.4322	3.31458999999995
0.4326	3.33507999999983
0.4327	3.3453300000001
0.433	3.38072000000011
0.4332	3.38351000000011
0.4335	3.41796999999997
0.4561	4.76839999999993
0.4567	4.76839999999993
0.4573	4.76839999999993
0.458	4.76839999999993
0.4586	5.72208000000001
0.4593	5.72208000000001
0.4599	5.72208000000001
0.4605	5.72208000000001
0.4611	5.72208000000001
0.4618	5.72208000000001
0.4625	5.72208000000001
0.4633	5.72208000000001
0.4642	5.72208000000001
0.4654	5.72208000000001
0.4667	5.72208000000001
0.4674	5.72208000000001
0.4676	5.72208000000001
0.468	5.72208000000001
0.4685	5.72208000000001
0.469	5.72208000000001
0.4694	5.72208000000001
0.4699	5.72208000000001
0.4704	5.72208000000001
0.471	5.72208000000001
0.4715	5.72208000000001
0.472	6.67574999999988
0.4727	6.67574999999988
0.4732	6.67574999999988
0.4738	6.67574999999988
0.4744	6.67574999999988
0.4749	6.67574999999988
0.4755	6.67574999999988
0.4761	6.67574999999988
0.4767	6.67574999999988
0.4773	6.67574999999988
0.4778	7.62944999999991
0.4783	7.62944999999991
0.4788	7.62944999999991
0.4794	7.62944999999991
0.48	7.62944999999991
0.4805	7.62944999999991
0.4811	7.62944999999991
0.4818	8.58312999999998
0.4823	8.58312999999998
0.4829	8.58312999999998
0.4835	8.58312999999998
0.4841	8.58312999999998
0.4847	8.58312999999998
0.4852	8.58312999999998
0.4858	8.58312999999998
0.4865	8.58312999999998
0.4871	8.58312999999998
0.4878	8.58312999999998
0.4884	8.58312999999998
0.4891	9.53679999999986
0.4898	9.53679999999986
0.4905	9.53679999999986
0.4914	9.53679999999986
0.4921	9.53679999999986
0.493	9.53679999999986
0.4938	10.4904999999999
0.4947	10.4904999999999
0.4956	10.4904999999999
0.4964	10.4904999999999
0.4971	10.4904999999999
0.4977	10.4904999999999
0.4984	10.4904999999999
0.4993	10.4904999999999
0.5002	10.4904999999999
0.5011	11.4441999999999
0.5021	11.4441999999999
0.503	11.4441999999999
0.5039	11.4441999999999
0.5046	12.3978000000002
0.5054	12.3978000000002
0.5061	12.3978000000002
0.5067	12.3978000000002
0.5074	12.3978000000002
0.5082	12.3978000000002
0.5091	12.3978000000002
0.51	13.3515000000002
0.5108	13.3515000000002
0.5117	13.3515000000002
0.5126	14.3051999999998
0.5136	14.3051999999998
0.5146	14.3051999999998
0.5157	15.2588999999998
0.5169	15.2588999999998
0.5181	15.2588999999998
0.5192	15.2588999999998
0.5205	15.2588999999998
0.5215	16.2125999999998
0.5224	16.2125999999998
0.5234	16.2125999999998
0.5243	17.1662999999999
0.5254	17.1662999999999
0.5263	17.1662999999999
0.5273	17.1662999999999
0.5283	17.1662999999999
0.5294	18.1199000000001
0.5305	18.1199000000001
0.5317	19.0736000000002
0.533	19.0736000000002
0.5341	19.0736000000002
0.5351	19.0736000000002
0.5361	19.0736000000002
0.5371	20.0273000000002
0.5381	20.9810000000002
0.5393	20.9810000000002
0.5404	21.9346
0.5416	21.9346
0.5426	21.9346
0.5438	21.9346
0.5452	22.8883000000001
0.5466	23.8420000000001
0.548	23.8420000000001
0.5493	23.8420000000001
0.5505	23.8420000000001
0.5517	24.7955999999999
0.5527	24.7955999999999
0.5537	25.7492999999999
0.5547	25.7492999999999
0.5559	26.703
0.5571	26.703
0.5583	27.6567
0.5596	28.6102999999998
0.561	28.6102999999998
0.5624	28.6102999999998
0.564	29.5639999999999
0.5655	30.5178000000001
0.567	30.5178000000001
0.5686	31.4715000000001
0.57	32.4252000000001
0.5714	32.4252000000001
0.5729	32.4252000000001
0.5744	33.3788
0.576	34.3325
0.5774	35.2862
0.5786	35.2862
0.5799	36.2399
0.5812	37.1934999999999
0.5826	37.1934999999999
0.5841	38.1471999999999
0.5856	39.1008999999999
0.5871	39.1008999999999
0.5885	40.0545999999999
0.5901	41.0082000000002
0.5917	41.9618999999998
0.5932	42.9155999999998
0.5947	43.8692999999998
0.5961	43.8692999999998
0.5975	44.8229000000001
0.5989	45.7766000000001
0.6001	46.7303000000002
0.6014	48.6376
0.6027	48.6376
0.6043	50.5450000000001
0.6062	50.5450000000001
0.6082	52.4522999999999
0.61	52.4522999999999
0.6117	54.3597
0.6133	55.3132999999998
0.615	56.2669999999998
0.6167	57.2206999999999
0.6185	59.1280000000002
0.6203	60.0817000000002
0.6221	61.9893000000002
0.6242	63.8966
0.6261	64.8503000000001
0.628	65.8040000000001
0.6299	67.7112999999999
0.6316	69.6187
0.6332	70.5724
0.6349	72.4796999999999
0.6368	74.3870999999999
0.6388	77.2480999999998
0.641	79.1554000000001
0.6433	81.0628000000002
0.6454	82.9701
0.6475	84.8775000000001
0.6497	87.7384999999999
0.6519	89.6459
0.6542	92.5068999999999
0.6562	94.4142000000002
0.6586	97.2752
0.6609	100.136
0.6632	102.997
0.6655	105.858
0.6674	109.673
0.6697	112.534
0.6719	117.302
0.6738	121.117
0.6754	124.932
0.677	129.701
0.679	134.469
0.6811	139.237
0.683	144.959
0.6853	150.681
0.6878	156.404
0.6904	164.033
0.693	171.662
0.6955	179.292
0.698	187.875
0.7005	196.458
0.7034	205.995
0.7063	216.485
0.7091	227.929
0.7117	240.327
0.714	254.633
0.7162	268.938
0.7187	285.15
0.7211	302.317
0.7236	320.436
0.7262	341.417
0.7289	364.305
0.7316	389.101
0.7341	415.804
0.7367	445.368
0.7395	477.793
0.7422	513.081
0.7451	552.181
0.7478	595.096
0.7505	641.827
0.7531	692.371
0.7554	747.684
0.7576	808.72
0.7601	875.477
0.7629	947.956
0.7658	1027.11
0.769	1113.9
0.7725	1207.36
0.7749	1315.12
0.7771	1425.75
0.7798	1545.91
0.783	1674.66
0.7862	1813.9
0.7894	1963.63
0.7924	2122.89
0.7956	2291.69
0.7989	2484.34
0.8021	2675.07
0.8057	2878.2
0.8084	3089.92
0.8108	3313.08
0.8134	3545.78
0.816	3788.96
0.8189	4036.93
0.8216	4295.38
0.8244	4556.69
0.8277	4823.71
0.8306	5089.79
0.8337	5359.68
0.8366	5624.8
0.8398	5892.78
0.843	6152.18
0.846	6411.58
0.849	6663.35
0.852	6909.4
0.8554	7148.77
0.8588	7381.47
0.862	7601.77
0.865	7817.33
0.8683	8023.32
0.8713	8223.59
0.8745	8413.37
0.8782	8597.43
0.8817	8769.09
0.8854	8935.03
0.8893	9091.44
0.8922	9248.79
0.8955	9394.71
0.8991	9538.71
0.9027	9671.27
0.9063	9796.2
0.9093	9917.32
0.9122	10033.7
0.9152	10147.2
0.9184	10256.8
0.9218	10364.6
0.9251	12628.8790460946
0.9282	12749.7792123777
0.9313	12865.973683566
0.9344	12981.0822251169
0.9376	13091.485071573
0.9413	13199.7160587546
0.945	13302.0347623555
0.9486	13403.3881951677
0.9518	13500.035932885
0.9556	13594.3911524792
0.9592	13684.1613358271
0.9625	13772.7249306892
0.9662	13856.703489305
0.9696	13939.5961182835
0.9732	14017.7830521672
0.9767	14096.0906448995
0.9803	14170.8991310227
0.9841	14243.2944401743
0.9877	14313.5178900513
0.9915	14382.5347514425
0.9952	14448.1731650732
0.9988	14512.6049902181
1.0023	14575.9508857257
1.006	14636.8836042616
1.0099	14696.7303931602
1.014	14755.370593573
1.0177	14811.8389347112
1.0214	14866.980028515
1.0257	14921.15585153
1.0301	14972.9184975734
1.0343	15023.4745551309
1.0379	15074.151271537
1.0416	15121.3288813341
1.045	15169.5924207685
1.0483	15215.6841009283
1.0522	15261.6551222395
1.056	15306.5402139135
1.0795	16001.553139561
1.0828	16038.3094873257
1.0863	16076.1834267455
1.0903	16111.6980060046
1.0936	16147.2125852638
1.0973	16181.609572868
1.1011	16213.523023461
1.1049	16245.5606509046
1.1088	16276.3565098426
1.112	16307.1523687806
1.1151	16336.706459213
1.1189	16366.2605496455
1.1222	16393.5794567679
1.1257	16420.7741870398
1.1287	16447.9689173117
1.132	16472.9284642735
1.1355	16499.0056028904
1.1387	16523.8409730017
1.1417	16547.5587514579
1.1447	16572.3941215693
1.1481	16593.6283630144
1.1515	16617.3461414707
1.1553	16639.8221514214
1.1586	16659.9388012116
1.1617	16680.1796278523
1.1647	16699.0545091369
1.1674	16718.053567272
1.1708	16736.9284485566
1.1734	16755.9275066918
1.176	16772.4430278158
1.1788	16789.0827257904
1.1814	16805.7224237649
1.1842	16820.9961763834
1.1871	16836.3941058524
1.1898	16850.6744436664
1.1925	16864.8306046298
1.1951	16877.8691739382
1.1975	16890.9077432467
1.2003	16903.9463125551
1.2031	16915.743113358
1.2065	16927.6640910114
1.2096	16938.3433001593
1.2131	16948.8983324566
1.2163	16959.5775416044
1.2191	16969.1391590973
1.222	16978.5765997396
1.2243	16988.0140403819
1.2255	16998.6932495297
1.2263	17008.130690172
1.227	17017.6923076649
1.2294	17028.2473399622
1.232	17037.808957455
1.2337	17048.4881666029
1.2352	17059.0431989002
1.2374	17068.6048163931
1.2393	17079.2840255409
1.2412	17088.7214661832
1.2437	17099.4006753311
1.2462	17108.8381159733
1.2488	17118.2755566156
1.2511	17127.8371741085
1.2536	17136.0328462452
1.2561	17145.5944637381
1.2582	17153.7901358748
1.2606	17162.1099848621
1.2629	17170.4298338494
1.2645	17179.8672744917
1.2661	17188.1871234789
1.2687	17195.2652039606
1.2703	17204.702644603
1.2728	17211.9049019352
1.2748	17220.100574072
1.2771	17227.3028314042
1.2791	17235.498503541
1.2807	17242.7007608732
1.2825	17249.778841355
1.2843	17256.8569218367
1.286	17263.9350023184
1.288	17271.0130828001
1.2895	17278.2153401324
1.2914	17285.2934206141
1.2933	17292.3715010958
1.2949	17298.3319899226
1.2967	17305.4100704043
1.2985	17311.370559231
1.3007	17318.4486397127
1.3025	17324.4091285394
1.3043	17331.4872090211
1.3059	17336.2059293423
1.3085	17342.166418169
1.3106	17348.0027301452
1.3126	17352.7214504663
1.3141	17358.681939293
1.3163	17363.4006596141
1.3181	17367.0017882803
1.3197	17371.7205086014
1.3213	17375.3216372676
1.3227	17378.7985890832
1.3242	17383.5173094043
1.3256	17386.0008464154
1.327	17389.477798231
1.3283	17391.8371583916
1.3297	17394.1965185522
1.3325	17521.7751668373
1.3336	17523.0256146668
1.3349	17524.1510177135
1.3361	17526.5268685896
1.3372	17527.7773164192
1.3384	17528.9027194657
1.339	17530.1531672953
1.3398	17532.5290181714
1.3398	17531.2785703419
1.3399	17532.5290181714
1.3405	17533.654421218
1.3407	17534.9048690476
1.3409	17537.2807199237
1.3409	17536.0302720942
1.3415	17538.4061229703
1.3416	17538.4061229703
1.3419	17539.6565707999
1.342	17580.1710804775
1.3421	17540.9070186295
1.3427	17543.2828695056
1.3427	17542.0324216761
1.3429	17543.2828695056
1.343	17545.6587203818
1.3434	17546.7841234284
1.3436	17546.7841234284
1.3437	17548.0345712579
1.3441	17549.1599743045
1.3444	17550.4104221341
1.3446	17551.5358251807
1.3448	17552.7862730102
1.3451	17553.9116760568
1.3455	17555.1621238864
1.3459	17556.4125717159
1.3461	17557.5379747625
1.3462	17557.5379747625
1.3467	17559.9138256387
1.3473	17561.1642734682
1.3475	17559.9138256387
1.3477	17562.2896765148
1.3479	17563.5401243444
1.348	17564.665527391
1.3483	17579.0456774309
1.3483	17565.9159752205
1.3485	17567.0413782671
1.3489	17568.2918260967
1.3494	17568.2918260967
1.3496	17569.4172291433
1.3499	17571.9181248024
1.3501	17577.7952296013
1.3502	17571.9181248024
1.3506	17574.2939756785
1.3506	17573.043527849
1.3507	17575.4193787251
1.351	17576.6698265547
1.3526	17580.1710804775
1.3528	17582.5469313536
1.3535	17584.9227822298
1.3535	17582.5469313536
1.3539	17584.9227822298
1.3543	17586.1732300593
1.3543	17588.5490809355
1.3549	17588.5490809355
1.3551	17590.9249318116
1.3551	17590.9249318116
1.3554	17592.1753796412
1.3558	17593.3007826878
1.3564	17594.5512305173
1.3564	17595.6766335639
1.3567	17596.9270813935
1.3572	17599.3029322696
1.3577	17599.3029322696
1.3579	17601.6787831458
1.3585	17601.6787831458
1.359	17604.0546340219
1.3593	17604.0546340219
1.3596	17606.4304848981
1.3599	17607.6809327276
1.3604	17608.8063357742
1.3607	17611.1821866504
1.361	17610.0567836038
1.3613	17612.4326344799
1.3618	17613.5580375265
1.3621	17615.9338884027
1.3628	17615.9338884027
1.3631	17618.3097392788
1.3632	17618.3097392788
1.3635	17620.8106349379
1.3638	17623.1864858141
1.3639	17620.8106349379
1.3643	17624.3118888607
1.3647	17625.5623366902
1.3651	17626.6877397368
1.3652	17627.9381875664
1.366	17629.063590613
1.3665	17631.4394414891
1.367	17632.6898893187
1.3674	17633.8152923653
1.3679	17635.0657401949
1.3679	17636.1911432414
1.3682	17637.441591071
1.3685	17638.6920389006
1.3692	17641.0678897767
1.3695	17642.1932928233
1.3696	17643.4437406529
1.3701	17644.5691436995
1.3703	17645.819591529
1.3707	17646.9449945756
1.3709	17649.3208454518
1.3717	17649.3208454518
1.3723	17651.6966963279
1.3726	17651.6966963279
1.3731	17654.197591987
1.3735	17655.3229950336
1.3735	17656.5734428632
1.3739	17657.6988459098
1.3745	17658.9492937393
1.3747	17660.0746967859
1.3749	17662.4505476621
1.3758	17663.7009954917
1.3802	17657.6988459098
1.3803	17658.9492937393
1.3805	17660.0746967859
1.3805	17660.0746967859
1.3811	17661.3251446155
1.3812	17662.4505476621
1.3813	17662.4505476621
1.3817	17663.7009954917
1.3821	17663.7009954917
1.3824	17664.8263985382
1.3826	17666.0768463678
1.3826	17666.0768463678
1.383	17667.2022494144
1.3831	17668.4526972439
1.3832	17668.4526972439
1.3834	17669.7031450735
1.3836	17670.8285481201
1.3838	17670.8285481201
1.3844	17672.0789959496
1.3846	17673.2043989962
1.3846	17674.4548468258
1.385	17674.4548468258
1.3852	17675.5802498724
1.3855	17675.5802498724
1.3858	17676.8306977019
1.3858	17676.8306977019
1.3862	17677.9561007485
1.3862	17679.2065485781
1.3862	17679.2065485781
1.3867	17680.3319516247
1.387	17681.5823994543
1.3872	17681.5823994543
1.3874	17682.7078025008
1.3875	17683.9582503304
1.388	17685.083653377
1.3881	17685.083653377
1.3884	17686.3341012065
1.3887	17687.5845490361
1.3888	17688.7099520827
1.3889	17687.5845490361
1.3889	17689.9603999123
1.3893	17689.9603999123
1.3897	17691.0858029588
1.39	17692.3362507884
1.3903	17693.461653835
1.3905	17693.461653835
1.3911	17694.7121016646
1.3915	17695.8375047112
1.3915	17695.8375047112
1.3918	17697.0879525407
1.3922	17698.2133555873
1.3924	17698.2133555873
1.3927	17699.4638034168
1.3928	17700.5892064635
1.3931	17701.839654293
1.3933	17703.0901021226
1.3934	17701.839654293
1.394	17704.2155051692
1.3941	17704.2155051692
1.3943	17705.4659529987
1.3945	17706.5913560453
1.3946	17706.5913560453
1.3954	17707.8418038749
1.3957	17708.9672069215
1.3957	17710.217654751
1.3963	17710.217654751
1.3965	17712.5935056272
1.3965	17712.5935056272
1.3969	17713.7189086738
1.397	17714.9693565033
1.3974	17714.9693565033
1.3976	17716.0947595499
1.3978	17717.3452073795
1.398	17718.595655209
1.3983	17718.595655209
1.3988	17719.7210582557
1.3989	17720.9715060852
1.3991	17720.9715060852
1.3995	17722.0969091318
1.3998	17723.3473569613
1.3999	17724.472760008
1.4006	17725.7232078375
1.4008	17726.8486108841
1.4013	17726.8486108841
1.4013	17728.0990587137
1.4015	17729.2244617602
1.4019	17729.2244617602
1.4024	17730.4749095898
1.4028	17731.6003126364
1.4031	17732.8507604659
1.4032	17734.1012082955
1.4041	17735.2266113421
1.4043	17735.2266113421
1.4046	17736.4770591717
1.4051	17737.6024622182
1.4053	17737.6024622182
1.4057	17739.9783130944
1.4058	17739.9783130944
1.4066	17741.228760924
1.4073	17742.3541639706
1.4074	17743.6046118001
1.4079	17744.7300148467
1.4083	17745.9804626763
1.4086	17745.9804626763
1.409	17748.3563135524
1.4091	17747.1058657229
1.4098	17748.3563135524
1.4103	17750.7321644286
1.4105	17751.9826122581
1.4109	17751.9826122581
1.4113	17753.1080153047
1.4118	17754.3584631343
1.4128	17755.4838661809
1.413	17756.7343140104
1.4135	17756.7343140104
1.4139	17757.859717057
1.4139	17759.1101648866
1.414	17760.2355679332
1.4144	17761.4860157627
1.415	17762.6114188093
1.4154	17762.6114188093
1.4159	17764.9872696855
1.4162	17764.9872696855
1.4163	17766.2377175151
1.4173	17767.4881653446
1.4175	17768.6135683912
1.4182	17769.8640162207
1.4183	17770.9894192673
1.4186	17772.2398670969
1.4192	17773.3652701435
1.4195	17773.3652701435
1.4201	17775.7411210197
1.4203	17775.7411210197
1.4208	17776.9915688492
1.4214	17778.1169718958
1.4216	17779.3674197253
1.4219	17780.492822772
1.4225	17781.7432706015
1.4229	17782.9937184311
1.4233	17784.1191214776
1.4237	17785.3695693072
1.4242	17786.4949723538
1.425	17787.7454201833
1.4253	17788.87082323
1.4259	17790.1212710595
1.4266	17791.2466741061
1.427	17792.4971219357
1.4277	17793.6225249822
1.4279	17794.8729728118
1.4286	17795.9983758584
1.4287	17797.248823688
1.4291	17798.3742267346
1.4295	17799.6246745641
1.4299	17800.8751223937
1.4307	17802.0005254403
1.4311	17803.2509732698
1.4316	17804.3763763164
1.4323	17805.626824146
1.4325	17806.7522271926
1.4331	17808.0026750221
1.4336	17809.1280780687
1.4342	17810.3785258983
1.4349	17812.7543767744
1.4352	17813.879779821
1.4355	17815.1302276506
1.4359	17815.1302276506
1.436	17817.5060785267
1.4367	17817.5060785267
1.4373	17819.8819294029
1.4376	17821.1323772324
1.4381	17822.257780279
1.4386	17823.5082281086
1.4394	17824.6336311552
1.4397	17825.8840789847
1.4404	17827.0094820313
1.4412	17829.3853329075
1.4415	17829.3853329075
1.4422	17831.8862285666
1.4427	17833.0116316132
1.4429	17834.2620794427
1.4438	17835.3874824893
1.4448	17836.6379303189
1.4453	17837.7633333655
1.4459	17840.1391842416
1.4463	17840.1391842416
1.4471	17842.5150351178
1.4477	17844.8908859939
1.4478	17842.5150351178
1.4485	17846.1413338235
1.4487	17848.5171846997
1.4494	17848.5171846997
1.4501	17850.8930355758
1.4502	17852.1434834054
1.4512	17853.268886452
1.4517	17854.5193342815
1.4523	17856.8951851577
1.4529	17858.0205882043
1.4535	17859.2710360338
1.4542	17860.3964390804
1.4548	17861.64688691
1.4554	17862.7722899566
1.4563	17865.2731856157
1.4572	17866.3985886623
1.4577	17867.6490364918
1.4583	17868.7744395384
1.459	17870.024887368
1.4591	17872.4007382441
1.4598	17873.5261412908
1.4602	17874.7765891203
1.461	17875.9019921669
1.4621	17878.277843043
1.4626	17879.5282908726
1.4633	17881.9041417487
1.4637	17883.1545895783
1.4642	17884.2799926249
1.4651	17885.5304404545
1.4658	17886.655843501
1.4663	17889.0316943772
1.4673	17890.2821422068
1.4679	17892.6579930829
1.4686	17893.7833961295
1.4693	17895.0338439591
1.4698	17897.4096948352
1.4706	17898.6601426648
1.471	17901.0359935409
1.4721	17902.1613965875
1.4726	17903.411844417
1.4733	17905.7876952932
1.4745	17906.9130983398
1.4748	17909.288949216
1.4754	17910.5393970455
1.4764	17911.6648000921
1.4772	17914.1656957512
1.4778	17915.2910987978
1.4786	17917.666949674
1.4798	17918.9173975035
1.4801	17920.0428005501
1.4809	17922.4186514263
1.4817	17924.7945023025
1.4825	17926.044950132
1.483	17928.4208010081
1.4834	17929.6712488377
1.4843	17930.7966518843
1.4853	17934.42295059
1.4861	17935.5483536366
1.4872	17936.7988014661
1.4879	17939.1746523423
1.4891	17941.5505032184
1.4899	17942.675906265
1.4907	17945.1768019242
1.4915	17947.5526528003
1.4922	17949.9285036764
1.4931	17951.0539067231
1.4942	17953.4297575992
1.4949	17955.8056084754
1.4959	17958.1814593515
1.4969	17959.4319071811
1.4977	17961.8077580572
1.4985	17964.1836089334
1.4994	17966.5594598095
1.5004	17968.9353106857
1.5016	17970.1857585152
1.5022	17972.5616093914
1.5037	17976.0628633141
1.5044	17977.3133111436
1.5058	17979.6891620198
1.507	17982.065012896
1.5079	17984.4408637721
1.5091	17986.8167146483
1.5098	17989.1925655244
1.5111	17992.8188642301
1.5118	17995.1947151063
1.5132	17997.5705659824
1.5141	17999.9464168586
1.5154	18002.3222677348
1.5167	18004.6981186109
1.5177	18007.073969487
1.5189	18009.4498203632
1.5203	18011.9507160223
1.5213	18014.3265668985
1.5226	18016.7024177746
1.524	18020.2036716974
1.5252	18022.5795225735
1.5264	18024.9553734497
1.5279	18028.5816721554
1.5292	18030.9575230315
1.5305	18034.5838217372
1.5315	18036.9596726134
1.5332	18040.4609265362
1.5346	18044.0872252418
1.5361	18046.463076118
1.537	18050.0893748237
1.5378	18052.4652256998
1.5394	18055.9664796226
1.5409	18058.3423304988
1.543	18061.9686292045
1.5444	18064.3444800806
1.5459	18067.9707787863
1.5476	18071.4720327091
1.5491	18075.0983314148
1.5507	18077.4741822909
1.5521	18081.1004809966
1.5531	18083.4763318728
1.5548	18086.9775857956
1.5565	18090.6038845013
1.5586	18094.2301832069
1.5605	18097.7314371297
1.5624	18101.3577358354
1.5644	18104.8589897581
1.566	18108.4852884639
1.5678	18112.1115871696
1.5693	18115.6128410923
1.5718	18119.239139798
1.5735	18122.7403937208
1.5752	18126.3666924265
1.5769	18129.9929911322
1.5785	18133.4942450549
1.5809	18137.1205437607
1.5824	18141.872245513
1.5843	18144.2480963891
1.5865	18147.8743950948
1.5882	18152.6260968471
1.5905	18156.2523955528
1.5924	18159.7536494756
1.5945	18163.3799481812
1.5968	18166.881202104
1.5988	18170.5075008097
1.6011	18175.259202562
1.6034	18178.8855012677
1.6062	18183.63720302
1.6085	18186.0130538962
1.6114	18190.7647556485
1.6139	18194.3910543542
1.6172	18197.8923082769
1.6199	18202.6440100292
1.6226	18205.1449056884
1.6253	18209.8966074406
1.6281	18213.3978613634
1.6309	18217.0241600691
1.634	18221.7758618214
1.637	18225.4021605271
1.6399	18228.9034144499
1.6431	18233.6551162022
1.6454	18236.0309670783
1.649	18240.9077136136
1.6518	18244.4089675364
1.6551	18248.035266242
1.6584	18252.7869679944
1.6617	18256.4132667001
1.6646	18261.1649684524
1.668	18264.6662223751
1.671	18268.2925210808
1.675	18271.9188197865
1.6783	18276.6705215388
1.6813	18280.1717754615
1.6852	18284.9234772139
1.6881	18288.5497759196
1.6917	18292.1760746253
1.6952	18296.9277763776
1.699	18300.4290303003
1.7027	18305.3057768356
1.7063	18308.8070307584
1.71	18313.5587325106
1.7143	18315.9345833868
1.7179	18320.811329922
1.7222	18324.3125838448
1.7257	18329.0642855971
1.7296	18332.6905843028
1.7338	18337.4422860551
1.7372	18341.0685847609
1.7414	18344.5698386836
1.7455	18349.3215404359
1.7501	18352.9478391416
1.7542	18357.6995408939
1.7584	18360.0753917701
1.7627	18364.8270935224
1.7669	18368.453392228
1.7712	18373.2050939803
1.7752	18376.831392686
1.7796	18381.5830944384
1.784	18385.2093931441
1.7884	18389.9610948964
1.7929	18393.4623488191
1.7979	18398.2140505714
1.803	18403.0907971067
1.8085	18407.842498859
1.8139	18412.5942006113
1.8194	18416.220499317
1.8255	18422.0976041159
1.8312	18426.8493058682
1.8367	18431.6010076205
1.8424	18436.4777541558
1.8483	18441.229455908
1.8534	18445.9811576604
1.8599	18451.9833072422
1.8657	18457.8604120412
1.8711	18463.862561623
1.8773	18469.8647112049
1.8827	18476.9922638333
1.889	18482.9944134152
1.8944	18490.1219660436
1.9006	18495.9990708425
1.9073	18504.3770713005
1.9132	18512.7550717586
1.9197	18521.1330722165
1.9259	18529.5110726745
1.9317	18537.7640283496
1.9383	18547.3924766372
1.9452	18556.8958801418
1.9525	18568.7751345225
1.961	18579.5289858567
1.969	18590.2828371909
1.9783	18602.1620915716
1.9877	18615.2917937819
1.9983	18627.2960929457
2.0102	18640.300750373
2.0222	18654.6809004129
2.0372	18667.8106026232
2.0577	18680.9403048335
2.0867	18694.0700070438
2.1299	18707.0746644712
2.1892	18717.8285158053
2.263	18728.5823671395
2.3417	18736.9603675975
2.4376	18744.087920226
2.5316	18751.2154728544
2.629	18757.2176224363
2.7363	18759.5934733125
2.8377	18763.2197720181
2.933	18765.5956228943
3.0183	18766.7210259409
3.1015	18767.9714737704
3.1672	18769.0968768171
3.2034	18770.3473246466
3.2295	18770.3473246466
3.2615	18770.3473246466
3.2892	18771.4727276932
3.3149	18772.7231755227
3.3386	18772.7231755227
3.3625	18772.7231755227
3.379	18772.7231755227
3.3961	18773.9736233523
3.4102	18773.9736233523
3.4227	18773.9736233523
3.4357	18775.0990263989
3.4516	18775.0990263989
3.4695	18775.0990263989
3.4794	18775.0990263989
3.489	18776.3494742284
3.4988	18776.3494742284
3.5085	18776.3494742284
3.5147	18776.3494742284
3.5186	18776.3494742284
3.5253	18776.3494742284
3.5329	18776.3494742284
3.5394	18776.3494742284
3.5478	18777.474877275
3.5553	18777.474877275
3.5643	18777.474877275
3.5728	18777.474877275
3.577	18778.7253251046
3.5835	18778.7253251046
3.588	18778.7253251046
3.594	18778.7253251046
3.5993	18778.7253251046
3.6053	18778.7253251046
3.6116	18778.7253251046
3.6151	18778.7253251046
3.622	18778.7253251046
3.6289	18778.7253251046
3.6336	18779.8507281512
3.6364	18779.8507281512
3.6425	18779.8507281512
3.648	18779.8507281512
3.6507	18781.1011759808
3.6561	18781.1011759808
3.6629	18781.1011759808
3.669	18781.1011759808
3.6753	18781.1011759808
3.679	18781.1011759808
3.6817	18781.1011759808
3.6864	18781.1011759808
3.6896	18781.1011759808
3.6969	18781.1011759808
3.7004	18781.1011759808
3.7039	18781.1011759808
3.7095	18781.1011759808
3.7106	18781.1011759808
3.7167	18781.1011759808
3.7214	18781.1011759808
3.7271	18781.1011759808
3.7324	18781.1011759808
3.7364	18782.2265790273
3.741	18782.2265790273
3.7463	18782.2265790273
3.7509	18782.2265790273
3.7538	18782.2265790273
3.7577	18782.2265790273
3.7624	18782.2265790273
3.7665	18782.2265790273
3.7712	18782.2265790273
3.7733	18782.2265790273
3.7791	18782.2265790273
3.7834	18782.2265790273
3.7849	18782.2265790273
3.7867	18782.2265790273
3.7869	18782.2265790273
3.7896	18782.2265790273
3.7938	18782.2265790273
3.7981	18782.2265790273
3.8025	18782.2265790273
3.8061	18782.2265790273
3.8089	18782.2265790273
3.8147	18782.2265790273
3.815	18782.2265790273
3.8198	18783.4770268569
3.8231	18783.4770268569
3.824	18783.4770268569
3.8278	18783.4770268569
3.8292	18783.4770268569
3.834	18783.4770268569
3.837	18783.4770268569
3.8393	18783.4770268569
3.8421	18783.4770268569
3.8471	18783.4770268569
3.8488	18783.4770268569
3.8531	18783.4770268569
3.8548	18783.4770268569
3.8604	18783.4770268569
3.865	18783.4770268569
3.8673	18783.4770268569
3.87	18783.4770268569
3.8713	18783.4770268569
3.8753	18783.4770268569
3.8787	18783.4770268569
3.879	18783.4770268569
3.8808	18784.6024299035
3.8819	18784.6024299035
3.8822	18784.6024299035
3.8838	18784.6024299035
3.8862	18784.6024299035
3.8891	18784.6024299035
3.8918	18784.6024299035
3.8933	18784.6024299035
3.8964	18784.6024299035
3.8977	18784.6024299035
3.8991	18784.6024299035
3.9006	18784.6024299035
3.9034	18784.6024299035
3.9055	18784.6024299035
3.9064	18784.6024299035
3.9097	18784.6024299035
3.9106	18784.6024299035
3.9126	18784.6024299035
3.9146	18784.6024299035
3.9175	18784.6024299035
3.9204	18784.6024299035
3.9242	18784.6024299035
3.9262	18784.6024299035
3.9276	18784.6024299035
3.9279	18784.6024299035
3.9327	18784.6024299035
3.9358	18784.6024299035
3.9408	18784.6024299035
3.9413	18784.6024299035
3.9442	18784.6024299035
3.9449	18784.6024299035
3.9454	18784.6024299035
3.9463	18784.6024299035
3.9469	18784.6024299035
3.9504	18784.6024299035
3.9534	18784.6024299035
3.9541	18784.6024299035
3.9574	18784.6024299035
3.9604	18784.6024299035
3.962	18784.6024299035
3.9624	18784.6024299035
3.9662	18784.6024299035
3.9673	18784.6024299035
3.9678	18784.6024299035
3.9687	18784.6024299035
3.9704	18784.6024299035
3.9726	18784.6024299035
3.9756	18784.6024299035
3.9762	18784.6024299035
3.9771	18784.6024299035
3.9787	18784.6024299035
3.9793	18784.6024299035
3.981	18784.6024299035
3.9824	18784.6024299035
3.9825	18784.6024299035
3.9854	18784.6024299035
3.9857	18784.6024299035
3.986	18784.6024299035
3.9878	18784.6024299035
3.9886	18784.6024299035
3.989	18784.6024299035
3.991	18784.6024299035
3.992	18784.6024299035
3.9933	18784.6024299035
3.9949	18784.6024299035
3.9992	18784.6024299035
3.9999	18784.6024299035
4.001	18784.6024299035
4.0011	18784.6024299035
4.0019	18784.6024299035
4.0037	18784.6024299035
4.0052	18784.6024299035
4.0064	18784.6024299035
4.0065	18784.6024299035
4.0073	18784.6024299035
4.0076	18784.6024299035
4.0091	18784.6024299035
4.0097	18784.6024299035
4.0127	18784.6024299035
4.0128	18784.6024299035
4.0139	18784.6024299035
4.0139	18784.6024299035
4.014	18784.6024299035
4.0144	18784.6024299035
4.0144	18784.6024299035
4.0151	18784.6024299035
4.0158	18784.6024299035
4.0159	18784.6024299035
4.0159	18784.6024299035
4.0165	18784.6024299035
4.0172	18784.6024299035
4.0178	18784.6024299035
4.0181	18784.6024299035
4.0183	18784.6024299035
4.0201	18784.6024299035
4.0205	18784.6024299035
4.0239	18784.6024299035
4.0241	18784.6024299035
4.0246	18784.6024299035
4.0259	18784.6024299035
4.0265	18784.6024299035
4.0324	18784.6024299035
4.0355	18784.6024299035
4.036	18784.6024299035
4.036	18784.6024299035
4.0364	18784.6024299035
4.0366	18784.6024299035
4.037	18784.6024299035
4.037	18784.6024299035
4.0371	18784.6024299035
4.0373	18784.6024299035
4.0379	18784.6024299035
4.0379	18784.6024299035
4.038	18784.6024299035
4.0382	18784.6024299035
4.0384	18784.6024299035
4.039	18784.6024299035
4.039	18784.6024299035
4.0392	18784.6024299035
4.0393	18784.6024299035
4.0394	18784.6024299035
4.0418	18784.6024299035
4.0424	18784.6024299035
4.0427	18784.6024299035
4.0428	18784.6024299035
4.0444	18784.6024299035
4.0447	18784.6024299035
4.0449	18784.6024299035
4.0463	18784.6024299035
4.0485	18784.6024299035
4.049	18784.6024299035
4.0497	18784.6024299035
4.0499	18784.6024299035
4.0499	18784.6024299035
4.0504	18784.6024299035
4.051	18784.6024299035
4.0517	18784.6024299035
4.0521	18784.6024299035
4.0536	18784.6024299035
4.0536	18784.6024299035
4.0541	18784.6024299035
4.0547	18784.6024299035
4.0548	18784.6024299035
4.0549	18784.6024299035
4.0551	18784.6024299035
4.0553	18784.6024299035
4.0557	18784.6024299035
4.0557	18784.6024299035
4.0559	18784.6024299035
4.0561	18784.6024299035
4.0564	18784.6024299035
4.0565	18784.6024299035
4.0569	18784.6024299035
4.057	18784.6024299035
4.0571	18784.6024299035
4.0571	18784.6024299035
4.0572	18784.6024299035
4.0575	18784.6024299035
4.0576	18784.6024299035
4.0577	18784.6024299035
4.0578	18784.6024299035
4.0583	18784.6024299035
4.0583	18784.6024299035
4.0614	18784.6024299035
4.0646	18784.6024299035
4.0653	18784.6024299035
4.0656	18784.6024299035
4.0657	18784.6024299035
4.0658	18784.6024299035
4.0659	18784.6024299035
4.0663	18784.6024299035
4.0668	18784.6024299035
4.0671	18784.6024299035
4.0675	18784.6024299035
4.0682	18784.6024299035
4.0685	18784.6024299035
4.0693	18784.6024299035
4.0697	18784.6024299035
4.0697	18784.6024299035
4.0716	18784.6024299035
4.0717	18784.6024299035
4.0718	18784.6024299035
4.072	18784.6024299035
4.0721	18784.6024299035
4.0722	18784.6024299035
4.0725	18784.6024299035
4.0727	18784.6024299035
4.0735	18784.6024299035
4.0737	18784.6024299035
4.0737	18784.6024299035
4.0741	18784.6024299035
4.0743	18784.6024299035
4.0747	18784.6024299035
4.0749	18784.6024299035
4.0749	18784.6024299035
4.0764	18784.6024299035
4.0773	18784.6024299035
4.0775	18784.6024299035
4.078	18784.6024299035
4.0789	18784.6024299035
4.0792	18784.6024299035
4.0796	18784.6024299035
4.0801	18784.6024299035
4.0805	18784.6024299035
4.0809	18784.6024299035
4.0809	18784.6024299035
4.0811	18784.6024299035
4.0814	18784.6024299035
4.0827	18783.4770268569
4.0831	18784.6024299035
4.0833	18784.6024299035
4.0836	18784.6024299035
4.0837	18784.6024299035
4.0837	18784.6024299035
4.0838	18784.6024299035
4.084	18784.6024299035
4.0844	18784.6024299035
4.0844	18784.6024299035
4.0844	18784.6024299035
4.0845	18784.6024299035
4.0847	18784.6024299035
4.0856	18784.6024299035
4.0866	18784.6024299035
4.0867	18784.6024299035
4.0867	18784.6024299035
4.0867	18784.6024299035
4.087	18784.6024299035
4.087	18784.6024299035
4.0871	18784.6024299035
4.0873	18784.6024299035
4.0875	18785.8528777331
4.0875	18784.6024299035
4.0877	18784.6024299035
4.0877	18784.6024299035
4.088	18784.6024299035
4.0882	18784.6024299035
4.0884	18784.6024299035
4.0887	18784.6024299035
4.0888	18784.6024299035
4.0888	18784.6024299035
4.0888	18784.6024299035
4.089	18784.6024299035
4.0891	18784.6024299035
4.0892	18784.6024299035
4.0894	18784.6024299035
4.0894	18784.6024299035
4.0895	18784.6024299035
4.0897	18784.6024299035
4.0897	18784.6024299035
4.0901	18784.6024299035
4.0903	18784.6024299035
4.0907	18784.6024299035
4.0908	18784.6024299035
4.0909	18784.6024299035
4.091	18784.6024299035
4.0913	18784.6024299035
4.0916	18784.6024299035
4.092	18784.6024299035
4.0929	18784.6024299035
4.0932	18785.8528777331
4.0937	18784.6024299035
4.094	18784.6024299035
4.094	18784.6024299035
4.0941	18784.6024299035
4.0941	18784.6024299035
4.0943	18784.6024299035
4.0944	18784.6024299035
4.0944	18784.6024299035
4.0946	18784.6024299035
4.0948	18784.6024299035
4.095	18784.6024299035
4.0952	18784.6024299035
4.0953	18784.6024299035
4.0954	18785.8528777331
4.0957	18784.6024299035
4.0958	18784.6024299035
4.0959	18785.8528777331
4.0964	18784.6024299035
4.0965	18784.6024299035
4.0979	18784.6024299035
4.0981	18784.6024299035
4.0982	18784.6024299035
4.0985	18784.6024299035
4.0985	18784.6024299035
4.0986	18784.6024299035
4.0998	18784.6024299035
4.0998	18784.6024299035
4.1012	18784.6024299035
4.1014	18785.8528777331
4.1016	18785.8528777331
4.1018	18784.6024299035
4.1028	18784.6024299035
4.1029	18785.8528777331
4.1037	18785.8528777331
4.1037	18785.8528777331
4.1042	18785.8528777331
4.1042	18784.6024299035
4.1044	18785.8528777331
4.1048	18784.6024299035
4.105	18785.8528777331
4.105	18784.6024299035
4.1052	18785.8528777331
4.1054	18785.8528777331
4.1055	18784.6024299035
4.1056	18784.6024299035
4.1056	18785.8528777331
4.1058	18785.8528777331
4.1061	18784.6024299035
4.1062	18785.8528777331
4.1065	18785.8528777331
4.1065	18785.8528777331
4.1067	18785.8528777331
4.107	18784.6024299035
4.1073	18785.8528777331
4.1074	18784.6024299035
4.1077	18785.8528777331
4.1081	18785.8528777331
4.1082	18784.6024299035
4.1103	18785.8528777331
4.1103	18785.8528777331
4.1104	18785.8528777331
4.1111	18785.8528777331
4.1113	18785.8528777331
4.1114	18785.8528777331
4.1118	18785.8528777331
4.1119	18785.8528777331
4.1121	18785.8528777331
4.1122	18785.8528777331
4.1127	18785.8528777331
4.1131	18785.8528777331
4.1134	18785.8528777331
4.1139	18785.8528777331
4.1139	18785.8528777331
4.1147	18785.8528777331
4.1148	18785.8528777331
4.1149	18785.8528777331
4.1151	18785.8528777331
4.1153	18785.8528777331
4.1153	18785.8528777331
4.1153	18785.8528777331
4.1155	18785.8528777331
4.1155	18785.8528777331
4.1157	18785.8528777331
4.116	18785.8528777331
4.1162	18785.8528777331
4.1162	18785.8528777331
4.1166	18784.6024299035
4.1166	18785.8528777331
4.1166	18785.8528777331
4.1167	18785.8528777331
4.1168	18785.8528777331
4.1168	18785.8528777331
4.1169	18785.8528777331
4.1172	18785.8528777331
4.1173	18785.8528777331
4.1173	18785.8528777331
4.1173	18785.8528777331
4.1177	18785.8528777331
4.1177	18785.8528777331
4.1177	18785.8528777331
4.1178	18785.8528777331
4.1178	18785.8528777331
4.1179	18785.8528777331
4.1184	18785.8528777331
4.1185	18785.8528777331
4.1189	18785.8528777331
4.119	18785.8528777331
4.1192	18784.6024299035
4.1192	18785.8528777331
4.1193	18785.8528777331
4.12	18785.8528777331
4.1201	18785.8528777331
4.1202	18785.8528777331
4.1203	18785.8528777331
4.1205	18784.6024299035
4.1206	18784.6024299035
4.1206	18785.8528777331
4.1207	18785.8528777331
4.121	18785.8528777331
4.121	18785.8528777331
4.1213	18785.8528777331
4.1214	18784.6024299035
4.1243	18784.6024299035
4.1245	18784.6024299035
4.1249	18784.6024299035
4.1253	18784.6024299035
4.1256	18784.6024299035
4.1257	18784.6024299035
4.1257	18784.6024299035
4.1258	18784.6024299035
4.1259	18784.6024299035
4.1259	18784.6024299035
4.1271	18784.6024299035
4.1272	18784.6024299035
4.1274	18784.6024299035
4.1275	18784.6024299035
4.1275	18784.6024299035
4.1279	18784.6024299035
4.128	18784.6024299035
4.1284	18784.6024299035
4.1286	18784.6024299035
4.1288	18784.6024299035
4.1294	18784.6024299035
4.1308	18784.6024299035
4.1313	18784.6024299035
4.1317	18784.6024299035
4.1325	18784.6024299035
4.1325	18784.6024299035
4.1332	18784.6024299035
4.1333	18784.6024299035
4.1338	18784.6024299035
4.1341	18784.6024299035
4.1341	18784.6024299035
4.1343	18785.8528777331
4.135	18785.8528777331
4.135	18784.6024299035
4.1369	18785.8528777331
4.1371	18785.8528777331
4.1377	18785.8528777331
4.138	18785.8528777331
4.1385	18785.8528777331
4.1386	18785.8528777331
4.1386	18785.8528777331
4.1391	18785.8528777331
4.1393	18785.8528777331
4.1397	18784.6024299035
4.1401	18785.8528777331
4.1404	18784.6024299035
4.1407	18785.8528777331
4.1408	18785.8528777331
4.1408	18785.8528777331
4.1414	18785.8528777331
4.1415	18784.6024299035
4.1415	18784.6024299035
4.1418	18785.8528777331
4.142	18785.8528777331
4.142	18784.6024299035
4.1421	18784.6024299035
4.1422	18785.8528777331
4.1424	18784.6024299035
4.1431	18784.6024299035
4.1432	18784.6024299035
4.1433	18784.6024299035
4.1434	18784.6024299035
4.1435	18784.6024299035
4.1436	18784.6024299035
4.1439	18784.6024299035
4.144	18785.8528777331
4.1442	18784.6024299035
4.1442	18784.6024299035
4.1442	18784.6024299035
4.1443	18785.8528777331
4.1444	18785.8528777331
4.1447	18785.8528777331
4.145	18784.6024299035
4.1454	18785.8528777331
4.1454	18784.6024299035
4.1455	18785.8528777331
4.1456	18785.8528777331
4.1457	18784.6024299035
4.1458	18785.8528777331
4.1458	18785.8528777331
4.146	18785.8528777331
4.1462	18785.8528777331
4.1464	18785.8528777331
4.147	18784.6024299035
4.1474	18784.6024299035
4.1477	18785.8528777331
4.1478	18784.6024299035
4.1478	18784.6024299035
4.1479	18784.6024299035
4.1482	18785.8528777331
4.1482	18784.6024299035
4.1482	18784.6024299035
4.1483	18784.6024299035
4.1487	18785.8528777331
4.1492	18784.6024299035
4.1494	18784.6024299035
4.1497	18784.6024299035
4.1498	18785.8528777331
4.1498	18784.6024299035
4.15	18782.2265790273
4.1502	18785.8528777331
4.1504	18784.6024299035
4.1506	18785.8528777331
4.1509	18785.8528777331
4.1511	18785.8528777331
4.1529	18785.8528777331
4.153	18785.8528777331
4.1531	18785.8528777331
4.1533	18785.8528777331
4.1535	18785.8528777331
4.1537	18785.8528777331
4.1539	18785.8528777331
4.1539	18785.8528777331
4.1543	18785.8528777331
4.1544	18785.8528777331
4.1544	18785.8528777331
4.1544	18785.8528777331
4.1545	18785.8528777331
4.1551	18785.8528777331
4.1553	18785.8528777331
4.1554	18785.8528777331
4.1556	18785.8528777331
4.1559	18785.8528777331
4.1561	18785.8528777331
4.1563	18785.8528777331
4.1563	18785.8528777331
4.1565	18785.8528777331
4.1575	18785.8528777331
4.1581	18785.8528777331
4.1587	18785.8528777331
4.159	18784.6024299035
4.1597	18785.8528777331
4.1598	18785.8528777331
4.1601	18785.8528777331
4.1601	18785.8528777331
4.1601	18785.8528777331
4.1601	18784.6024299035
4.1607	18785.8528777331
4.1608	18784.6024299035
4.1609	18784.6024299035
4.1611	18785.8528777331
4.1624	18785.8528777331
4.1626	18785.8528777331
4.1626	18785.8528777331
4.1628	18785.8528777331
4.1628	18785.8528777331
4.1631	18785.8528777331
4.1636	18785.8528777331
4.1636	18785.8528777331
4.1638	18785.8528777331
4.1642	18785.8528777331
4.1647	18785.8528777331
4.1652	18785.8528777331
4.1653	18785.8528777331
4.1662	18785.8528777331
4.1672	18785.8528777331
4.1677	18784.6024299035
4.168	18785.8528777331
4.1682	18785.8528777331
4.1682	18784.6024299035
4.1685	18784.6024299035
4.169	18785.8528777331
4.1697	18784.6024299035
4.1697	18785.8528777331
4.1697	18785.8528777331
4.1698	18785.8528777331
4.1701	18785.8528777331
4.1705	18785.8528777331
4.1706	18785.8528777331
4.1707	18785.8528777331
4.1708	18785.8528777331
4.1709	18784.6024299035
4.1714	18784.6024299035
4.1715	18784.6024299035
4.1716	18784.6024299035
4.1718	18784.6024299035
4.1721	18784.6024299035
4.1723	18784.6024299035
4.1727	18784.6024299035
4.173	18784.6024299035
4.1733	18784.6024299035
4.1737	18784.6024299035
4.1737	18784.6024299035
4.1738	18784.6024299035
4.1742	18784.6024299035
4.1749	18784.6024299035
4.176	18784.6024299035
4.176	18781.1011759808
4.1767	18784.6024299035
4.1785	18784.6024299035
4.1792	18784.6024299035
4.1798	18784.6024299035
4.1803	18784.6024299035
4.1803	18784.6024299035
4.1809	18784.6024299035
4.181	18784.6024299035
4.1812	18784.6024299035
4.1813	18784.6024299035
4.1816	18784.6024299035
4.1818	18784.6024299035
4.1819	18784.6024299035
4.1819	18784.6024299035
4.1823	18784.6024299035
4.1825	18784.6024299035
4.1833	18784.6024299035
4.1835	18785.8528777331
4.1835	18784.6024299035
4.184	18785.8528777331
4.1844	18784.6024299035
4.1847	18785.8528777331
4.1847	18785.8528777331
4.185	18785.8528777331
4.185	18785.8528777331
4.1851	18784.6024299035
4.1852	18785.8528777331
4.1856	18784.6024299035
4.1857	18785.8528777331
4.1859	18785.8528777331
4.186	18784.6024299035
4.1861	18785.8528777331
4.1862	18784.6024299035
4.1863	18785.8528777331
4.1863	18785.8528777331
4.1863	18785.8528777331
4.187	18785.8528777331
4.1871	18784.6024299035
4.1871	18785.8528777331
4.1873	18785.8528777331
4.1873	18781.1011759808
4.1877	18784.6024299035
4.1878	18784.6024299035
4.188	18784.6024299035
4.1881	18784.6024299035
4.1881	18785.8528777331
4.1882	18784.6024299035
4.1884	18785.8528777331
4.1884	18784.6024299035
4.1885	18784.6024299035
4.1885	18785.8528777331
4.1885	18784.6024299035
4.1887	18784.6024299035
4.1887	18784.6024299035
4.1889	18785.8528777331
4.189	18784.6024299035
4.1892	18784.6024299035
4.1892	18785.8528777331
4.1895	18784.6024299035
4.1896	18784.6024299035
4.1896	18785.8528777331
4.1896	18784.6024299035
4.1897	18785.8528777331
4.1899	18785.8528777331
4.1899	18785.8528777331
4.19	18785.8528777331
4.19	18784.6024299035
4.1901	18784.6024299035
4.1903	18785.8528777331
4.1904	18785.8528777331
4.1905	18784.6024299035
4.1905	18781.1011759808
4.1906	18784.6024299035
4.1906	18785.8528777331
4.1908	18785.8528777331
4.1909	18784.6024299035
4.191	18785.8528777331
4.191	18785.8528777331
4.1911	18784.6024299035
4.1911	18784.6024299035
4.1912	18785.8528777331
4.1913	18785.8528777331
4.1914	18785.8528777331
4.1915	18784.6024299035
4.1915	18784.6024299035
4.1916	18784.6024299035
4.1916	18785.8528777331
4.1917	18785.8528777331
4.1918	18784.6024299035
4.1919	18785.8528777331
4.1921	18785.8528777331
4.1921	18785.8528777331
4.1922	18784.6024299035
4.1924	18784.6024299035
4.1924	18784.6024299035
4.1925	18784.6024299035
4.1928	18785.8528777331
4.1928	18784.6024299035
4.193	18785.8528777331
4.193	18781.1011759808
4.193	18785.8528777331
4.1931	18785.8528777331
4.1931	18784.6024299035
4.1932	18785.8528777331
4.1933	18785.8528777331
4.1933	18784.6024299035
4.1935	18785.8528777331
4.1935	18784.6024299035
4.1935	18785.8528777331
4.1935	18784.6024299035
4.1936	18785.8528777331
4.1936	18784.6024299035
4.1936	18784.6024299035
4.1938	18785.8528777331
4.1938	18784.6024299035
4.1938	18784.6024299035
4.1938	18784.6024299035
4.1938	18782.2265790273
4.1939	18784.6024299035
4.1939	18785.8528777331
4.194	18785.8528777331
4.194	18784.6024299035
4.194	18784.6024299035
4.1941	18783.4770268569
4.1941	18784.6024299035
4.1942	18784.6024299035
4.1942	18784.6024299035
4.1942	18784.6024299035
4.1943	18784.6024299035
4.1943	18784.6024299035
4.1944	18782.2265790273
4.1944	18784.6024299035
4.1944	18784.6024299035
4.1944	18784.6024299035
4.1945	18784.6024299035
4.1946	18784.6024299035
4.1946	18784.6024299035
4.1946	18783.4770268569
4.1946	18784.6024299035
4.1947	18783.4770268569
4.1947	18784.6024299035
4.1947	18784.6024299035
4.1947	18784.6024299035
4.1947	18784.6024299035
4.1948	18785.8528777331
4.1948	18784.6024299035
4.1948	18783.4770268569
4.1949	18784.6024299035
4.1949	18784.6024299035
4.195	18784.6024299035
4.195	18784.6024299035
4.195	18784.6024299035
4.195	18784.6024299035
4.195	18784.6024299035
4.1951	18784.6024299035
4.1951	18784.6024299035
4.1951	18784.6024299035
4.1951	18784.6024299035
4.1952	18784.6024299035
4.1952	18785.8528777331
4.1952	18784.6024299035
4.1952	18783.4770268569
4.1952	18785.8528777331
4.1952	18784.6024299035
4.1952	18784.6024299035
4.1953	18781.1011759808
4.1953	18782.2265790273
4.1953	18781.1011759808
4.1953	18784.6024299035
4.1953	18784.6024299035
4.1954	18784.6024299035
4.1954	18784.6024299035
4.1954	18784.6024299035
4.1955	18784.6024299035
4.1955	18784.6024299035
4.1955	18784.6024299035
4.1955	18784.6024299035
4.1955	18784.6024299035
4.1956	18785.8528777331
4.1956	18784.6024299035
4.1956	18784.6024299035
4.1957	18784.6024299035
4.1957	18784.6024299035
4.1957	18781.1011759808
4.1957	18784.6024299035
4.1958	18781.1011759808
4.1958	18784.6024299035
4.1958	18784.6024299035
4.1958	18784.6024299035
4.1958	18784.6024299035
4.1958	18784.6024299035
4.1958	18784.6024299035
4.1958	18784.6024299035
4.196	18784.6024299035
4.1961	18784.6024299035
4.1961	18784.6024299035
4.1961	18784.6024299035
4.1962	18784.6024299035
4.1962	18784.6024299035
4.1963	18784.6024299035
4.1963	18784.6024299035
4.1963	18785.8528777331
4.1963	18784.6024299035
4.1963	18784.6024299035
4.1964	18784.6024299035
4.1964	18784.6024299035
4.1964	18784.6024299035
4.1965	18782.2265790273
4.1965	18784.6024299035
4.1966	18784.6024299035
4.1967	18784.6024299035
4.1968	18784.6024299035
4.1968	18784.6024299035
4.1969	18784.6024299035
4.197	18785.8528777331
4.1971	18784.6024299035
4.1971	18784.6024299035
4.1972	18784.6024299035
4.1972	18784.6024299035
4.1973	18784.6024299035
4.1973	18784.6024299035
4.1973	18784.6024299035
4.1974	18784.6024299035
4.1974	18784.6024299035
4.1974	18784.6024299035
4.1975	18784.6024299035
4.1975	18784.6024299035
4.1976	18784.6024299035
4.1976	18784.6024299035
4.1977	18784.6024299035
4.1977	18784.6024299035
4.1978	18784.6024299035
4.1979	18784.6024299035
4.198	18784.6024299035
4.198	18784.6024299035
4.1981	18784.6024299035
4.1981	18784.6024299035
4.1981	18784.6024299035
4.1982	18784.6024299035
4.1982	18784.6024299035
4.1982	18784.6024299035
4.1982	18784.6024299035
4.1983	18784.6024299035
4.1984	18785.8528777331
4.1984	18784.6024299035
4.1984	18784.6024299035
4.1986	18785.8528777331
4.1987	18784.6024299035
4.1987	18785.8528777331
4.1988	18784.6024299035
4.1988	18784.6024299035
4.1988	18784.6024299035
4.1988	18784.6024299035
4.1989	18784.6024299035
4.1989	18784.6024299035
4.199	18784.6024299035
4.199	18784.6024299035
4.199	18784.6024299035
4.1991	18784.6024299035
4.1992	18784.6024299035
4.1992	18784.6024299035
4.1995	18785.8528777331
4.1997	18784.6024299035
4.1997	18784.6024299035
4.1999	18785.8528777331
4.2	18784.6024299035
4.2001	18784.6024299035
4.2001	18785.8528777331
4.2002	18785.8528777331
4.2002	18785.8528777331
4.2003	18785.8528777331
4.2003	18785.8528777331
4.2003	18784.6024299035
4.2003	18784.6024299035
4.2004	18784.6024299035
4.2005	18784.6024299035
4.2005	18784.6024299035
4.2005	18784.6024299035
4.2006	18784.6024299035
4.2006	18785.8528777331
4.2006	18784.6024299035
4.2007	18785.8528777331
4.2007	18785.8528777331
4.2008	18784.6024299035
4.2009	18784.6024299035
4.201	18785.8528777331
4.201	18785.8528777331
4.201	18784.6024299035
4.2011	18784.6024299035
4.2011	18785.8528777331
4.2012	18785.8528777331
4.2013	18785.8528777331
4.2013	18784.6024299035
4.2016	18784.6024299035
4.2016	18785.8528777331
4.2016	18784.6024299035
4.2016	18784.6024299035
4.2017	18785.8528777331
4.2018	18785.8528777331
4.2019	18784.6024299035
4.2019	18785.8528777331
4.2019	18785.8528777331
4.2021	18784.6024299035
4.2027	18784.6024299035
4.2037	18784.6024299035
4.2039	18785.8528777331
4.51	18807.21
4.99	18802.76
5.49	18796.29
5.98	18788.87
6.49	18781.07
6.99	18773.005
7.49	18765.915
7.98	18757.98
8.5	18750.755
8.99	18744.665
10.01	18732.395
10.98	18722.36
12.01	18712.68
13.98	18696.665
15.01	18689.775
17.12	18674.365
18.01	18668.2
18.99	18660.445
20.01	18652.275
21	18643.78
22	18634.425
22.99	18624.805
23.99	18614.73
25.01	18603.7
26.01	18591.975
27.01	18579.56
28.01	18566.965
29	18554.04
30	18540.68
31	18526.785
32	18512.825
32.99	18498.725
34.01	18483.435
35.01	18469.39
35.98	18454.275
36.97	18439.65
37.98	18424.235
39.02	18407.215
40	18392.335
41.01	18377.225
42.01	18361.45
43.01	18345.525
44.01	18329.96
44.99	18314.48
46.01	18298.775
47.01	18283.025
47.97	18268.55
49.91	18239.175
50	18238.085
54.99	18161.005
60.02	18086.97
64.98	18016.775
69.99	17947.36
75.01	17880.755
79.98	17817.115
85.02	17754.405
90.01	17695.605
95	17638.695
105	17528.005
115.01	17426.06
124.99	17328.505
135.01	17236.165
149.5	17109.4
150.02	17106.555
160	17026.05
170.01	16948.235
179.99	16873.435
190.01	16801.22
199.99	16732.765
220	16601.13
240	16477.155
261	16332.665
290.7	16197.815
285	16223.415
