299.987045288086	173.247256673177	367.958336588542
297.100006103516	173.049589029948	367.896015625
294.55876159668	172.819580891927	367.816944986979
291.947555541992	172.551717936198	367.716064453125
289.443450927734	172.28075764974	367.616080729167
286.966506958008	172.015437825521	367.518751627604
284.397354125977	171.737385253906	367.423841145833
282.015441894531	171.477678222656	367.353797200521
279.490844726563	171.196618652344	367.254099934896
276.936492919922	170.909832356771	367.158165690104
274.486785888672	170.635220540365	367.076433919271
271.921157836914	170.339187825521	366.972403971354
269.509811401367	170.060152994792	366.882711588542
266.889709472656	169.751641438802	366.779571940104
264.422348022461	169.451796875	366.6603515625
262.109756469727	169.174876302083	366.569759114583
259.65380859375	168.886182454427	366.472299804688
257.008651733398	168.568011067708	366.362726236979
254.489295959473	168.2672265625	366.272026367187
252.030349731445	167.963758138021	366.174627278646
249.513244628906	167.66066813151	366.066910807292
247.035652160645	167.349092610677	365.960893554687
244.604354858398	167.049379882812	365.863684895833
242.107849121094	166.743305664063	365.759666341146
239.532348632813	166.421192220052	365.660618489583
237.057495117188	166.112244466146	365.556129557292
234.660301208496	165.811194661458	365.4547265625
232.021301269531	165.480546061198	365.346000976562
229.604347229004	165.172541503906	365.242924804687
227.226753234863	164.871283365885	365.14845703125
224.634094238281	164.538717447917	365.029410807292
222.133445739746	164.207806803385	364.919663085938
219.614151000977	163.879302571615	364.807937825521
217.252052307129	163.567232259115	364.690164388021
214.750144958496	163.238291015625	364.570667317708
212.293006896973	162.908202311198	364.445382486979
209.779998779297	162.572418619792	364.32390625
207.272201538086	162.231375325521	364.198359375
204.709045410156	161.881612955729	364.070009765625
202.319000244141	161.552687174479	363.941495768229
199.772598266602	161.202998046875	363.817034505208
197.292297363281	160.862670084635	363.685647786458
194.812805175781	160.521870117188	363.578816731771
192.441246032715	160.189517415365	363.459930013021
189.817893981934	159.828548990885	363.334453125
187.394546508789	159.498772786458	363.219995117188
184.913848876953	159.150181477865	363.090885416667
182.382301330566	158.7962890625	362.970499674479
179.877548217773	158.445960286458	362.849410807292
177.365951538086	158.090178222656	362.720418294271
175.004455566406	157.753668619792	362.606271158854
172.446449279785	157.392135416667	362.488255208333
169.948402404785	157.036947428385	362.372390950521
167.40625	156.679554036458	362.256850585937
164.917900085449	156.32368733724	362.136909179688
162.445304870605	156.209393717448	362.022068684896
160.018798828125	155.867536621094	361.908237304688
157.603294372559	155.541600748698	361.807657877604
155.072151184082	155.189482421875	361.708056640625
152.563606262207	154.851691080729	361.599697265625
150.071754455566	154.488971354167	361.470014648438
147.599548339844	154.192893066406	362.140340169271
145.065650939941	153.834104817708	362.055864257812
142.648597717285	153.524733886719	361.981468098958
140.058197021484	153.238701985677	361.91748046875
137.657844543457	152.910844726563	361.838986002604
135.115348815918	152.551094563802	361.757355143229
132.674903869629	152.201470540365	361.685613606771
130.122299194336	151.840258789063	361.605717773437
127.693996429443	151.489997558594	361.531420898438
125.141498565674	151.118600260417	361.459873046875
122.645347595215	150.770403645833	361.393933919271
120.204151153564	150.416507161458	361.32810546875
117.731250762939	150.057280273438	361.246534830729
115.224597930908	149.68848063151	361.182003580729
112.791198730469	149.342295735677	361.116108398438
110.181148529053	148.963317057292	361.047805989583
107.732749938965	148.609493815104	360.991337890625
105.248199462891	148.256857910156	360.950724283854
102.78800201416	147.897858072917	360.894264322917
100.311351776123	147.540225423177	360.842314453125
97.8109512329102	147.164172363281	360.772526041667
95.3523025512695	146.801749674479	360.723764648438
92.8526992797852	146.433403320313	360.671194661458
90.3202514648438	146.057489420573	360.624602864583
87.8993988037109	145.701953125	360.580847981771
85.3252487182617	145.322155761719	360.543274739583
82.8667488098145	144.964561360677	360.506490885417
80.3708000183105	144.601572265625	360.465192057292
77.7459983825684	144.229482421875	360.436293945312
75.3664016723633	143.895059407552	360.425628255208
72.947998046875	143.543127441406	360.407361653646
70.4667015075684	143.191667480469	360.379612630208
67.8310508728027	142.830131022135	360.360317382812
65.3911018371582	142.488655598958	360.348139648438
62.8504486083984	142.141927897135	360.345735677083
60.3421001434326	141.808530273438	360.343883463542
57.8461494445801	141.471827799479	360.316236979167
55.4088001251221	141.16072265625	360.326743164063
52.9535503387451	140.85642985026	360.339663085937
50.3411998748779	140.538894856771	360.368522135417
47.882999420166	140.261328938802	360.385908203125
45.3791999816895	139.985610351562	360.410548502604
42.8892002105713	139.723606770833	360.429995117187
40.3087501525879	139.470620117187	360.464366861979
37.6943511962891	139.23380452474	360.502368164063
35.0146007537842	139.02958984375	360.547097981771
32.7803993225098	138.869861653646	360.572250976563
29.9471998214722	138.689185384115	360.595483398438
27.6370506286621	138.561224772135	360.606811523438
24.9725999832153	138.438166503906	360.595227864583
22.87144947052	138.321393229167	360.535719401042
19.9814500808716	138.211965332031	360.457426757812
17.9328002929688	138.131246744792	360.35595703125
15.2254500389099	138.023728027344	360.155885416667
12.8621001243591	137.890955403646	359.892376302083
10.9615998268127	137.722381184896	359.5416015625
9.98369979858398	137.617944335938	359.336984049479
9.74275016784668	137.585986328125	359.285476888021
9.04154968261719	137.428299153646	359.008619791667
8.88345003128052	137.407568359375	358.966788736979
8.78279972076416	137.38706624349	358.934516601563
8.66670036315918	137.359497884115	358.889820963542
8.5858998298645	137.337215983073	358.84970703125
8.46974992752075	137.305705566406	358.795480143229
8.36420011520386	137.278528645833	358.758481445313
8.27304983139038	137.255860188802	358.714697265625
8.17884969711304	137.22734781901	358.672823893229
8.06465005874634	137.194881998698	358.616036783854
7.97725009918213	137.166168619792	358.574029947917
7.88415002822876	137.131598307292	358.523282877604
7.77414989471436	137.092859700521	358.461616210938
7.67580008506775	137.051926269531	358.404705403646
7.5755500793457	137.015129394531	358.343465169271
7.47789978981018	136.971138509115	358.279869791667
7.3683500289917	136.922977701823	358.209860026042
7.2722499370575	136.87631266276	358.142443033854
7.17095017433167	136.821822102865	358.075402018229
7.07214999198914	136.766306966146	357.993284505208
7.05399990081787	136.781504720052	358.018522135417
6.4768500328064	136.419694824219	357.547003580729
6.15954995155334	136.104092610677	357.192112630208
6.06620001792908	135.996122233073	357.075297851562
5.97644996643066	135.881277669271	356.951975911458
5.87774991989136	135.756181640625	356.829625651042
5.77374982833862	135.583413085937	356.655174153646
5.65890002250671	135.387906901042	356.480283203125
5.56780004501343	135.202775878906	356.314444986979
5.47130012512207	134.948506673177	356.107482096354
5.35960006713867	134.698372395833	355.902511393229
5.25515007972717	134.382673339844	355.662508138021
5.17320013046265	134.091166992188	355.464456380208
5.07419991493225	133.706965332031	355.217322591146
4.97549986839294	133.256690266927	354.953579101562
4.87220001220703	132.673610839844	354.642088216146
4.77090001106262	131.969262695313	354.316655273437
4.67114996910095	131.072019856771	353.936342773437
4.56585001945496	129.767284342448	353.512999674479
4.46864986419678	128.088860677083	353.068388671875
4.37319993972778	125.585441894531	352.592071940104
4.2711501121521	120.314423828125	352.020268554687
4.17110013961792	102.764359944661	351.364624023438
4.07470011711121	0.256713754932086	350.682049153646
3.97655010223389	3.27096854647001E-4	349.857032877604
3.86310005187988	-5.09100063936785E-6	348.8125390625
3.76805007457733	-3.43642581719905E-5	347.718922526042
3.67610001564026	-4.71084005160568E-5	346.549360351563
3.57114994525909	-2.67371959247005E-5	344.8773828125
3.47465002536774	-7.89383957938602E-5	343.164861653646
3.37444996833801	-2.92835987056606E-5	340.850065104167
3.27184998989105	-1.10732454728956E-4	338.030921223958
3.16885006427765	-8.65495315520093E-5	334.180099283854
3.07330000400543	-2.2910168627277E-5	329.289977213542
2.96505010128021	1.90917980701973E-5	321.275919596354
2.86405003070831	6.74886266157652E-5	308.67892578125
2.76974999904633	-1.66811516198019E-4	284.105971679687
2.66775000095367	1.56624553880344E-4	178.836598307292
2.57095003128052	-2.2793329670094E-4	0.236737377643585
2.47565007209778	1.39999856473878E-4	0.0152919426560402
2.37059998512268	-8.90908297151327E-5	8.56544577594226E-4
2.28404998779297	-1.36181681300513E-4	-6.36363062464322E-6
2.19930005073547	-2.85196792780577E-4	-1.33685996600737E-4
2.09909999370575	4.55805588668833E-4	-4.20156012599667E-5
2.00740003585815	-1.92247717641294E-4	8.78482771804556E-5
1.91039997339249	-1.2755516381003E-4	3.51349713746458E-5
1.90885001420975	8.86145856929943E-4	1.47430701181293E-4
1.90749996900558	-3.87288935948163E-4	3.0555275734514E-6
1.90555000305176	1.33679612306878E-4	-9.24299119506031E-5
1.90435004234314	9.70896023791283E-4	1.45137896761298E-5
1.90299999713898	2.39861800917424E-4	-6.87481521163136E-6
1.90125000476837	-2.5819508836139E-4	2.13889331207611E-5
1.90065002441406	2.42153419007082E-4	1.60417086619418E-4
1.90040004253387	-2.55139542045072E-4	-1.82569911179598E-4
1.90024995803833	-2.16926135180984E-4	8.93730306415819E-5
1.9004499912262	-2.96384002547711E-4	-2.1312148112338E-4
1.90009999275208	1.2985896517057E-4	-1.20692455559038E-4
1.90030002593994	-6.32489481940865E-4	2.48259790532757E-4
1.90025001764297	2.03943052096292E-4	-2.82636601477861E-5
1.89980000257492	-9.60119138238952E-4	5.57587028015405E-5
1.90015000104904	7.14169727638364E-4	-2.06230808980763E-5
1.89985001087189	8.55475948192179E-5	-2.3678352823481E-5
1.89985001087189	-4.01792765362188E-4	-1.42845678608865E-4
1.90015000104904	-0.00164995685592294	-1.23746771365404E-4
1.89989995956421	1.84856295585632E-4	-2.26869078353047E-4
1.90009999275208	1.0083069652319E-4	1.91731100901961E-4
1.90009999275208	2.29032691568136E-5	-7.59493559598923E-7
1.90000003576279	9.39379492774606E-5	-1.99331748764962E-4
1.89989995956421	-4.5823403634131E-6	-7.10262465290725E-5
1.89969998598099	7.7823387272656E-4	-1.52744608931243E-5
1.89984995126724	3.51377548649907E-5	2.42153058294207E-4
1.90004998445511	1.87155049177818E-4	7.79176093637943E-5
1.90039998292923	-5.95840439200401E-5	1.26043193042278E-4
1.89980000257492	-2.29169386439025E-5	-1.18404205539264E-4
1.89989995956421	-1.14584729308262E-5	1.22987599577755E-4
1.89985001087189	-1.16866376600228E-4	-1.44364344072528E-4
1.90009999275208	-2.00124102644622E-4	-1.18394039105624E-4
1.89965003728867	1.43600523588248E-4	1.60404893103987E-5
1.90034997463226	-6.64534273091704E-5	-5.19406074890867E-5
1.89974999427795	5.27014185208827E-5	1.94766127620824E-4
1.89970004558563	-1.44356047501788E-4	-9.85287431394681E-5
1.89974999427795	-1.01583890267648E-4	5.42289989534765E-5
1.90004998445511	6.85118482797407E-4	-7.17961370246485E-5
1.90034997463226	-2.82596363686025E-5	1.06164606986567E-4
1.90034997463226	-2.36769986804575E-4	-1.53518604813144E-4
1.89994996786118	4.35351237189025E-4	2.23022052552551E-4
1.89959996938705	2.81068881507963E-4	-2.85651529673487E-4
1.90030002593994	6.64491822244599E-5	-3.20789786055684E-5
1.89994996786118	-1.74142155388836E-4	-6.64489828632213E-5
1.90070003271103	-1.29842874011956E-5	9.16537118609995E-6
1.89994996786118	2.37536014930811E-4	-1.4511852117721E-5
1.90015000104904	-6.12902251305059E-6	3.80893849069253E-6
1.90025001764297	3.78118761174846E-4	-7.1804361010436E-5
1.89939999580383	-1.03887176548596E-4	-1.09234309988096E-4
1.89974999427795	-1.75691543263383E-4	7.25682494812645E-5
1.89974999427795	1.49710062833037E-4	-4.12412183359265E-5
1.89985001087189	5.68269692827016E-4	1.18389522889629E-4
1.90009999275208	-2.71913996781223E-4	-1.3061038183514E-4
1.89980000257492	3.06285151978955E-4	1.35956997284666E-4
1.89999997615814	1.42067423090339E-4	7.63805117458105E-7
1.90015000104904	1.06164178694598E-4	1.29840492736548E-5
1.89934998750687	-2.36772276111878E-5	-8.63073072396219E-5
1.8996000289917	1.8865400768118E-4	-2.70378622866701E-4
1.89995002746582	1.22968810086604E-4	-2.15386362746358E-4
1.90015000104904	8.63241971237585E-5	-3.26953612559009E-4
1.89954996109009	-1.62714969366789E-4	-8.93786464584991E-5
1.90005004405975	-1.98619207949378E-5	-2.06258436664939E-5
1.89969998598099	-1.61951043643057E-4	4.73630484193563E-5
1.89994996786118	-4.35434370301664E-5	7.10445516742766E-5
