294.2	47.02089
294.1	46.96687
293.7	46.93981
293.4	46.90697
292.9	46.59113
292.3	46.7185
291.4	46.60794
289.8	46.36427
287.8	46.09283
285.8	45.93905
284.2	45.8224
282.8	45.69104
281.3	45.56837
280	45.46551
278.7	45.35065
277.6	45.2445
276.6	45.16035
275.6	45.07872
274.8	44.99988
273.9	44.93662
273.2	44.86331
272.4	44.794
271.8	44.72923
271.1	44.67833
270.5	44.62513
270	44.57602
269.5	44.53133
269	44.48437
268.5	44.44682
268	44.40585
267.6	44.36785
267.2	44.33852
266.8	44.29767
266.4	44.27
266.1	44.23882
265.7	44.20245
265.4	44.17026
265.1	44.15271
264.8	44.12105
264.6	44.09298
264.3	44.07627
264	44.04748
263.8	44.02816
263.5	44.01175
263.2	43.97633
263	43.9551
262.8	43.94032
262.6	43.9278
262.4	43.90289
262.2	43.87741
262	43.8625
261.8	43.85679
261.6	43.82923
261.4	43.8264
261.2	43.80258
261	43.77378
260.8	43.75056
260.6	43.74314
260.5	43.72685
260.3	43.71074
260.2	43.69306
260	43.68164
259.8	43.65151
259.6	43.64483
259.4	43.63382
259.3	43.60858
259.1	43.59611
258.9	43.57381
258.7	43.56982
258.5	43.53877
258.4	43.52368
258.2	43.52046
258.1	43.49863
257.9	43.48217
257.8	43.46785
257.6	43.45424
257.4	43.44581
257.3	43.42136
257.1	43.40562
256.9	43.38529
256.7	43.36502
256.6	43.34813
256.5	43.33784
256.3	43.32599
256.1	43.30693
256	43.28855
255.9	43.28066
255.7	43.26848
255.6	43.24679
255.5	43.24102
255.3	43.23807
255.1	43.20547
255	43.19432
254.9	43.18409
254.8	43.17246
254.6	43.159
254.5	43.13623
254.3	43.13415
254.2	43.11256
254	43.09807
253.9	43.07922
253.7	43.06809
253.6	43.0528
253.5	43.04306
253.4	43.03695
253.2	43.0195
253.1	43.00287
253	42.99613
252.9	42.98139
252.7	42.96949
252.6	42.95354
252.5	42.94596
252.4	42.9341
252.3	42.93337
252.2	42.91207
252.1	42.90174
252	42.88535
251.9	42.89363
251.8	42.892
251.7	42.87108
251.6	42.8567
251.5	42.84523
251.4	42.8413
251.3	42.82849
251.2	42.84097
251.1	42.79919
251	42.7844
250.9	42.78299
250.8	42.76792
250.7	42.76623
250.6	42.7535
250.5	42.74839
250.4	42.73498
250.2	42.72035
250	42.6948
249.8	42.67329
249.7	42.6657
249.6	42.6665
249.5	42.64145
249.4	42.63687
249.3	42.62243
249.2	42.61527
249.1	42.60241
249	42.5938
248.9	42.58375
248.8	42.57514
248.7	42.566
248.6	42.55141
248.5	42.54359
248.4	42.53221
248.3	42.52248
248.2	42.51419
248.1	42.50466
248	42.49618
247.9	42.48396
247.8	42.46606
247.7	42.46458
247.6	42.45302
247.5	42.44543
247.4	42.43399
247.3	42.42024
247.2	42.41519
247.1	42.39869
247	42.39923
246.9	42.38569
246.8	42.37662
246.7	42.35779
246.6	42.3572
246.5	42.34402
246.4	42.33483
246.3	42.32327
246.2	42.31181
246.1	42.30125
246	42.29372
245.9	42.28458
245.7	42.27238
245.6	42.25819
245.5	42.2429
245.4	42.23042
245.3	42.22414
245.2	42.2078
245.1	42.2115
245	42.19487
244.9	42.18389
244.8	42.17654
244.7	42.16532
244.6	42.15235
244.5	42.14881
244.4	42.13432
244.3	42.12364
244.2	42.11354
244.1	42.10548
244	42.09656
243.9	42.08351
243.8	42.07562
243.7	42.06107
243.6	42.05685
243.5	42.04451
243.4	42.04121
243.3	42.02025
243.2	42.01549
243.1	42.00572
243	41.99191
242.9	41.98266
242.8	41.9745
242.7	41.96809
242.6	41.95027
242.5	41.93142
242.4	41.93618
242.3	41.92138
242.2	41.9124
242.1	41.90428
242	41.89267
241.9	41.88247
241.8	41.86879
241.7	41.85905
241.5	41.84918
241.4	41.83068
241.3	41.82153
241.2	41.80842
241.1	41.79984
241	41.78787
240.9	41.78219
240.8	41.76446
240.7	41.76314
240.6	41.74915
240.5	41.7382
240.4	41.72187
240.3	41.7201
240.2	41.71091
240.1	41.71026
240	41.67821
239.9	41.67699
239.8	41.67257
239.7	41.66314
239.6	41.65138
239.5	41.63609
239.4	41.62233
239.3	41.61839
239.2	41.60439
239.1	41.59433
239	41.58746
238.9	41.574
238.8	41.56379
238.7	41.55596
238.6	41.54852
238.5	41.53355
238.4	41.5246
238.3	41.5114
238.2	41.50068
238.1	41.49148
238	41.48515
237.9	41.47648
237.8	41.46317
237.7	41.45269
237.6	41.43902
237.5	41.43251
237.4	41.42124
237.3	41.40881
237.2	41.40174
237.1	41.39175
237	41.37931
236.9	41.36888
236.8	41.35408
236.7	41.34759
236.6	41.33635
236.5	41.32965
236.4	41.31512
236.3	41.30504
236.2	41.29532
236.1	41.28335
236	41.27651
235.9	41.2699
235.8	41.25711
235.7	41.24805
235.6	41.24496
235.5	41.21242
235.4	41.1969
235.3	41.20517
235.2	41.19537
235.1	41.17783
235	41.17546
234.9	41.16272
234.8	41.15516
234.7	41.1413
234.6	41.12648
234.5	41.12002
234.4	41.10385
234.3	41.09321
234.2	41.09135
234.1	41.08624
234	41.06256
233.9	41.05075
233.8	41.0414
233.7	41.03042
233.6	41.01948
233.5	41.0015
233.4	40.9995
233.3	40.99945
233.2	40.97539
233.1	40.97095
233	40.96746
232.9	40.95616
232.8	40.9426
232.7	40.93579
232.6	40.92503
232.5	40.91181
232.4	40.90055
232.3	40.89175
232.2	40.88386
232.1	40.8692
232	40.85104
231.9	40.85146
231.8	40.84194
231.7	40.83923
231.6	40.81791
231.5	40.81058
231.4	40.79969
231.3	40.78837
231.2	40.77504
231.1	40.76422
231	40.75697
230.9	40.75209
230.8	40.73525
230.7	40.72487
230.6	40.71556
230.5	40.70724
230.4	40.69548
230.3	40.68601
230.2	40.67838
230.1	40.66822
230	40.65537
229.9	40.64944
229.8	40.63245
229.7	40.6261
229.6	40.61087
229.5	40.60358
229.4	40.5935
229.3	40.57975
229.2	40.56915
229.1	40.55989
229	40.5481
228.9	40.54266
228.8	40.53182
228.7	40.51788
228.6	40.51155
228.5	40.50358
228.4	40.48895
228.3	40.47152
228.2	40.47357
228.1	40.45867
228	40.45084
227.9	40.43615
227.8	40.42486
227.7	40.41051
227.6	40.40912
227.5	40.39522
227.4	40.39043
227.3	40.37602
227.2	40.36525
227.1	40.35614
227	40.34395
226.9	40.33216
226.8	40.32401
226.7	40.31067
226.6	40.30048
226.5	40.29203
226.4	40.28813
226.3	40.27565
226.2	40.26137
226.1	40.25058
226	40.25115
225.9	40.22921
225.8	40.22448
225.7	40.21109
225.6	40.19891
225.5	40.1889
225.4	40.18007
225.3	40.17133
225.2	40.1442
225.1	40.14549
225	40.13518
224.9	40.11954
224.8	40.11484
224.7	40.10656
224.6	40.09293
224.5	40.09673
224.4	40.08325
224.3	40.07294
224.2	40.05177
224.1	40.04519
224	40.04151
223.9	40.02765
223.8	40.01245
223.7	39.99448
223.6	39.99414
223.5	39.98198
223.4	39.97241
223.3	39.96042
223.2	39.94833
223.1	39.93941
223	39.93318
222.9	39.92097
222.8	39.90614
222.7	39.89885
222.6	39.89374
222.5	39.87245
222.4	39.86864
222.3	39.8625
222.2	39.84452
222.1	39.83691
222	39.82966
221.9	39.82548
221.8	39.80862
221.7	39.80729
221.6	39.78771
221.5	39.76676
221.4	39.76361
221.3	39.75795
221.2	39.74657
221.1	39.72601
221	39.7259
220.9	39.72413
220.8	39.72877
220.7	39.69481
220.6	39.68184
220.5	39.67429
220.4	39.66146
220.3	39.65069
220.2	39.65774
220.1	39.63584
220	39.62309
219.9	39.61637
219.8	39.60402
219.7	39.59326
219.6	39.57899
219.5	39.57383
219.4	39.55243
219.3	39.54968
219.2	39.54352
219.1	39.53772
219	39.52898
218.9	39.51055
218.8	39.49871
218.7	39.48818
218.6	39.46216
218.5	39.46698
218.4	39.46318
218.3	39.44748
218.2	39.44497
218.1	39.44142
218	39.41433
217.9	39.40599
217.8	39.40126
217.7	39.37985
217.6	39.37697
217.5	39.37094
217.4	39.36406
217.3	39.35154
217.2	39.33317
217.1	39.32491
217	39.31427
216.9	39.29555
216.8	39.27886
216.7	39.27844
216.6	39.28042
216.5	39.2615
216.4	39.2373
216.3	39.23013
216.2	39.23319
216.1	39.21517
216	39.20566
215.9	39.18999
215.8	39.18215
215.7	39.16697
215.6	39.16497
215.5	39.15846
215.4	39.14137
215.3	39.12751
215.2	39.11859
215.1	39.10802
215	39.10219
214.9	39.08403
214.8	39.07658
214.7	39.06296
214.6	39.04638
214.5	39.03734
214.4	39.03154
214.3	39.0307
214.2	39.01259
214.1	38.99656
214	38.99336
213.9	38.97325
213.8	38.9636
213.7	38.96488
213.6	38.94121
213.5	38.92725
213.4	38.90969
213.3	38.91629
213.2	38.90079
213.1	38.88996
213	38.87508
212.9	38.87048
212.8	38.86415
212.7	38.84531
212.6	38.83759
212.5	38.82517
212.4	38.8104
212.3	38.80464
212.2	38.79748
212.1	38.78275
212	38.76895
211.9	38.75964
211.8	38.74735
211.7	38.73956
211.6	38.7246
211.5	38.71543
211.4	38.70656
211.3	38.69288
211.2	38.68957
211.1	38.67416
211	38.65954
210.9	38.64844
210.8	38.63774
210.7	38.62816
210.6	38.61754
210.5	38.60751
210.4	38.5879
210.3	38.59131
210.2	38.57344
210.1	38.56357
210	38.55268
209.9	38.53873
209.8	38.52905
209.7	38.52116
209.6	38.51135
209.5	38.50162
209.4	38.4886
209.3	38.48073
209.2	38.46915
209.1	38.4584
209	38.44806
208.9	38.43913
208.8	38.41435
208.7	38.41671
208.6	38.4082
208.5	38.40355
208.4	38.3854
208.3	38.37838
208.2	38.36226
208.1	38.36925
208	38.34406
207.9	38.34179
207.8	38.3197
207.7	38.31727
207.6	38.30846
207.5	38.29262
207.4	38.28662
207.3	38.27507
207.2	38.26821
207.1	38.24556
207	38.24128
206.9	38.23242
206.8	38.2324
206.7	38.22447
206.6	38.197
206.5	38.19384
206.4	38.18217
206.3	38.17054
206.2	38.16559
206.1	38.14969
206	38.15133
205.9	38.1268
205.8	38.11691
205.7	38.10984
205.6	38.09338
205.5	38.07873
205.4	38.0764
205.3	38.06566
205.2	38.05695
205.1	38.04646
205	38.03573
204.9	38.02221
204.8	38.01344
204.7	37.99878
204.6	37.99038
204.5	37.97951
204.4	37.9608
204.3	37.9633
204.2	37.95028
204.1	37.93863
204	37.92824
203.9	37.91826
203.8	37.90547
203.7	37.89325
203.6	37.88789
203.5	37.87534
203.4	37.86941
203.3	37.8536
203.2	37.84263
203.1	37.83462
203	37.82287
202.9	37.81487
202.8	37.80221
202.7	37.79259
202.6	37.78298
202.5	37.77148
202.4	37.76506
202.3	37.7541
202.2	37.73997
202.1	37.73063
202	37.72242
201.9	37.71065
201.8	37.70046
201.7	37.69306
201.6	37.68501
201.5	37.67049
201.4	37.65826
201.3	37.64404
201.2	37.63541
201.1	37.62659
201	37.61938
200.9	37.606
200.8	37.59696
200.7	37.5861
200.6	37.571
200.5	37.56558
200.4	37.55647
200.3	37.54873
200.2	37.52968
200.1	37.51433
200	37.52082
199.86	37.48645
199.72	37.48895
199.57	37.46996
199.44	37.46551
199.29	37.42737
199.15	37.41815
199.01	37.3968
198.86	37.38281
198.72	37.37412
198.58	37.34387
198.44	37.33846
198.29	37.32762
198.14	37.31788
198.01	37.28686
197.87	37.27672
197.74	37.26616
197.6	37.24904
197.47	37.23462
197.33	37.2364
197.2	37.20924
197.06	37.19345
196.93	37.17958
196.8	37.15511
196.66	37.13785
196.52	37.12637
196.39	37.10516
196.26	37.09456
196.12	37.09107
195.98	37.09466
195.84	37.0811
195.7	37.0362
195.56	37.03338
195.42	37.01429
195.27	37.01132
195.14	36.977
194.99	36.96709
194.86	36.95923
194.73	36.9401
194.6	36.91951
194.47	36.90819
194.33	36.89816
194.19	36.87945
194.06	36.85354
193.93	36.85616
193.8	36.84023
193.66	36.82143
193.52	36.80967
193.37	36.79915
193.24	36.77986
193.09	36.75966
192.96	36.7596
192.81	36.73617
192.66	36.71862
192.53	36.69536
192.39	36.69748
192.26	36.67617
192.13	36.65717
191.98	36.64393
191.83	36.62639
191.7	36.61415
191.57	36.60228
191.43	36.58461
191.3	36.57677
191.17	36.56294
191.03	36.554
190.9	36.53313
190.75	36.51781
190.61	36.50048
190.46	36.48769
190.31	36.47225
190.18	36.45636
190.04	36.45023
189.89	36.43156
189.76	36.41205
189.62	36.39599
189.48	36.37948
189.35	36.36541
189.22	36.35241
189.09	36.33882
188.96	36.32898
188.84	36.30911
188.69	36.29477
188.56	36.28155
188.43	36.26652
188.29	36.2498
188.15	36.23526
188.02	36.22458
187.89	36.21208
187.76	36.19252
187.62	36.17782
187.47	36.16251
187.35	36.15071
187.2	36.13282
187.06	36.11801
186.91	36.09816
186.76	36.08254
186.63	36.06838
186.5	36.05543
186.37	36.03968
186.24	36.02761
186.09	36.01102
185.95	35.99662
185.8	35.97237
185.67	35.96484
185.54	35.94917
185.41	35.9405
185.28	35.92185
185.15	35.90805
185	35.89095
184.86	35.87829
184.71	35.85789
184.58	35.84492
184.45	35.83117
184.31	35.81472
184.17	35.80093
184.03	35.78473
183.9	35.77297
183.77	35.75555
183.64	35.7467
183.51	35.72567
183.38	35.7202
183.25	35.69066
183.12	35.68505
182.98	35.6864
182.85	35.6651
182.72	35.64505
182.59	35.63152
182.45	35.61924
182.32	35.60704
182.19	35.5888
182.04	35.55445
181.91	35.55617
181.76	35.54751
181.63	35.52822
181.5	35.51012
181.37	35.49125
181.23	35.47814
181.1	35.48046
180.95	35.47072
180.82	35.46023
180.69	35.43949
180.57	35.43071
180.44	35.40685
180.31	35.39973
180.17	35.37173
180.04	35.37197
179.91	35.35664
179.78	35.34303
179.65	35.32644
179.51	35.3099
179.37	35.29133
179.24	35.28429
179.1	35.27212
178.97	35.25342
178.84	35.24418
178.72	35.22641
178.58	35.2103
178.44	35.19605
178.32	35.18001
178.19	35.1661
178.06	35.1523
177.93	35.13715
177.8	35.11775
177.68	35.10083
177.55	35.0944
177.42	35.07956
177.28	35.06394
177.15	35.0506
177.03	35.03275
176.9	35.02334
176.77	35.01591
176.65	34.98868
176.52	34.97766
176.39	34.96418
176.26	34.94902
176.15	34.93663
176.01	34.92132
175.88	34.90399
175.75	34.89148
175.61	34.88287
175.48	34.86384
175.36	34.85013
175.21	34.8326
175.07	34.81561
174.93	34.79687
174.82	34.78443
174.69	34.7694
174.57	34.75941
174.44	34.74407
174.31	34.72606
174.18	34.71457
174.04	34.69718
173.91	34.6766
173.77	34.67183
173.63	34.65912
173.5	34.63549
173.38	34.62409
173.25	34.60787
173.14	34.59619
173.01	34.57459
172.88	34.56869
172.77	34.55417
172.64	34.54202
172.53	34.52693
172.4	34.50125
172.27	34.50212
172.14	34.49429
172.01	34.48118
171.89	34.45917
171.76	34.44235
171.63	34.42389
171.52	34.41614
171.4	34.40132
171.27	34.38814
171.14	34.36701
171.02	34.35474
170.91	34.34098
170.78	34.33157
170.65	34.31645
170.51	34.30355
170.38	34.29014
170.26	34.27771
170.12	34.262
169.99	34.24325
169.86	34.21992
169.73	34.22008
169.6	34.19183
169.47	34.19511
169.36	34.17482
169.24	34.16222
169.11	34.13611
168.99	34.12534
168.6	33.98778
168.01	33.93119
167.43	33.87275
166.88	33.80403
166.38	33.75573
165.92	33.71175
165.5	33.66721
165.1	33.62291
164.73	33.5898
164.28	33.53332
163.95	33.50603
163.63	33.45748
163.31	33.42121
163	33.39411
162.69	33.3555
162.4	33.32401
162.11	33.29459
161.82	33.26174
161.54	33.2294
161.26	33.20248
160.99	33.17163
160.72	33.14163
160.36	33.10423
160.09	33.07368
159.74	33.03598
159.4	32.99257
159.05	32.96169
158.76	32.92522
158.42	32.88573
158.09	32.85189
157.77	32.80405
157.44	32.77798
157.13	32.74377
156.82	32.71041
156.51	32.66843
156.2	32.63878
155.9	32.61732
155.59	32.57255
155.29	32.54329
155	32.50713
154.7	32.47297
154.42	32.44241
154.16	32.41034
153.86	32.38833
153.58	32.34732
153.29	32.3156
153	32.28487
152.72	32.25285
152.45	32.21946
152.17	32.18777
151.89	32.1581
151.61	32.12379
151.34	32.10093
151.07	32.06681
150.79	32.0339
150.52	32.00245
150.25	31.97298
150	31.94401
149.74	31.91409
149.48	31.88595
149.23	31.85549
148.98	31.82177
148.72	31.79172
148.47	31.77293
148.22	31.73278
147.97	31.70376
147.72	31.669
147.47	31.64418
147.22	31.61578
146.98	31.586
146.72	31.55913
146.47	31.52996
146.22	31.49698
145.98	31.46287
145.73	31.44361
145.48	31.4137
145.24	31.38577
144.99	31.35701
144.76	31.3413
144.51	31.29746
144.26	31.26866
144.03	31.24166
143.78	31.21277
143.55	31.19105
143.3	31.1573
143.1	31.12954
142.84	31.09962
142.59	31.0738
142.34	31.04676
142.1	31.01778
141.86	30.98656
141.62	30.96881
141.38	30.93448
141.14	30.9037
140.9	30.8792
140.66	30.85048
140.42	30.82347
140.18	30.79889
139.94	30.77062
139.71	30.74487
139.47	30.72041
139.25	30.68757
139.03	30.65842
138.79	30.63721
138.56	30.6132
138.33	30.58473
138.05	30.55094
137.83	30.5245
137.59	30.49565
137.36	30.46704
137.14	30.44057
136.92	30.41448
136.7	30.39213
136.48	30.36424
136.25	30.33885
136.03	30.31174
135.81	30.28583
135.59	30.26587
135.37	30.2363
135.15	30.19831
134.94	30.17944
134.72	30.15561
134.49	30.12897
134.27	30.1028
134.06	30.07085
133.83	30.0505
133.59	30.02355
133.37	29.99437
133.11	29.96956
132.88	29.94102
132.66	29.91462
132.45	29.88792
132.22	29.86322
132.02	29.8416
131.79	29.81058
131.58	29.79057
131.38	29.75626
131.17	29.73806
130.95	29.71589
130.73	29.68442
130.53	29.65651
130.32	29.63916
130.09	29.61137
129.88	29.58444
129.67	29.56183
129.47	29.53291
129.23	29.51767
128.97	29.48063
128.76	29.45665
128.56	29.4266
128.35	29.40552
128.14	29.37859
127.94	29.34663
127.73	29.32931
127.53	29.32
127.32	29.29027
127.12	29.25472
126.91	29.2372
126.72	29.20712
126.51	29.17373
126.31	29.1616
126.12	29.1335
125.9	29.12158
125.64	29.08795
125.45	29.05201
125.25	29.04222
125.05	29.02183
124.81	28.9858
124.61	28.96017
124.42	28.93793
124.22	28.92198
124.03	28.89154
123.83	28.86747
123.64	28.85217
123.45	28.81958
123.25	28.8062
123.01	28.76742
122.82	28.73991
122.61	28.71622
122.37	28.69089
122.18	28.66702
122.01	28.64918
121.81	28.62518
121.62	28.61154
121.38	28.57292
121.16	28.53559
120.97	28.5222
120.77	28.49531
120.53	28.4685
120.3	28.43042
120.04	28.382
119.73	28.32102
119.4	28.30179
119.17	28.25481
118.87	28.24785
118.62	28.2165
118.38	28.19269
118.17	28.16983
117.95	28.14276
117.76	28.11316
117.55	28.09027
117.36	28.07154
117.13	28.03997
116.9	28.01462
116.67	27.98516
116.43	27.95378
116.24	27.93324
116.01	27.90131
115.82	27.87603
115.63	27.85209
115.41	27.8288
115.16	27.80832
114.93	27.77409
114.73	27.75421
114.48	27.71995
114.24	27.68432
113.99	27.66217
113.8	27.65164
113.61	27.62009
113.42	27.58796
113.21	27.57623
113.03	27.54404
112.79	27.51293
112.61	27.47717
112.41	27.46408
112.16	27.43813
111.93	27.40861
111.7	27.38037
111.52	27.36264
111.33	27.33865
111.09	27.31157
110.9	27.28387
110.67	27.26261
110.49	27.2378
110.25	27.20951
110.06	27.18821
109.83	27.15796
109.62	27.13953
109.44	27.10363
109.25	27.08744
109.07	27.05789
108.84	27.03641
108.61	27.00881
108.39	26.97872
108.15	26.95414
107.94	26.91432
107.72	26.89511
107.51	26.87093
107.32	26.84752
107.08	26.83523
106.88	26.79091
106.66	26.75111
106.44	26.74102
106.26	26.71294
106.05	26.68499
105.85	26.65623
105.65	26.63892
105.44	26.61745
105.23	26.58479
105.03	26.55995
104.81	26.52685
104.59	26.50357
104.38	26.47441
104.17	26.45046
103.95	26.42039
103.74	26.40156
103.53	26.35992
103.33	26.34016
103.1	26.31001
102.91	26.28426
102.68	26.25067
102.46	26.22988
102.27	26.20126
102.06	26.17876
101.83	26.15008
101.66	26.13049
101.49	26.10321
101.32	26.08749
101.1	26.06109
100.86	26.03737
100.67	26.00933
100.5	25.99929
100.32	25.97382
100.15	25.94387
99.96	25.91981
99.78	25.90163
99.58	25.87365
99.41	25.85026
99.23	25.83288
99.06	25.81334
98.87	25.78456
98.68	25.73969
98.5	25.74205
98.32	25.71732
98.13	25.69651
97.94	25.6681
97.77	25.64752
97.61	25.62347
97.39	25.60526
97.2	25.58368
97.01	25.56106
96.84	25.53403
96.63	25.51392
96.46	25.49049
96.27	25.46568
96.08	25.44418
95.89	25.41491
95.72	25.39918
95.53	25.37263
95.34	25.34874
95.17	25.32855
94.98	25.30578
94.79	25.28793
94.6	25.24982
94.41	25.23941
94.24	25.21465
94.05	25.18989
93.86	25.17382
93.69	25.14234
93.5	25.12477
93.32	25.10312
93.14	25.08345
92.97	25.05668
92.79	25.03633
92.6	25.01117
92.43	24.99035
92.26	24.95688
92.06	24.93797
91.91	24.92121
91.73	24.89968
91.54	24.87076
91.37	24.85978
91.21	24.83299
91.02	24.81043
90.81	24.7846
90.64	24.75947
90.47	24.74722
90.3	24.70981
90.11	24.69681
89.95	24.67895
89.77	24.65165
89.6	24.62707
89.49	24.61929
89.31	24.5942
89.14	24.57038
88.95	24.55363
88.77	24.52874
88.6	24.5058
88.42	24.48439
88.25	24.46329
88.07	24.43869
87.9	24.41536
87.72	24.39645
87.54	24.37466
87.37	24.35499
87.19	24.33306
87.03	24.31014
86.84	24.28884
86.67	24.26603
86.49	24.2418
86.32	24.22329
86.16	24.20374
85.97	24.18734
85.81	24.15855
85.63	24.13071
85.35	24.08483
85.09	24.05717
84.87	24.03326
84.66	24.02077
84.44	23.98362
84.25	23.98305
84.08	23.93267
83.83	23.90449
83.59	23.86946
83.35	23.8382
83.13	23.81423
82.93	23.78417
82.7	23.74769
82.49	23.72191
82.29	23.69115
82.08	23.67777
81.88	23.65695
81.67	23.62493
81.46	23.59562
81.23	23.55883
81.02	23.54797
80.81	23.51514
80.62	23.48339
80.42	23.45314
80.22	23.43608
80	23.40646
79.78	23.38304
79.57	23.34886
79.37	23.32702
79.16	23.31147
78.94	23.28329
78.76	23.25858
78.56	23.23913
78.3	23.20094
78.1	23.18484
77.89	23.16219
77.68	23.11778
77.48	23.10658
77.29	23.07866
77.07	23.06435
76.87	23.03207
76.69	23.00748
76.46	22.98468
76.26	22.96534
76.02	22.92652
75.81	22.90186
75.63	22.88086
75.38	22.83634
75.19	22.83264
74.99	22.7999
74.8	22.77435
74.6	22.7485
74.39	22.72377
74.17	22.69796
73.97	22.67412
73.71	22.63404
73.49	22.62047
73.3	22.58647
73.1	22.56025
72.86	22.53934
72.68	22.51255
72.47	22.48786
72.25	22.46086
72.05	22.44034
71.85	22.41594
71.67	22.38886
71.45	22.36537
71.27	22.34414
71.04	22.31125
70.84	22.28531
70.66	22.26359
70.46	22.24302
70.28	22.21739
70.1	22.19604
69.88	22.17225
69.72	22.14934
69.5	22.12731
69.34	22.10725
69.14	22.0817
68.96	22.05774
68.77	22.03456
68.59	22.01392
68.39	22.00643
68.2	21.96528
67.97	21.94063
67.79	21.92439
67.6	21.88962
67.4	21.87425
67.15	21.84343
66.94	21.82474
66.75	21.79641
66.55	21.77189
66.33	21.7423
66.13	21.71805
65.91	21.69361
65.71	21.67769
65.54	21.65013
65.36	21.62019
65.13	21.59724
64.94	21.56794
64.74	21.55529
64.52	21.52682
64.27	21.50338
64.05	21.47471
63.83	21.4461
63.64	21.42514
63.47	21.40287
63.26	21.39702
63.05	21.35486
62.83	21.33311
62.68	21.33952
62.47	21.2919
62.28	21.27756
62.11	21.26416
61.9	21.22588
61.69	21.19771
61.5	21.18007
61.31	21.16948
61.11	21.1363
60.92	21.10965
60.73	21.09135
60.54	21.07233
60.33	21.04093
60.14	21.01599
59.94	20.98799
59.75	20.98194
59.54	20.95732
59.35	20.93935
59.18	20.91533
58.97	20.89042
58.77	20.86654
58.55	20.8368
58.36	20.82482
58.2	20.79758
58	20.7866
57.82	20.76701
57.63	20.74627
57.43	20.72581
57.21	20.70424
57.02	20.67768
56.82	20.65553
56.62	20.6365
56.41	20.6164
56.21	20.59664
56.02	20.58634
55.82	20.53909
55.6	20.51969
55.41	20.50631
55.19	20.48309
54.99	20.45559
54.8	20.44644
54.61	20.42679
54.4	20.40799
54.21	20.3805
54	20.35577
53.82	20.3345
53.63	20.31115
53.42	20.29128
53.25	20.26126
53.04	20.24905
52.85	20.22763
52.69	20.21095
52.5	20.19261
52.35	20.17263
52.16	20.15431
51.95	20.13291
51.78	20.09927
51.61	20.09484
51.43	20.0752
51.23	20.04912
51.04	20.03554
50.83	20.01719
50.66	19.99621
50.51	19.97956
50.31	19.95469
50.12	19.93335
49.93	19.91626
49.72	19.91638
49.55	19.88046
49.35	19.86074
49.18	19.84316
49.01	19.82751
48.82	19.81008
48.63	19.78885
48.45	19.77077
48.26	19.74252
48.07	19.72667
47.88	19.72051
47.69	19.69801
47.51	19.65748
47.32	19.66298
47.13	19.6278
46.93	19.63625
46.73	19.59987
46.45	19.55691
46.15	19.54261
45.91	19.5162
45.7	19.50326
45.47	19.48653
45.29	19.46463
45.06	19.43183
44.87	19.41645
44.67	19.40496
44.44	19.38649
44.22	19.35696
44.01	19.35369
43.83	19.34368
43.66	19.31776
43.45	19.29522
43.25	19.27317
43.05	19.25792
42.84	19.23963
42.64	19.22017
42.43	19.21219
42.23	19.18742
42.04	19.1702
41.87	19.15209
41.66	19.13521
41.46	19.1182
41.28	19.10299
41.07	19.09197
40.87	19.07566
40.69	19.0561
40.48	19.03919
40.27	19.02495
40.08	19.00813
39.9	19.00068
39.73	18.97869
39.53	18.95194
39.34	18.9535
39.17	18.92709
38.97	18.91457
38.78	18.89035
38.59	18.87696
38.43	18.87273
38.23	18.84654
38.04	18.82923
37.87	18.81863
37.64	18.80413
37.44	18.79465
37.27	18.77706
37.05	18.767
36.88	18.76103
36.66	18.73399
36.47	18.70822
36.32	18.7085
36.15	18.69535
35.97	18.67216
35.79	18.657
35.62	18.64573
35.44	18.63292
35.24	18.61457
35.06	18.60405
34.9	18.59278
34.68	18.58419
34.48	18.56734
34.3	18.55051
34.06	18.54274
33.89	18.53136
33.73	18.51648
33.57	18.51577
33.42	18.49534
33.26	18.49546
33.13	18.46736
33.01	18.47238
32.87	18.46492
32.74	18.45522
32.61	18.44077
32.48	18.43453
32.34	18.42025
32.21	18.41246
32.07	18.39238
31.95	18.39112
31.81	18.38574
31.68	18.37702
31.55	18.37019
31.4	18.36646
31.26	18.3506
31.11	18.34598
30.96	18.33475
30.81	18.32797
30.66	18.32452
30.5	18.32157
30.34	18.31223
30.18	18.30124
30.06	18.29923
29.93	18.29471
29.8	18.28243
29.68	18.27506
29.55	18.26839
29.43	18.25859
29.31	18.25343
29.19	18.2497
29.07	18.23974
28.94	18.23176
28.82	18.21064
28.7	18.21169
28.57	18.22017
28.45	18.20568
28.33	18.18805
28.21	18.17496
28.08	18.19001
27.95	18.18088
27.83	18.17806
27.71	18.16275
27.59	18.16324
27.47	18.15287
27.35	18.15773
27.23	18.1551
27.12	18.14771
27.01	18.15023
26.9	18.15064
26.79	18.12828
26.68	18.1228
26.57	18.11736
26.46	18.10831
26.35	18.10466
26.24	18.10438
26.14	18.09579
26.04	18.09021
25.94	18.08844
25.84	18.08398
25.74	18.06779
25.64	18.07737
25.54	18.0707
25.44	18.06962
25.34	18.06336
25.24	18.05287
25.14	18.03284
25.04	18.06702
24.94	18.09198
24.84	18.04531
24.74	18.02776
24.64	18.03863
24.54	18.03341
24.44	18.03138
24.34	18.02911
24.24	18.02103
24.14	18.02222
24.04	18.01664
23.81	18.01023
23.6	18.00757
23.43	17.99487
23.15	17.98615
22.96	17.97897
22.6	17.97619
22.3	17.9575
21.88	17.94503
21.35	17.92624
20.88	17.9317
20.29	17.89885
19.8	17.88765
19.3	17.87265
18.78	17.86209
18.19	17.849
17.72	17.83661
17.19	17.82749
16.72	17.81521
16.21	17.81279
15.63	17.80205
15.12	17.78826
14.44	17.77216
13.6	17.77517
13.05	17.75622
12.58	17.75464
12.23	17.75288
11.92	17.7417
11.6	17.73172
11.36	17.73865
11.15	17.74443
10.96	17.73517
10.8	17.73648
10.65	17.73301
10.51	17.73266
10.38	17.73035
10.27	17.73024
10.15	17.71872
10.03	17.74196
9.8	17.70815
9.65	17.72389
9.51	17.72169
9.39	17.70883
9.28	17.70835
9.02	17.72735
8.93	17.7036
8.88	17.7012
8.83	17.70247
8.77	17.7038
8.68	17.68966
8.63	17.69068
8.46	17.65715
8.38	17.64719
8.31	17.57301
8.24	17.37699
8.24	0.02659
8.2	0.02811
8.2	0.01
