1296.48 2.7
1296.63 2.7
1296.78 2.7
1296.93 2.1
1297.08 2.1
1297.23 2.1
1297.38 2.1
1297.53 2.7
1297.68 2.7
1297.83 2.7
1297.98 2.7
1298.13 2.1
1298.28 2.7
1298.43 2.1
1298.58 2.7
1298.73 2.1
1298.88 2.1
1299.03 2.7
1299.18 2.7
1299.33 2.1
1299.48 2.1
1299.63 2.7
1299.78 2.7
1299.93 2.7
1300.08 2.7
1300.23 2.7
1300.38 2.7
1300.53 2.7
1300.68 2.1
1300.83 2.7
1300.98 2.7
1301.13 2.7
1301.28 2.7
1301.43 2.7
1301.58 2.7
1301.73 2.7
1301.88 2.7
1302.03 2.7
1302.18 2.7
1302.33 2.7
1302.48 2.7
1302.63 2.7
1302.78 2.7
1302.93 3.2
1303.08 2.7
1303.23 2.7
1303.38 2.7
1303.53 2.7
1303.68 2.7
1303.83 3.2
1303.98 2.7
1304.13 3.2
1304.28 2.7
1304.43 3.2
1304.58 2.7
1304.73 3.2
1304.88 2.7
1305.03 3.2
1305.18 2.7
1305.33 2.7
1305.48 3.2
1305.63 3.2
1305.78 3.2
1305.93 2.7
1306.08 3.2
1306.23 3.2
1306.38 2.7
1306.53 3.2
1306.68 3.2
1306.83 3.2
1306.98 3.2
1307.13 3.2
1307.28 3.2
1307.43 3.2
1307.58 3.2
1307.73 3.2
1307.88 3.2
1308.03 3.2
1308.18 3.2
1308.33 3.2
1308.48 3.2
1308.63 3.2
1308.78 3.2
1308.93 3.2
1309.08 3.2
1309.23 3.7
1309.38 3.2
1309.53 3.2
1309.68 3.7
1309.83 3.2
1309.98 3.2
1310.13 3.7
1310.28 3.2
1310.43 3.7
1310.58 3.7
1310.73 3.7
1310.88 3.7
1311.03 3.7
1311.18 3.2
1311.33 3.2
1311.48 3.7
1311.63 3.7
1311.78 3.7
1311.93 3.2
1312.08 3.2
1312.23 3.7
1312.38 3.7
1312.53 3.7
1312.68 3.7
1312.83 3.7
1312.98 3.7
1313.13 3.7
1313.28 3.7
1313.43 3.7
1313.58 3.7
1313.73 3.7
1313.88 3.7
1314.03 3.7
1314.18 3.7
1314.33 3.7
1314.48 3.7
1314.63 3.7
1314.78 3.7
1314.93 3.7
1315.08 3.7
1315.23 3.7
1315.38 3.7
1315.53 3.7
1315.68 3.7
1315.83 3.7
1315.98 3.7
1316.13 4.3
1316.28 4.3
1316.43 3.7
1316.58 4.3
1316.73 3.7
1316.88 3.7
1317.03 4.3
1317.18 3.7
1317.33 4.3
1317.48 3.7
1317.63 4.3
1317.78 4.3
1317.93 3.7
1318.08 4.3
1318.23 4.3
1318.38 4.3
1318.53 4.3
1318.68 4.3
1318.83 4.3
1318.98 4.3
1319.13 4.3
1319.28 4.3
1319.43 4.8
1319.58 4.3
1319.73 4.8
1319.88 4.3
1320.03 4.3
1320.18 4.8
1320.33 4.8
1320.48 4.3
1320.63 4.8
1320.78 4.8
1320.93 4.3
1321.08 4.8
1321.23 4.8
1321.38 4.8
1321.53 4.3
1321.68 4.3
1321.83 4.8
1321.98 4.8
1322.13 4.8
1322.28 4.8
1322.43 4.8
1322.58 4.8
1322.73 4.8
1322.88 4.8
1323.03 4.8
1323.18 4.8
1323.33 4.8
1323.48 5.3
1323.63 5.3
1323.78 4.8
1323.93 4.8
1324.08 4.8
1324.23 5.3
1324.38 5.3
1324.53 4.8
1324.68 5.3
1324.83 5.3
1324.98 4.8
1325.13 4.8
1325.28 5.3
1325.43 4.8
1325.58 5.3
1325.73 5.3
1325.88 5.3
1326.03 5.9
1326.18 5.9
1326.33 5.3
1326.48 5.3
1326.63 5.3
1326.78 5.3
1326.93 5.9
1327.08 5.9
1327.23 5.3
1327.38 5.9
1327.53 5.3
1327.68 5.9
1327.83 5.3
1327.98 5.9
1328.13 5.3
1328.28 5.9
1328.43 5.9
1328.58 5.9
1328.73 5.9
1328.88 5.9
1329.03 5.9
1329.18 6.4
1329.33 5.9
1329.48 5.9
1329.63 5.9
1329.78 6.4
1329.93 5.9
1330.08 6.4
1330.23 5.9
1330.38 5.9
1330.53 6.4
1330.68 6.4
1330.83 6.4
1330.98 6.4
1331.13 6.4
1331.28 6.4
1331.43 7.0
1331.58 6.4
1331.73 6.4
1331.88 7.0
1332.03 6.4
1332.18 7.0
1332.33 6.4
1332.48 6.4
1332.63 7.0
1332.78 7.0
1332.93 6.4
1333.08 7.0
1333.23 7.0
1333.38 7.0
1333.53 7.0
1333.68 7.0
1333.83 7.0
1333.98 7.0
1334.13 7.5
1334.28 7.0
1334.43 7.0
1334.58 7.0
1334.73 7.5
1334.88 7.0
1335.03 7.5
1335.18 7.5
1335.33 7.5
1335.48 7.5
1335.63 7.5
1335.78 8.0
1335.93 7.5
1336.08 7.5
1336.23 8.0
1336.38 8.0
1336.53 8.0
1336.68 8.0
1336.83 8.0
1336.98 8.0
1337.13 8.0
1337.28 8.0
1337.43 8.0
1337.58 8.0
1337.73 8.0
1337.88 8.6
1338.03 8.6
1338.18 8.6
1338.33 8.6
1338.48 8.6
1338.63 8.6
1338.78 8.6
1338.93 8.6
1339.08 8.6
1339.23 8.6
1339.38 9.1
1339.53 9.1
1339.68 9.1
1339.83 9.1
1339.98 9.1
1340.13 8.6
1340.28 9.1
1340.43 9.1
1340.58 9.1
1340.73 9.1
1340.88 9.1
1341.03 9.1
1341.18 9.6
1341.33 9.1
1341.48 9.6
1341.63 9.6
1341.78 9.6
1341.93 9.6
1342.08 9.6
1342.23 9.6
1342.38 10.2
1342.53 9.6
1342.68 10.2
1342.83 10.2
1342.98 10.2
1343.13 10.2
1343.28 10.2
1343.43 10.7
1343.58 10.7
1343.73 10.7
1343.88 10.7
1344.03 10.7
1344.18 10.7
1344.33 10.7
1344.48 10.7
1344.63 10.7
1344.78 10.7
1344.93 10.7
1345.08 11.2
1345.23 11.2
1345.38 11.2
1345.53 11.2
1345.68 11.8
1345.83 11.2
1345.98 11.8
1346.13 11.8
1346.28 11.8
1346.43 11.8
1346.58 11.8
1346.73 12.3
1346.88 12.3
1347.03 12.3
1347.18 12.3
1347.33 12.3
1347.48 12.3
1347.63 12.3
1347.78 12.3
1347.93 12.3
1348.08 12.8
1348.23 12.8
1348.38 12.8
1348.53 13.4
1348.68 13.4
1348.83 13.4
1348.98 13.4
1349.13 13.4
1349.28 13.4
1349.43 13.9
1349.58 13.9
1349.73 13.4
1349.88 13.9
1350.03 13.9
1350.18 14.4
1350.33 14.4
1350.48 13.9
1350.63 14.4
1350.78 15.0
1350.93 14.4
1351.08 15.0
1351.23 15.0
1351.38 15.0
1351.53 15.0
1351.68 15.5
1351.83 15.5
1351.98 15.5
1352.13 15.5
1352.28 15.5
1352.43 16.0
1352.58 16.0
1352.73 16.0
1352.88 16.0
1353.03 16.6
1353.18 16.6
1353.33 16.6
1353.48 17.1
1353.63 17.1
1353.78 17.1
1353.93 17.1
1354.08 17.1
1354.23 17.6
1354.38 17.6
1354.53 17.6
1354.68 17.6
1354.83 18.2
1354.98 18.2
1355.13 18.7
1355.28 18.2
1355.43 18.7
1355.58 18.7
1355.73 19.3
1355.88 19.3
1356.03 19.3
1356.18 19.3
1356.33 19.3
1356.48 19.8
1356.63 19.8
1356.78 20.3
1356.93 20.3
1357.08 20.3
1357.23 20.9
1357.38 20.3
1357.53 20.9
1357.68 20.9
1357.83 21.4
1357.98 21.4
1358.13 21.9
1358.28 21.9
1358.43 22.5
1358.58 21.9
1358.73 22.5
1358.88 23.0
1359.03 23.0
1359.18 23.0
1359.33 23.5
1359.48 23.5
1359.63 23.5
1359.78 24.1
1359.93 24.1
1360.08 24.6
1360.23 24.6
1360.38 25.1
1360.53 25.1
1360.68 25.7
1360.83 25.7
1360.98 25.7
1361.13 26.2
1361.28 26.2
1361.43 26.7
1361.58 27.3
1361.73 27.3
1361.88 27.3
1362.03 27.8
1362.18 27.8
1362.33 28.3
1362.48 28.3
1362.63 28.9
1362.78 28.9
1362.93 28.9
1363.08 29.4
1363.23 29.9
1363.38 30.5
1363.53 30.5
1363.68 30.5
1363.83 31.0
1363.98 31.0
1364.13 31.5
1364.28 32.1
1364.43 32.6
1364.58 32.6
1364.73 33.2
1364.88 33.2
1365.03 34.2
1365.18 34.2
1365.33 34.2
1365.48 34.8
1365.63 35.3
1365.78 35.8
1365.93 36.4
1366.08 36.4
1366.23 36.9
1366.38 37.4
1366.53 38.0
1366.68 38.0
1366.83 38.5
1366.98 39.0
1367.13 39.6
1367.28 40.1
1367.43 40.1
1367.58 41.2
1367.73 41.2
1367.88 42.2
1368.03 42.2
1368.18 42.8
1368.33 43.3
1368.48 43.8
1368.63 44.4
1368.78 44.9
1368.93 45.5
1369.08 46.0
1369.23 46.5
1369.38 47.1
1369.53 48.1
1369.68 48.1
1369.83 48.7
1369.98 49.2
1370.13 50.3
1370.28 50.8
1370.43 51.3
1370.58 51.9
1370.73 52.4
1370.88 53.5
1371.03 54.0
1371.18 54.5
1371.33 55.6
1371.48 56.1
1371.63 56.7
1371.78 57.8
1371.93 58.3
1372.08 58.8
1372.23 59.9
1372.38 60.4
1372.53 61.5
1372.68 62.6
1372.83 63.1
1372.98 64.2
1373.13 65.2
1373.28 66.3
1373.43 66.8
1373.58 67.9
1373.73 69.0
1373.88 70.0
1374.03 71.1
1374.18 71.7
1374.33 73.3
1374.48 74.3
1374.63 75.4
1374.78 75.9
1374.93 77.5
1375.08 78.6
1375.23 80.2
1375.38 81.3
1375.53 82.3
1375.68 83.4
1375.83 85.0
1375.98 86.6
1376.13 88.2
1376.28 89.3
1376.43 90.4
1376.58 92.0
1376.73 93.6
1376.88 95.2
1377.03 96.8
1377.18 98.4
1377.33 100.0
1377.48 101.1
1377.63 103.2
1377.78 105.3
1377.93 106.9
1378.08 109.1
1378.23 110.2
1378.38 112.3
1378.53 114.4
1378.68 116.6
1378.83 118.7
1378.98 120.8
1379.13 123.5
1379.28 125.1
1379.43 127.3
1379.58 130.5
1379.73 132.6
1379.88 135.3
1380.03 138.0
1380.18 140.1
1380.33 142.8
1380.48 146.0
1380.63 148.7
1380.78 151.9
1380.93 155.1
1381.08 157.7
1381.23 161.0
1381.38 164.2
1381.53 168.4
1381.68 171.6
1381.83 175.4
1381.98 178.6
1382.13 182.3
1382.28 186.6
1382.43 190.9
1382.58 195.2
1382.73 199.5
1382.88 203.7
1383.03 208.0
1383.18 212.8
1383.33 218.2
1383.48 224.1
1383.63 228.9
1383.78 234.2
1383.93 239.6
1384.08 244.9
1384.23 251.9
1384.38 258.3
1384.53 264.7
1384.68 271.1
1384.83 277.5
1384.98 285.0
1385.13 293.0
1385.28 301.1
1385.43 309.6
1385.58 317.6
1385.73 326.2
1385.88 333.7
1386.03 344.4
1386.18 355.1
1386.33 365.2
1386.48 375.4
1386.63 386.1
1386.78 396.8
1386.93 409.6
1387.08 423.0
1387.23 436.3
1387.38 450.2
1387.53 464.1
1387.68 477.5
1387.83 493.0
1387.98 511.2
1388.13 529.4
1388.28 547.6
1388.43 565.7
1388.58 583.9
1388.73 603.2
1388.88 627.8
1389.03 652.9
1389.18 677.0
1389.33 702.1
1389.48 726.7
1389.63 751.3
1389.78 786.6
1389.93 820.8
1390.08 856.1
1390.23 890.3
1390.38 925.6
1390.53 960.4
1390.68 1007.4
1390.83 1058.2
1390.98 1109.0
1391.13 1159.8
1391.28 1211.2
1391.43 1261.4
1391.58 1327.7
1391.73 1405.8
1391.88 1483.9
1392.03 1560.9
1392.18 1638.9
1392.33 1716.5
1392.48 1812.7
1392.63 1939.5
1392.78 2065.6
1392.93 2192.4
1393.08 2319.1
1393.23 2445.3
1393.38 2589.1
1393.53 2812.7
1393.68 3036.2
1393.83 3259.7
1393.98 3483.2
1394.13 3706.7
1394.28 3930.2
1394.43 4246.3
1394.58 4601.9
1394.73 5000.8
1394.88 5451.0
1395.03 5959.5
1395.18 6538.6
1395.33 7199.6
1395.48 7959.4
1395.63 8836.9
1395.78 9857.7
1395.93 11051.7
1396.08 12460.2
1396.23 14133.9
1396.38 16141.8
1396.53 18574.8
1396.68 21552.1
1396.83 25246.0
1396.98 29881.6
1397.13 35803.1
1397.28 43479.1
1397.43 53642.1
1397.58 67378.2
1397.73 86418.7
1397.88 113539.5
1398.03 153292.6
1398.18 213380.3
1398.33 305972.5
1398.48 448868.4
1398.63 653653.6
1398.78 883455.4
1398.93 1000000.0
1399.08 811826.1
1399.23 472359.5
1399.38 237733.9
1399.53 117759.5
1399.68 60584.5
1399.83 32989.4
1399.98 18956.6
1400.13 11479.0
1400.28 7255.7
1400.43 4770.8
1400.58 3241.5
1400.73 2267.2
1400.88 1626.1
1401.03 1192.4
1401.18 891.9
1401.33 678.0
1401.48 524.0
1401.63 410.7
1401.78 325.6
1401.93 261.5
1402.08 211.8
1402.23 173.3
1402.38 143.3
1402.53 118.7
1402.68 99.5
1402.83 84.0
1402.98 71.1
1403.13 61.0
1403.28 52.4
1403.43 44.9
1403.58 39.0
1403.73 35.8
1403.88 32.1
1404.03 28.9
1404.18 25.1
1404.33 21.9
1404.48 18.7
1404.63 16.0
1404.78 15.0
1404.93 13.9
1405.08 12.3
1405.23 10.7
1405.38 9.6
1405.53 8.6
1405.68 7.5
1405.83 7.0
1405.98 7.0
1406.13 5.9
1406.28 5.3
1406.43 4.8
1406.58 4.3
1406.73 4.3
1406.88 3.7
1407.03 3.7
1407.18 3.2
1407.33 2.7
1407.48 2.7
1407.63 2.7
1407.78 2.1
1407.93 2.7
1408.08 2.1
1408.23 1.6
1408.38 1.6
1408.53 1.6
1408.68 1.6
1408.83 1.6
1408.98 1.1
1409.13 1.1
1409.28 1.1
1409.43 1.1
1409.58 1.1
1409.73 1.1
1409.88 0.5
1410.03 1.1
1410.18 0.5
1410.33 1.1
1410.48 1.1
1410.63 0.5
1410.78 0.5
1410.93 0.5
1411.08 0.5
1411.23 0.5
1411.38 0.5
1411.53 0.5
1411.68 0.5
1411.83 0.5
1411.98 0.0
1412.13 0.0
1412.28 0.5
1412.43 0.5
1412.58 0.5
1412.73 0.5
1412.88 0.5
1413.03 0.0
1413.18 0.0
1413.33 0.5
1413.48 0.5
1413.63 0.5
1413.78 0.5
1413.93 0.0
1414.08 0.0
1414.23 0.0
1414.38 0.0
1414.53 0.5
1414.68 0.0
1414.83 0.0
1414.98 0.0
1415.13 0.0
1415.28 0.0
1415.43 0.0
1415.58 0.5
1415.73 0.5
1415.88 0.5
1416.03 0.5
1416.18 0.5
1416.33 0.5
1416.48 0.0
1416.63 0.0
1416.78 0.0
1416.93 0.0
1417.08 0.0
1417.23 0.0
1417.38 0.0
1417.53 0.0
1417.68 0.0
1417.83 0.0
1417.98 0.0
1418.13 0.0
1418.28 0.0
1418.43 0.0
1418.58 0.0
1418.73 0.5
1418.88 0.0
1419.03 0.0
1419.18 0.5
1419.33 0.0
1419.48 0.5
1419.63 0.0
1419.78 0.0
1419.93 0.0
1420.08 0.0
1420.23 0.0
1420.38 0.5
1420.53 0.0
1420.68 0.0
1420.83 0.0
1420.98 0.0
1421.13 0.0
1421.28 0.5
1421.43 0.0
1421.58 0.0
1421.73 0.0
1421.88 0.0
1422.03 0.0
1422.18 0.0
1422.33 0.0
1422.48 0.0
1422.63 0.0
1422.78 0.0
1422.93 0.0
1423.08 0.0
1423.23 0.0
1423.38 0.0
1423.53 0.0
1423.68 0.0
1423.83 0.0
1423.98 0.0
1424.13 0.0
1424.28 0.0
1424.43 0.0
1424.58 0.0
1424.73 0.0
1424.88 0.0
1425.03 0.0
1425.18 0.0
1425.33 0.0
1425.48 0.0
1425.63 0.0
1425.78 0.0
1425.93 0.0
1426.08 0.0
1426.23 0.0
1426.38 0.0
1426.53 0.0
1426.68 0.0
1426.83 0.0
1426.98 0.0
1427.13 0.0
1427.28 0.0
1427.43 0.0
1427.58 0.0
1427.73 0.0
1427.88 0.0
1428.03 0.0
1428.18 0.0
1428.33 0.0
1428.48 0.0
1428.63 0.0
1428.78 0.0
1428.93 0.0
1429.08 0.0
1429.23 0.0
1429.38 0.0
1429.53 0.0
1429.68 0.0
1429.83 0.0
1429.98 0.0
1430.13 0.0
1430.28 0.0
1430.43 0.0
1430.58 0.0
1430.73 0.0
1430.88 0.0
1431.03 0.0
1431.18 0.0
1431.33 0.0
1431.48 0.0
1431.63 0.0
1431.78 0.0
1431.93 0.0
1432.08 0.0
1432.23 0.0
1432.38 0.0
1432.53 0.0
1432.68 0.0
1432.83 0.0
1432.98 0.0
1433.13 0.0
1433.28 0.0
1433.43 0.0
1433.58 0.0
1433.73 0.0
1433.88 0.0
1434.03 0.0
1434.18 0.0
1434.33 0.0
1434.48 0.0
1434.63 0.0
1434.78 0.0
1434.93 0.0
1435.08 0.0
1435.23 0.0
1435.38 0.0
1435.53 0.0
1435.68 0.0
1435.83 0.0
1435.98 0.0
1436.13 0.0
1436.28 0.0
1436.43 0.0
1436.58 0.0
1436.73 0.0
1436.88 0.0
1437.03 0.0
1437.18 0.0
1437.33 0.0
1437.48 0.0
1437.63 0.0
1437.78 0.0
1437.93 0.0
1438.08 0.0
1438.23 0.0
1438.38 0.0
1438.53 0.0
1438.68 0.0
1438.83 0.0
1438.98 0.0
1439.13 0.0
1439.28 0.0
1439.43 0.0
1439.58 0.0
1439.73 0.0
1439.88 0.0
1440.03 0.0
1440.18 0.0
1440.33 0.0
1440.48 0.0
1440.63 0.0
1440.78 0.0
1440.93 0.0
1441.08 0.0
1441.23 0.0
1441.38 0.0
1441.53 0.0
1441.68 0.0
1441.83 0.0
1441.98 0.0
1442.13 0.0
1442.28 0.0
1442.43 0.0
1442.58 0.0
1442.73 0.0
1442.88 0.0
1443.03 0.0
1443.18 0.0
1443.33 0.0
1443.48 0.0
1443.63 0.0
1443.78 0.0
1443.93 0.0
1444.08 0.0
1444.23 0.0
1444.38 0.0
1444.53 0.0
1444.68 0.0
1444.83 0.0
1444.98 0.0
1445.13 0.0
1445.28 0.0
1445.43 0.0
1445.58 0.0
1445.73 0.0
1445.88 0.0
1446.03 0.0
1446.18 0.0
1446.33 0.0
1446.48 0.0