1296.48 2.5
1296.63 2.5
1296.78 2.5
1296.93 2.1
1297.08 2.1
1297.23 2.1
1297.38 2.1
1297.53 2.5
1297.68 2.5
1297.83 2.5
1297.98 2.5
1298.13 2.5
1298.28 2.5
1298.43 2.1
1298.58 2.5
1298.73 2.1
1298.88 2.1
1299.03 2.5
1299.18 2.5
1299.33 2.5
1299.48 2.1
1299.63 2.5
1299.78 2.5
1299.93 2.5
1300.08 2.5
1300.23 2.5
1300.38 2.5
1300.53 2.5
1300.68 2.5
1300.83 2.5
1300.98 2.5
1301.13 2.5
1301.28 2.5
1301.43 2.5
1301.58 2.5
1301.73 2.5
1301.88 2.5
1302.03 2.5
1302.18 2.5
1302.33 2.5
1302.48 2.5
1302.63 2.5
1302.78 2.5
1302.93 2.9
1303.08 2.5
1303.23 2.9
1303.38 2.5
1303.53 2.5
1303.68 2.5
1303.83 2.9
1303.98 2.9
1304.13 2.9
1304.28 2.9
1304.43 2.9
1304.58 2.5
1304.73 2.9
1304.88 2.5
1305.03 2.9
1305.18 2.5
1305.33 2.9
1305.48 2.9
1305.63 2.9
1305.78 2.9
1305.93 2.9
1306.08 2.9
1306.23 2.9
1306.38 2.5
1306.53 2.9
1306.68 2.9
1306.83 2.9
1306.98 2.9
1307.13 2.9
1307.28 2.9
1307.43 2.9
1307.58 2.9
1307.73 3.3
1307.88 2.9
1308.03 2.9
1308.18 2.9
1308.33 3.3
1308.48 2.9
1308.63 2.9
1308.78 3.3
1308.93 2.9
1309.08 2.9
1309.23 3.3
1309.38 2.9
1309.53 3.3
1309.68 3.3
1309.83 3.3
1309.98 2.9
1310.13 3.3
1310.28 2.9
1310.43 3.3
1310.58 3.3
1310.73 3.3
1310.88 3.3
1311.03 3.3
1311.18 3.3
1311.33 2.9
1311.48 3.3
1311.63 3.3
1311.78 3.3
1311.93 3.3
1312.08 3.3
1312.23 3.3
1312.38 3.3
1312.53 3.3
1312.68 3.3
1312.83 3.3
1312.98 3.3
1313.13 3.7
1313.28 3.3
1313.43 3.7
1313.58 3.7
1313.73 3.3
1313.88 3.3
1314.03 3.3
1314.18 3.3
1314.33 3.3
1314.48 3.7
1314.63 3.3
1314.78 3.3
1314.93 3.3
1315.08 3.3
1315.23 3.7
1315.38 3.7
1315.53 3.3
1315.68 3.3
1315.83 3.7
1315.98 3.3
1316.13 3.7
1316.28 3.7
1316.43 3.7
1316.58 3.7
1316.73 3.7
1316.88 3.7
1317.03 3.7
1317.18 3.7
1317.33 4.1
1317.48 3.7
1317.63 3.7
1317.78 4.1
1317.93 3.7
1318.08 4.1
1318.23 4.1
1318.38 4.1
1318.53 3.7
1318.68 4.1
1318.83 3.7
1318.98 4.1
1319.13 3.7
1319.28 4.1
1319.43 4.1
1319.58 3.7
1319.73 4.1
1319.88 3.7
1320.03 4.1
1320.18 4.1
1320.33 4.1
1320.48 4.1
1320.63 4.5
1320.78 4.5
1320.93 4.1
1321.08 4.1
1321.23 4.5
1321.38 4.5
1321.53 4.1
1321.68 4.1
1321.83 4.5
1321.98 4.5
1322.13 4.5
1322.28 4.5
1322.43 4.5
1322.58 4.5
1322.73 4.1
1322.88 4.1
1323.03 4.1
1323.18 4.5
1323.33 4.5
1323.48 4.5
1323.63 5.0
1323.78 4.5
1323.93 4.5
1324.08 4.5
1324.23 4.5
1324.38 5.0
1324.53 4.5
1324.68 4.5
1324.83 5.0
1324.98 4.5
1325.13 4.5
1325.28 5.0
1325.43 4.5
1325.58 4.5
1325.73 5.0
1325.88 5.0
1326.03 5.0
1326.18 5.0
1326.33 5.0
1326.48 5.0
1326.63 5.0
1326.78 5.0
1326.93 5.4
1327.08 5.0
1327.23 5.0
1327.38 5.0
1327.53 5.0
1327.68 5.0
1327.83 5.0
1327.98 5.4
1328.13 5.0
1328.28 5.4
1328.43 5.4
1328.58 5.4
1328.73 5.4
1328.88 5.4
1329.03 5.4
1329.18 5.8
1329.33 5.4
1329.48 5.4
1329.63 5.4
1329.78 5.8
1329.93 5.4
1330.08 5.8
1330.23 5.4
1330.38 5.4
1330.53 5.8
1330.68 5.8
1330.83 5.8
1330.98 5.8
1331.13 6.2
1331.28 5.8
1331.43 6.2
1331.58 5.8
1331.73 5.8
1331.88 6.2
1332.03 5.8
1332.18 6.2
1332.33 6.2
1332.48 6.2
1332.63 6.2
1332.78 6.2
1332.93 6.2
1333.08 6.2
1333.23 6.2
1333.38 6.6
1333.53 6.2
1333.68 6.6
1333.83 6.2
1333.98 6.6
1334.13 6.6
1334.28 6.6
1334.43 6.6
1334.58 6.6
1334.73 6.6
1334.88 6.6
1335.03 6.6
1335.18 6.6
1335.33 6.6
1335.48 7.0
1335.63 7.0
1335.78 7.0
1335.93 6.6
1336.08 6.6
1336.23 7.0
1336.38 7.0
1336.53 7.0
1336.68 7.0
1336.83 7.0
1336.98 7.4
1337.13 7.0
1337.28 7.4
1337.43 7.0
1337.58 7.4
1337.73 7.0
1337.88 7.4
1338.03 7.4
1338.18 7.8
1338.33 7.4
1338.48 7.4
1338.63 7.8
1338.78 7.4
1338.93 7.4
1339.08 7.8
1339.23 7.8
1339.38 7.8
1339.53 7.8
1339.68 7.8
1339.83 7.8
1339.98 8.3
1340.13 7.8
1340.28 7.8
1340.43 8.3
1340.58 7.8
1340.73 8.3
1340.88 8.3
1341.03 8.3
1341.18 8.7
1341.33 8.3
1341.48 8.7
1341.63 8.7
1341.78 8.7
1341.93 8.7
1342.08 8.7
1342.23 8.7
1342.38 8.7
1342.53 8.7
1342.68 8.7
1342.83 9.1
1342.98 8.7
1343.13 9.1
1343.28 9.1
1343.43 9.1
1343.58 9.5
1343.73 9.5
1343.88 9.5
1344.03 9.5
1344.18 9.1
1344.33 9.5
1344.48 9.5
1344.63 9.5
1344.78 9.5
1344.93 9.5
1345.08 9.9
1345.23 9.9
1345.38 9.9
1345.53 9.9
1345.68 10.3
1345.83 9.9
1345.98 10.3
1346.13 10.3
1346.28 10.3
1346.43 10.3
1346.58 10.3
1346.73 10.7
1346.88 10.7
1347.03 10.7
1347.18 10.7
1347.33 10.7
1347.48 10.7
1347.63 10.7
1347.78 10.7
1347.93 10.7
1348.08 11.2
1348.23 11.2
1348.38 11.2
1348.53 11.6
1348.68 11.6
1348.83 11.6
1348.98 11.6
1349.13 11.6
1349.28 11.6
1349.43 12.0
1349.58 12.0
1349.73 12.0
1349.88 12.0
1350.03 12.0
1350.18 12.4
1350.33 12.4
1350.48 12.4
1350.63 12.4
1350.78 12.8
1350.93 12.8
1351.08 12.8
1351.23 12.8
1351.38 12.8
1351.53 13.2
1351.68 13.2
1351.83 13.2
1351.98 13.2
1352.13 13.2
1352.28 13.6
1352.43 13.6
1352.58 13.6
1352.73 13.6
1352.88 14.0
1353.03 14.0
1353.18 14.0
1353.33 14.5
1353.48 14.5
1353.63 14.5
1353.78 14.5
1353.93 14.5
1354.08 14.9
1354.23 14.9
1354.38 14.9
1354.53 15.3
1354.68 14.9
1354.83 15.3
1354.98 15.3
1355.13 15.7
1355.28 15.7
1355.43 15.7
1355.58 16.1
1355.73 16.1
1355.88 16.5
1356.03 16.1
1356.18 16.5
1356.33 16.5
1356.48 16.5
1356.63 16.9
1356.78 16.9
1356.93 16.9
1357.08 16.9
1357.23 17.3
1357.38 17.3
1357.53 17.8
1357.68 17.8
1357.83 18.2
1357.98 17.8
1358.13 18.2
1358.28 18.2
1358.43 18.6
1358.58 18.6
1358.73 19.0
1358.88 19.0
1359.03 19.0
1359.18 19.0
1359.33 19.4
1359.48 19.4
1359.63 19.8
1359.78 19.8
1359.93 20.2
1360.08 20.2
1360.23 20.2
1360.38 20.7
1360.53 21.1
1360.68 21.1
1360.83 21.1
1360.98 21.1
1361.13 21.5
1361.28 21.9
1361.43 21.9
1361.58 22.3
1361.73 22.3
1361.88 22.3
1362.03 22.7
1362.18 22.7
1362.33 23.1
1362.48 23.1
1362.63 23.5
1362.78 23.5
1362.93 23.5
1363.08 24.0
1363.23 24.4
1363.38 24.8
1363.53 24.8
1363.68 24.8
1363.83 25.2
1363.98 25.2
1364.13 25.6
1364.28 26.0
1364.43 26.4
1364.58 26.4
1364.73 26.8
1364.88 26.8
1365.03 27.3
1365.18 27.7
1365.33 27.7
1365.48 28.1
1365.63 28.5
1365.78 28.5
1365.93 28.9
1366.08 28.9
1366.23 29.3
1366.38 29.7
1366.53 30.2
1366.68 30.2
1366.83 30.6
1366.98 31.0
1367.13 31.4
1367.28 31.8
1367.43 31.8
1367.58 32.6
1367.73 32.6
1367.88 33.0
1368.03 33.0
1368.18 33.9
1368.33 34.3
1368.48 34.3
1368.63 34.7
1368.78 35.1
1368.93 35.5
1369.08 35.9
1369.23 36.3
1369.38 36.3
1369.53 37.2
1369.68 37.6
1369.83 37.6
1369.98 38.4
1370.13 38.8
1370.28 39.2
1370.43 39.7
1370.58 40.1
1370.73 40.1
1370.88 40.9
1371.03 41.3
1371.18 41.7
1371.33 42.5
1371.48 42.5
1371.63 43.4
1371.78 43.8
1371.93 44.2
1372.08 44.6
1372.23 45.4
1372.38 45.8
1372.53 46.3
1372.68 47.1
1372.83 47.5
1372.98 47.9
1373.13 48.7
1373.28 49.1
1373.43 50.0
1373.58 50.8
1373.73 51.2
1373.88 52.0
1374.03 52.5
1374.18 53.3
1374.33 54.1
1374.48 54.5
1374.63 55.3
1374.78 55.8
1374.93 57.0
1375.08 57.4
1375.23 58.2
1375.38 59.1
1375.53 59.9
1375.68 60.3
1375.83 61.1
1375.98 62.4
1376.13 63.2
1376.28 64.0
1376.43 64.8
1376.58 65.7
1376.73 66.9
1376.88 67.7
1377.03 68.6
1377.18 69.4
1377.33 70.6
1377.48 71.5
1377.63 72.3
1377.78 73.5
1377.93 74.8
1378.08 76.0
1378.23 76.8
1378.38 78.1
1378.53 79.3
1378.68 80.5
1378.83 81.8
1378.98 83.0
1379.13 84.3
1379.28 85.5
1379.43 86.7
1379.58 88.4
1379.73 89.6
1379.88 91.3
1380.03 92.9
1380.18 93.8
1380.33 95.4
1380.48 97.5
1380.63 98.7
1380.78 100.4
1380.93 102.0
1381.08 103.7
1381.23 105.3
1381.38 107.4
1381.53 109.5
1381.68 111.5
1381.83 113.2
1381.98 114.8
1382.13 116.9
1382.28 119.0
1382.43 121.4
1382.58 123.5
1382.73 125.6
1382.88 127.6
1383.03 130.1
1383.18 132.6
1383.33 135.5
1383.48 137.9
1383.63 140.8
1383.78 142.9
1383.93 146.2
1384.08 148.7
1384.23 152.0
1384.38 154.9
1384.53 158.2
1384.68 161.1
1384.83 164.0
1384.98 167.7
1385.13 171.4
1385.28 174.7
1385.43 178.8
1385.58 182.6
1385.73 186.3
1385.88 189.6
1386.03 194.5
1386.18 199.1
1386.33 203.6
1386.48 207.8
1386.63 212.3
1386.78 216.8
1386.93 222.2
1387.08 227.6
1387.23 233.4
1387.38 238.7
1387.53 244.1
1387.68 249.5
1387.83 256.1
1387.98 262.7
1388.13 269.7
1388.28 276.7
1388.43 282.9
1388.58 289.9
1388.73 297.8
1388.88 306.1
1389.03 314.7
1389.18 323.0
1389.33 331.7
1389.48 339.9
1389.63 349.0
1389.78 360.2
1389.93 370.9
1390.08 382.0
1390.23 392.8
1390.38 403.5
1390.53 414.7
1390.68 428.7
1390.83 443.2
1390.98 457.2
1391.13 470.8
1391.28 485.3
1391.43 499.3
1391.58 517.5
1391.73 536.5
1391.88 555.1
1392.03 573.7
1392.18 592.7
1392.33 611.3
1392.48 634.4
1392.63 660.4
1392.78 685.6
1392.93 711.2
1393.08 736.8
1393.23 762.0
1393.38 793.0
1393.53 828.5
1393.68 864.5
1393.83 900.4
1393.98 936.3
1394.13 972.3
1394.28 1013.1
1394.43 1065.2
1394.58 1118.1
1394.73 1170.1
1394.88 1222.5
1395.03 1274.6
1395.18 1329.9
1395.33 1410.1
1395.48 1490.2
1395.63 1570.3
1395.78 1650.9
1395.93 1730.6
1396.08 1810.7
1396.23 1936.7
1396.38 2066.8
1396.53 2197.3
1396.68 2327.4
1396.83 2457.9
1396.98 2588.0
1397.13 2789.6
1397.28 3019.6
1397.43 3249.7
1397.58 3479.7
1397.73 3709.8
1397.88 3940.2
1398.03 4215.7
1398.18 4563.5
1398.33 4952.6
1398.48 5390.4
1398.63 5884.8
1398.78 6446.1
1398.93 7085.4
1399.08 7818.5
1399.23 8662.3
1399.38 9641.6
1399.53 10782.8
1399.68 12124.7
1399.83 13713.6
1399.98 15610.6
1400.13 17899.2
1400.28 20684.6
1400.43 24120.6
1400.58 28405.3
1400.73 33836.9
1400.88 40821.6
1401.03 49982.9
1401.18 62236.0
1401.33 79020.1
1401.48 102618.6
1401.63 136729.3
1401.78 187614.3
1401.93 265337.8
1402.08 386029.1
1402.23 567075.8
1402.38 802941.6
1402.53 1000000.0
1402.68 970500.6
1402.83 644834.1
1402.98 339931.9
1403.13 167894.4
1403.28 84499.6
1403.43 44816.8
1403.58 25101.9
1403.73 14858.5
1403.88 9206.7
1404.03 5950.0
1404.18 3982.4
1404.33 2749.5
1404.48 1950.3
1404.63 1415.4
1404.78 1049.5
1404.93 791.8
1405.08 608.0
1405.23 472.9
1405.38 373.0
1405.53 297.8
1405.68 240.0
1405.83 195.8
1405.98 161.1
1406.13 133.4
1406.28 111.1
1406.43 93.8
1406.58 79.3
1406.73 67.3
1406.88 57.8
1407.03 50.0
1407.18 43.4
1407.33 38.0
1407.48 34.7
1407.63 31.0
1407.78 27.7
1407.93 24.4
1408.08 20.7
1408.23 17.3
1408.38 16.1
1408.53 14.9
1408.68 13.2
1408.83 12.0
1408.98 10.3
1409.13 9.1
1409.28 8.3
1409.43 7.8
1409.58 7.4
1409.73 6.6
1409.88 5.8
1410.03 5.4
1410.18 4.5
1410.33 4.5
1410.48 4.1
1410.63 3.7
1410.78 3.3
1410.93 3.3
1411.08 2.9
1411.23 2.9
1411.38 2.5
1411.53 2.1
1411.68 2.1
1411.83 2.1
1411.98 1.7
1412.13 1.7
1412.28 1.7
1412.43 1.7
1412.58 1.2
1412.73 1.7
1412.88 1.2
1413.03 1.2
1413.18 0.8
1413.33 1.2
1413.48 1.2
1413.63 1.2
1413.78 1.2
1413.93 0.8
1414.08 0.8
1414.23 0.8
1414.38 0.8
1414.53 0.8
1414.68 0.8
1414.83 0.8
1414.98 0.4
1415.13 0.4
1415.28 0.4
1415.43 0.4
1415.58 0.8
1415.73 0.4
1415.88 0.4
1416.03 0.4
1416.18 0.4
1416.33 0.4
1416.48 0.4
1416.63 0.0
1416.78 0.4
1416.93 0.4
1417.08 0.4
1417.23 0.4
1417.38 0.4
1417.53 0.4
1417.68 0.4
1417.83 0.4
1417.98 0.0
1418.13 0.0
1418.28 0.0
1418.43 0.4
1418.58 0.4
1418.73 0.4
1418.88 0.0
1419.03 0.4
1419.18 0.4
1419.33 0.0
1419.48 0.4
1419.63 0.0
1419.78 0.4
1419.93 0.0
1420.08 0.0
1420.23 0.0
1420.38 0.4
1420.53 0.0
1420.68 0.0
1420.83 0.0
1420.98 0.0
1421.13 0.0
1421.28 0.4
1421.43 0.0
1421.58 0.0
1421.73 0.0
1421.88 0.0
1422.03 0.0
1422.18 0.0
1422.33 0.0
1422.48 0.0
1422.63 0.0
1422.78 0.0
1422.93 0.0
1423.08 0.0
1423.23 0.0
1423.38 0.0
1423.53 0.4
1423.68 0.0
1423.83 0.0
1423.98 0.0
1424.13 0.0
1424.28 0.0
1424.43 0.0
1424.58 0.0
1424.73 0.0
1424.88 0.4
1425.03 0.4
1425.18 0.0
1425.33 0.0
1425.48 0.0
1425.63 0.0
1425.78 0.0
1425.93 0.0
1426.08 0.0
1426.23 0.4
1426.38 0.4
1426.53 0.4
1426.68 0.0
1426.83 0.0
1426.98 0.0
1427.13 0.0
1427.28 0.0
1427.43 0.0
1427.58 0.0
1427.73 0.0
1427.88 0.0
1428.03 0.0
1428.18 0.0
1428.33 0.0
1428.48 0.0
1428.63 0.0
1428.78 0.0
1428.93 0.0
1429.08 0.0
1429.23 0.0
1429.38 0.0
1429.53 0.0
1429.68 0.0
1429.83 0.0
1429.98 0.0
1430.13 0.0
1430.28 0.0
1430.43 0.0
1430.58 0.0
1430.73 0.0
1430.88 0.0
1431.03 0.0
1431.18 0.0
1431.33 0.0
1431.48 0.0
1431.63 0.0
1431.78 0.0
1431.93 0.0
1432.08 0.0
1432.23 0.0
1432.38 0.0
1432.53 0.0
1432.68 0.0
1432.83 0.0
1432.98 0.0
1433.13 0.0
1433.28 0.0
1433.43 0.0
1433.58 0.0
1433.73 0.0
1433.88 0.0
1434.03 0.0
1434.18 0.0
1434.33 0.0
1434.48 0.0
1434.63 0.0
1434.78 0.0
1434.93 0.0
1435.08 0.0
1435.23 0.0
1435.38 0.0
1435.53 0.0
1435.68 0.0
1435.83 0.0
1435.98 0.0
1436.13 0.0
1436.28 0.0
1436.43 0.0
1436.58 0.0
1436.73 0.0
1436.88 0.0
1437.03 0.0
1437.18 0.0
1437.33 0.0
1437.48 0.0
1437.63 0.0
1437.78 0.0
1437.93 0.0
1438.08 0.0
1438.23 0.0
1438.38 0.0
1438.53 0.0
1438.68 0.0
1438.83 0.0
1438.98 0.0
1439.13 0.0
1439.28 0.0
1439.43 0.0
1439.58 0.0
1439.73 0.0
1439.88 0.0
1440.03 0.0
1440.18 0.0
1440.33 0.0
1440.48 0.0
1440.63 0.0
1440.78 0.0
1440.93 0.0
1441.08 0.0
1441.23 0.0
1441.38 0.0
1441.53 0.0
1441.68 0.0
1441.83 0.0
1441.98 0.0
1442.13 0.0
1442.28 0.0
1442.43 0.0
1442.58 0.0
1442.73 0.0
1442.88 0.0
1443.03 0.0
1443.18 0.0
1443.33 0.0
1443.48 0.0
1443.63 0.0
1443.78 0.0
1443.93 0.0
1444.08 0.0
1444.23 0.0
1444.38 0.0
1444.53 0.0
1444.68 0.0
1444.83 0.0
1444.98 0.0
1445.13 0.0
1445.28 0.0
1445.43 0.0
1445.58 0.0
1445.73 0.0
1445.88 0.0
1446.03 0.0
1446.18 0.0
1446.33 0.0
1446.48 0.0