606.48 14.4
606.63 14.4
606.78 14.4
606.93 14.4
607.08 14.4
607.23 14.4
607.38 14.4
607.53 14.4
607.68 14.4
607.83 14.4
607.98 14.4
608.13 14.4
608.28 14.4
608.43 14.4
608.58 14.4
608.73 0.0
608.88 14.4
609.03 14.4
609.18 14.4
609.33 14.4
609.48 14.4
609.63 14.4
609.78 14.4
609.93 14.4
610.08 14.4
610.23 14.4
610.38 14.4
610.53 14.4
610.68 14.4
610.83 14.4
610.98 14.4
611.13 14.4
611.28 14.4
611.43 14.4
611.58 14.4
611.73 14.4
611.88 14.4
612.03 14.4
612.18 14.4
612.33 14.4
612.48 14.4
612.63 14.4
612.78 14.4
612.93 14.4
613.08 14.4
613.23 14.4
613.38 14.4
613.53 14.4
613.68 14.4
613.83 14.4
613.98 14.4
614.13 14.4
614.28 14.4
614.43 14.4
614.58 14.4
614.73 14.4
614.88 28.8
615.03 14.4
615.18 28.8
615.33 14.4
615.48 28.8
615.63 14.4
615.78 14.4
615.93 14.4
616.08 14.4
616.23 14.4
616.38 14.4
616.53 14.4
616.68 14.4
616.83 14.4
616.98 14.4
617.13 14.4
617.28 28.8
617.43 28.8
617.58 14.4
617.73 14.4
617.88 14.4
618.03 14.4
618.18 14.4
618.33 14.4
618.48 14.4
618.63 14.4
618.78 28.8
618.93 14.4
619.08 14.4
619.23 28.8
619.38 28.8
619.53 14.4
619.68 14.4
619.83 14.4
619.98 28.8
620.13 28.8
620.28 14.4
620.43 14.4
620.58 28.8
620.73 14.4
620.88 28.8
621.03 14.4
621.18 14.4
621.33 14.4
621.48 14.4
621.63 28.8
621.78 14.4
621.93 28.8
622.08 28.8
622.23 14.4
622.38 14.4
622.53 14.4
622.68 14.4
622.83 14.4
622.98 14.4
623.13 14.4
623.28 28.8
623.43 14.4
623.58 28.8
623.73 28.8
623.88 14.4
624.03 28.8
624.18 14.4
624.33 28.8
624.48 28.8
624.63 28.8
624.78 14.4
624.93 14.4
625.08 14.4
625.23 14.4
625.38 14.4
625.53 28.8
625.68 28.8
625.83 28.8
625.98 28.8
626.13 14.4
626.28 28.8
626.43 14.4
626.58 14.4
626.73 14.4
626.88 14.4
627.03 14.4
627.18 28.8
627.33 28.8
627.48 28.8
627.63 28.8
627.78 28.8
627.93 14.4
628.08 28.8
628.23 28.8
628.38 14.4
628.53 14.4
628.68 28.8
628.83 14.4
628.98 28.8
629.13 28.8
629.28 28.8
629.43 14.4
629.58 14.4
629.73 28.8
629.88 28.8
630.03 14.4
630.18 28.8
630.33 28.8
630.48 28.8
630.63 28.8
630.78 28.8
630.93 28.8
631.08 28.8
631.23 28.8
631.38 28.8
631.53 28.8
631.68 28.8
631.83 28.8
631.98 28.8
632.13 28.8
632.28 28.8
632.43 28.8
632.58 28.8
632.73 28.8
632.88 28.8
633.03 14.4
633.18 28.8
633.33 28.8
633.48 28.8
633.63 28.8
633.78 28.8
633.93 28.8
634.08 14.4
634.23 28.8
634.38 28.8
634.53 28.8
634.68 28.8
634.83 28.8
634.98 28.8
635.13 28.8
635.28 28.8
635.43 28.8
635.58 28.8
635.73 28.8
635.88 14.4
636.03 28.8
636.18 28.8
636.33 28.8
636.48 28.8
636.63 28.8
636.78 28.8
636.93 28.8
637.08 28.8
637.23 28.8
637.38 28.8
637.53 28.8
637.68 28.8
637.83 28.8
637.98 28.8
638.13 43.3
638.28 28.8
638.43 28.8
638.58 28.8
638.73 43.3
638.88 43.3
639.03 28.8
639.18 43.3
639.33 28.8
639.48 28.8
639.63 28.8
639.78 43.3
639.93 28.8
640.08 28.8
640.23 28.8
640.38 28.8
640.53 28.8
640.68 28.8
640.83 43.3
640.98 43.3
641.13 43.3
641.28 28.8
641.43 28.8
641.58 43.3
641.73 43.3
641.88 43.3
642.03 28.8
642.18 43.3
642.33 28.8
642.48 43.3
642.63 28.8
642.78 43.3
642.93 43.3
643.08 43.3
643.23 43.3
643.38 43.3
643.53 43.3
643.68 28.8
643.83 43.3
643.98 43.3
644.13 28.8
644.28 43.3
644.43 28.8
644.58 43.3
644.73 43.3
644.88 43.3
645.03 43.3
645.18 28.8
645.33 43.3
645.48 43.3
645.63 28.8
645.78 43.3
645.93 43.3
646.08 43.3
646.23 43.3
646.38 43.3
646.53 43.3
646.68 43.3
646.83 43.3
646.98 43.3
647.13 43.3
647.28 43.3
647.43 43.3
647.58 43.3
647.73 43.3
647.88 43.3
648.03 43.3
648.18 43.3
648.33 43.3
648.48 43.3
648.63 43.3
648.78 57.7
648.93 43.3
649.08 43.3
649.23 57.7
649.38 43.3
649.53 57.7
649.68 43.3
649.83 57.7
649.98 43.3
650.13 43.3
650.28 57.7
650.43 57.7
650.58 43.3
650.73 43.3
650.88 57.7
651.03 57.7
651.18 43.3
651.33 43.3
651.48 57.7
651.63 43.3
651.78 57.7
651.93 57.7
652.08 57.7
652.23 57.7
652.38 57.7
652.53 57.7
652.68 57.7
652.83 57.7
652.98 57.7
653.13 43.3
653.28 43.3
653.43 57.7
653.58 57.7
653.73 43.3
653.88 57.7
654.03 57.7
654.18 57.7
654.33 57.7
654.48 57.7
654.63 57.7
654.78 57.7
654.93 57.7
655.08 57.7
655.23 57.7
655.38 57.7
655.53 72.1
655.68 57.7
655.83 72.1
655.98 57.7
656.13 72.1
656.28 72.1
656.43 57.7
656.58 72.1
656.73 72.1
656.88 72.1
657.03 72.1
657.18 72.1
657.33 72.1
657.48 57.7
657.63 72.1
657.78 72.1
657.93 72.1
658.08 72.1
658.23 57.7
658.38 72.1
658.53 72.1
658.68 57.7
658.83 72.1
658.98 72.1
659.13 72.1
659.28 72.1
659.43 72.1
659.58 72.1
659.73 72.1
659.88 72.1
660.03 72.1
660.18 72.1
660.33 72.1
660.48 86.5
660.63 72.1
660.78 72.1
660.93 72.1
661.08 72.1
661.23 86.5
661.38 86.5
661.53 86.5
661.68 86.5
661.83 72.1
661.98 86.5
662.13 86.5
662.28 86.5
662.43 72.1
662.58 86.5
662.73 86.5
662.88 86.5
663.03 86.5
663.18 86.5
663.33 86.5
663.48 86.5
663.63 86.5
663.78 86.5
663.93 101.0
664.08 86.5
664.23 86.5
664.38 86.5
664.53 101.0
664.68 101.0
664.83 86.5
664.98 101.0
665.13 101.0
665.28 101.0
665.43 101.0
665.58 101.0
665.73 101.0
665.88 101.0
666.03 101.0
666.18 101.0
666.33 101.0
666.48 101.0
666.63 101.0
666.78 101.0
666.93 115.4
667.08 101.0
667.23 101.0
667.38 101.0
667.53 115.4
667.68 115.4
667.83 115.4
667.98 101.0
668.13 115.4
668.28 115.4
668.43 115.4
668.58 115.4
668.73 115.4
668.88 129.8
669.03 115.4
669.18 129.8
669.33 129.8
669.48 129.8
669.63 129.8
669.78 129.8
669.93 115.4
670.08 129.8
670.23 129.8
670.38 144.2
670.53 129.8
670.68 144.2
670.83 129.8
670.98 144.2
671.13 144.2
671.28 129.8
671.43 144.2
671.58 144.2
671.73 144.2
671.88 144.2
672.03 144.2
672.18 144.2
672.33 144.2
672.48 144.2
672.63 144.2
672.78 144.2
672.93 158.7
673.08 158.7
673.23 158.7
673.38 158.7
673.53 158.7
673.68 173.1
673.83 158.7
673.98 173.1
674.13 158.7
674.28 173.1
674.43 173.1
674.58 173.1
674.73 187.5
674.88 187.5
675.03 187.5
675.18 187.5
675.33 187.5
675.48 187.5
675.63 187.5
675.78 187.5
675.93 187.5
676.08 201.9
676.23 201.9
676.38 201.9
676.53 201.9
676.68 201.9
676.83 201.9
676.98 216.4
677.13 201.9
677.28 216.4
677.43 216.4
677.58 230.8
677.73 216.4
677.88 216.4
678.03 216.4
678.18 230.8
678.33 230.8
678.48 245.2
678.63 230.8
678.78 245.2
678.93 230.8
679.08 245.2
679.23 245.2
679.38 259.6
679.53 259.6
679.68 259.6
679.83 259.6
679.98 274.1
680.13 259.6
680.28 259.6
680.43 274.1
680.58 288.5
680.73 274.1
680.88 274.1
681.03 288.5
681.18 288.5
681.33 288.5
681.48 302.9
681.63 302.9
681.78 302.9
681.93 302.9
682.08 317.3
682.23 317.3
682.38 331.8
682.53 331.8
682.68 346.2
682.83 346.2
682.98 346.2
683.13 346.2
683.28 346.2
683.43 360.6
683.58 360.6
683.73 375.0
683.88 375.0
684.03 389.5
684.18 389.5
684.33 389.5
684.48 389.5
684.63 403.9
684.78 403.9
684.93 418.3
685.08 432.7
685.23 432.7
685.38 432.7
685.53 447.1
685.68 461.6
685.83 461.6
685.98 461.6
686.13 476.0
686.28 476.0
686.43 490.4
686.58 504.8
686.73 504.8
686.88 504.8
687.03 519.3
687.18 533.7
687.33 533.7
687.48 548.1
687.63 562.5
687.78 577.0
687.93 577.0
688.08 591.4
688.23 591.4
688.38 605.8
688.53 620.2
688.68 634.7
688.83 649.1
688.98 663.5
689.13 663.5
689.28 677.9
689.43 692.4
689.58 706.8
689.73 721.2
689.88 735.6
690.03 735.6
690.18 750.1
690.33 778.9
690.48 793.3
690.63 822.2
690.78 822.2
690.93 851.0
691.08 865.5
691.23 879.9
691.38 894.3
691.53 908.7
691.68 937.6
691.83 952.0
691.98 966.4
692.13 995.3
692.28 1024.1
692.43 1053.0
692.58 1067.4
692.73 1096.2
692.88 1125.1
693.03 1153.9
693.18 1168.4
693.33 1197.2
693.48 1226.1
693.63 1240.5
693.78 1283.8
693.93 1312.6
694.08 1341.4
694.23 1384.7
694.38 1428.0
694.53 1456.8
694.68 1514.5
694.83 1543.4
694.98 1586.7
695.13 1629.9
695.28 1658.8
695.43 1702.1
695.58 1730.9
695.73 1788.6
695.88 1860.7
696.03 1904.0
696.18 1976.1
696.33 2048.2
696.48 2105.9
696.63 2163.6
696.78 2221.3
696.93 2293.4
697.08 2351.1
697.23 2437.7
697.38 2481.0
697.53 2567.5
697.68 2697.3
697.83 2798.3
697.98 2928.1
698.13 3072.4
698.28 3202.2
698.43 3332.0
698.58 3519.5
698.73 3678.2
698.88 3880.1
699.03 4053.2
699.18 4327.3
699.33 4601.3
699.48 4961.9
699.63 5351.4
699.78 5885.1
699.93 6447.6
700.08 7140.0
700.23 7947.7
700.38 8899.7
700.53 10010.4
700.68 11308.6
700.83 12794.3
700.98 14510.7
701.13 16501.3
701.28 18708.2
701.43 21261.3
701.58 24030.7
701.73 27175.2
701.88 30564.9
702.03 34286.3
702.18 38267.4
702.33 42493.7
702.48 46893.0
702.63 51494.3
702.78 56211.1
702.93 60985.5
703.08 65774.3
703.23 70491.0
703.38 75164.4
703.53 79693.6
703.68 84035.3
703.83 88290.4
703.98 92386.9
704.13 96310.3
704.28 100075.0
704.43 103709.9
704.58 107243.8
704.73 110662.4
704.88 114008.8
705.03 117268.6
705.18 120456.4
705.33 123615.3
705.48 126875.1
705.63 130308.1
705.78 134044.0
705.93 138313.5
706.08 143448.5
706.23 149809.6
706.38 157815.0
706.53 168027.3
706.68 181283.2
706.83 198448.0
706.98 220690.1
707.13 249437.5
707.28 286449.9
707.43 333948.8
707.58 394415.0
707.73 470055.4
707.88 562052.9
708.03 669181.3
708.18 784401.7
708.33 892611.9
708.48 971945.0
708.63 1000000.0
708.78 876644.4
708.93 609032.4
709.08 350522.2
709.23 176754.0
709.38 83314.1
709.53 38339.5
709.68 17727.3
709.83 8481.4
709.98 4284.0
710.13 2307.9
710.28 1298.2
710.43 822.2
710.58 504.8
710.73 331.8
710.88 230.8
711.03 158.7
711.18 101.0
711.33 57.7
711.48 43.3
711.63 28.8
711.78 14.4
711.93 14.4
712.08 14.4
712.23 14.4
712.38 0.0
712.53 0.0
712.68 0.0
712.83 0.0
712.98 14.4
713.13 0.0
713.28 0.0
713.43 0.0
713.58 0.0
713.73 0.0
713.88 0.0
714.03 0.0
714.18 0.0
714.33 0.0
714.48 0.0
714.63 0.0
714.78 0.0
714.93 0.0
715.08 0.0
715.23 0.0
715.38 0.0
715.53 0.0
715.68 0.0
715.83 0.0
715.98 0.0
716.13 0.0
716.28 0.0
716.43 0.0
716.58 0.0
716.73 0.0
716.88 0.0
717.03 0.0
717.18 0.0
717.33 0.0
717.48 0.0
717.63 0.0
717.78 0.0
717.93 0.0
718.08 0.0
718.23 0.0
718.38 0.0
718.53 0.0
718.68 0.0
718.83 0.0
718.98 0.0
719.13 0.0
719.28 0.0
719.43 0.0
719.58 0.0
719.73 0.0
719.88 0.0
720.03 0.0
720.18 0.0
720.33 0.0
720.48 0.0
720.63 0.0
720.78 0.0
720.93 0.0
721.08 0.0
721.23 0.0
721.38 0.0
721.53 0.0
721.68 0.0
721.83 0.0
721.98 0.0
722.13 0.0
722.28 0.0
722.43 0.0
722.58 0.0
722.73 0.0
722.88 0.0
723.03 0.0
723.18 0.0
723.33 0.0
723.48 0.0
723.63 0.0
723.78 0.0
723.93 0.0
724.08 0.0
724.23 0.0
724.38 0.0
724.53 0.0
724.68 0.0
724.83 0.0
724.98 0.0
725.13 0.0
725.28 0.0
725.43 0.0
725.58 0.0
725.73 0.0
725.88 0.0
726.03 0.0
726.18 0.0
726.33 0.0
726.48 0.0
726.63 0.0
726.78 0.0
726.93 0.0
727.08 0.0
727.23 0.0
727.38 0.0
727.53 0.0
727.68 0.0
727.83 0.0
727.98 0.0
728.13 0.0
728.28 0.0
728.43 0.0
728.58 0.0
728.73 0.0
728.88 0.0
729.03 0.0
729.18 0.0
729.33 0.0
729.48 0.0
729.63 0.0
729.78 0.0
729.93 0.0
730.08 0.0
730.23 0.0
730.38 0.0
730.53 0.0
730.68 0.0
730.83 0.0
730.98 0.0
731.13 0.0
731.28 0.0
731.43 0.0
731.58 0.0
731.73 0.0
731.88 0.0
732.03 0.0
732.18 0.0
732.33 0.0
732.48 0.0
732.63 0.0
732.78 0.0
732.93 0.0
733.08 0.0
733.23 0.0
733.38 0.0
733.53 0.0
733.68 0.0
733.83 0.0
733.98 0.0
734.13 0.0
734.28 0.0
734.43 0.0
734.58 0.0
734.73 0.0
734.88 0.0
735.03 0.0
735.18 0.0
735.33 0.0
735.48 0.0
735.63 0.0
735.78 0.0
735.93 0.0
736.08 0.0
736.23 0.0
736.38 0.0
736.53 0.0
736.68 0.0
736.83 0.0
736.98 0.0
737.13 0.0
737.28 0.0
737.43 0.0
737.58 0.0
737.73 0.0
737.88 0.0
738.03 0.0
738.18 0.0
738.33 0.0
738.48 0.0
738.63 0.0
738.78 0.0
738.93 0.0
739.08 0.0
739.23 0.0
739.38 0.0
739.53 0.0
739.68 0.0
739.83 0.0
739.98 0.0
740.13 0.0
740.28 0.0
740.43 0.0
740.58 0.0
740.73 0.0
740.88 0.0
741.03 0.0
741.18 0.0
741.33 0.0
741.48 0.0
741.63 0.0
741.78 0.0
741.93 0.0
742.08 0.0
742.23 0.0
742.38 0.0
742.53 0.0
742.68 0.0
742.83 0.0
742.98 0.0
743.13 0.0
743.28 0.0
743.43 0.0
743.58 0.0
743.73 0.0
743.88 0.0
744.03 0.0
744.18 0.0
744.33 0.0
744.48 0.0
744.63 0.0
744.78 0.0
744.93 0.0
745.08 0.0
745.23 0.0
745.38 0.0
745.53 0.0
745.68 0.0
745.83 0.0
745.98 0.0
746.13 0.0
746.28 0.0
746.43 0.0