606.48 0.0
606.63 0.0
606.78 0.0
606.93 0.0
607.08 0.0
607.23 0.0
607.38 0.0
607.53 0.0
607.68 0.0
607.83 0.0
607.98 0.0
608.13 0.0
608.28 0.0
608.43 0.0
608.58 0.0
608.73 0.0
608.88 0.0
609.03 0.0
609.18 0.0
609.33 0.0
609.48 0.0
609.63 0.0
609.78 0.0
609.93 0.0
610.08 0.0
610.23 0.0
610.38 0.0
610.53 0.0
610.68 0.0
610.83 0.0
610.98 0.0
611.13 0.0
611.28 0.0
611.43 0.0
611.58 0.0
611.73 0.0
611.88 0.0
612.03 0.0
612.18 0.0
612.33 0.0
612.48 0.0
612.63 0.0
612.78 0.0
612.93 0.0
613.08 0.0
613.23 0.0
613.38 0.0
613.53 0.0
613.68 0.0
613.83 0.0
613.98 0.0
614.13 0.0
614.28 0.0
614.43 0.0
614.58 0.0
614.73 0.0
614.88 0.0
615.03 0.0
615.18 0.0
615.33 0.0
615.48 0.0
615.63 0.0
615.78 0.0
615.93 0.0
616.08 0.0
616.23 0.0
616.38 0.0
616.53 0.0
616.68 0.0
616.83 0.0
616.98 0.0
617.13 0.0
617.28 0.0
617.43 0.0
617.58 0.0
617.73 0.0
617.88 0.0
618.03 0.0
618.18 0.0
618.33 0.0
618.48 0.0
618.63 0.0
618.78 0.0
618.93 0.0
619.08 0.0
619.23 0.0
619.38 0.0
619.53 0.0
619.68 0.0
619.83 0.0
619.98 0.0
620.13 0.0
620.28 0.0
620.43 0.0
620.58 0.0
620.73 0.0
620.88 0.0
621.03 0.0
621.18 0.0
621.33 0.0
621.48 0.0
621.63 0.0
621.78 0.0
621.93 0.0
622.08 0.0
622.23 0.0
622.38 0.0
622.53 0.0
622.68 0.0
622.83 0.0
622.98 0.0
623.13 0.0
623.28 0.0
623.43 0.0
623.58 0.0
623.73 0.0
623.88 0.0
624.03 0.0
624.18 0.0
624.33 0.0
624.48 0.0
624.63 0.0
624.78 0.0
624.93 0.0
625.08 0.0
625.23 0.0
625.38 0.0
625.53 0.0
625.68 0.0
625.83 0.0
625.98 0.0
626.13 0.0
626.28 0.0
626.43 0.0
626.58 0.0
626.73 0.0
626.88 0.0
627.03 0.0
627.18 0.0
627.33 0.0
627.48 0.0
627.63 0.0
627.78 0.0
627.93 0.0
628.08 0.0
628.23 0.0
628.38 0.0
628.53 0.0
628.68 0.0
628.83 0.0
628.98 0.0
629.13 0.0
629.28 0.0
629.43 0.0
629.58 0.0
629.73 0.0
629.88 0.0
630.03 0.0
630.18 0.0
630.33 0.0
630.48 0.0
630.63 0.0
630.78 0.0
630.93 0.0
631.08 0.0
631.23 0.0
631.38 0.0
631.53 0.0
631.68 0.0
631.83 0.0
631.98 0.0
632.13 0.0
632.28 0.0
632.43 0.0
632.58 0.0
632.73 0.0
632.88 0.0
633.03 0.0
633.18 0.0
633.33 0.0
633.48 0.0
633.63 0.0
633.78 0.0
633.93 0.0
634.08 0.0
634.23 0.0
634.38 0.0
634.53 0.0
634.68 0.0
634.83 0.0
634.98 0.0
635.13 0.0
635.28 0.0
635.43 0.0
635.58 0.0
635.73 0.0
635.88 0.0
636.03 0.0
636.18 0.0
636.33 0.0
636.48 0.0
636.63 0.0
636.78 0.0
636.93 0.0
637.08 0.0
637.23 0.0
637.38 0.0
637.53 0.0
637.68 0.0
637.83 0.0
637.98 0.0
638.13 0.0
638.28 0.0
638.43 0.0
638.58 0.0
638.73 0.0
638.88 0.0
639.03 0.0
639.18 0.0
639.33 0.0
639.48 0.0
639.63 0.0
639.78 0.0
639.93 0.0
640.08 0.0
640.23 0.0
640.38 0.0
640.53 0.0
640.68 0.0
640.83 0.0
640.98 0.0
641.13 0.0
641.28 0.0
641.43 0.0
641.58 0.0
641.73 0.0
641.88 0.0
642.03 0.0
642.18 0.0
642.33 0.0
642.48 0.0
642.63 0.0
642.78 0.0
642.93 0.0
643.08 0.0
643.23 0.0
643.38 0.0
643.53 0.0
643.68 0.0
643.83 0.0
643.98 0.0
644.13 0.0
644.28 0.0
644.43 0.0
644.58 0.0
644.73 0.0
644.88 0.0
645.03 0.0
645.18 0.0
645.33 0.0
645.48 0.0
645.63 0.0
645.78 0.0
645.93 0.0
646.08 0.0
646.23 0.0
646.38 0.0
646.53 0.0
646.68 0.0
646.83 0.0
646.98 0.0
647.13 0.0
647.28 0.0
647.43 0.0
647.58 0.0
647.73 0.0
647.88 0.0
648.03 0.0
648.18 0.0
648.33 0.0
648.48 0.0
648.63 0.0
648.78 0.0
648.93 0.0
649.08 0.0
649.23 0.0
649.38 0.0
649.53 0.0
649.68 0.0
649.83 0.0
649.98 0.0
650.13 0.0
650.28 0.0
650.43 0.0
650.58 0.0
650.73 0.0
650.88 0.0
651.03 0.0
651.18 0.0
651.33 0.0
651.48 0.0
651.63 0.0
651.78 0.0
651.93 0.0
652.08 0.0
652.23 0.0
652.38 0.0
652.53 0.0
652.68 0.0
652.83 0.0
652.98 0.0
653.13 0.0
653.28 0.0
653.43 0.0
653.58 0.0
653.73 0.0
653.88 0.0
654.03 0.0
654.18 0.0
654.33 0.0
654.48 0.0
654.63 0.0
654.78 0.0
654.93 0.0
655.08 0.0
655.23 0.0
655.38 0.0
655.53 0.0
655.68 0.0
655.83 0.0
655.98 0.0
656.13 0.0
656.28 0.0
656.43 0.0
656.58 0.0
656.73 0.0
656.88 0.0
657.03 0.0
657.18 0.0
657.33 0.0
657.48 0.0
657.63 0.0
657.78 0.0
657.93 0.0
658.08 0.0
658.23 0.0
658.38 0.0
658.53 0.0
658.68 0.0
658.83 0.0
658.98 0.0
659.13 0.0
659.28 0.0
659.43 0.0
659.58 0.0
659.73 0.0
659.88 0.0
660.03 0.0
660.18 0.0
660.33 0.0
660.48 0.0
660.63 0.0
660.78 0.0
660.93 0.0
661.08 0.0
661.23 0.0
661.38 0.0
661.53 0.0
661.68 0.0
661.83 0.0
661.98 0.0
662.13 0.0
662.28 0.0
662.43 0.0
662.58 0.0
662.73 0.0
662.88 0.0
663.03 0.0
663.18 0.0
663.33 0.0
663.48 0.0
663.63 0.0
663.78 0.0
663.93 0.0
664.08 0.0
664.23 0.0
664.38 0.0
664.53 0.0
664.68 0.0
664.83 0.0
664.98 0.0
665.13 0.0
665.28 0.0
665.43 0.0
665.58 0.0
665.73 0.0
665.88 0.0
666.03 0.0
666.18 0.0
666.33 0.0
666.48 0.0
666.63 0.0
666.78 0.0
666.93 0.0
667.08 0.0
667.23 0.0
667.38 0.0
667.53 0.0
667.68 0.0
667.83 0.0
667.98 0.0
668.13 0.0
668.28 0.0
668.43 0.0
668.58 0.0
668.73 0.0
668.88 0.0
669.03 0.0
669.18 0.0
669.33 0.0
669.48 0.0
669.63 0.0
669.78 0.0
669.93 0.0
670.08 0.0
670.23 0.0
670.38 0.0
670.53 0.0
670.68 0.0
670.83 0.0
670.98 0.0
671.13 0.0
671.28 0.0
671.43 0.0
671.58 0.0
671.73 0.0
671.88 0.0
672.03 0.0
672.18 0.0
672.33 0.0
672.48 0.0
672.63 0.0
672.78 0.0
672.93 0.0
673.08 0.0
673.23 0.0
673.38 0.0
673.53 0.0
673.68 0.0
673.83 0.0
673.98 0.0
674.13 0.0
674.28 0.0
674.43 0.0
674.58 0.0
674.73 0.0
674.88 0.0
675.03 0.0
675.18 0.0
675.33 0.0
675.48 0.0
675.63 0.0
675.78 0.0
675.93 0.0
676.08 0.0
676.23 0.0
676.38 0.0
676.53 0.0
676.68 0.0
676.83 0.0
676.98 0.0
677.13 0.0
677.28 0.0
677.43 0.0
677.58 0.0
677.73 0.0
677.88 0.0
678.03 0.0
678.18 0.0
678.33 0.0
678.48 0.0
678.63 0.0
678.78 0.0
678.93 0.0
679.08 0.0
679.23 0.0
679.38 0.0
679.53 0.0
679.68 0.0
679.83 0.0
679.98 0.0
680.13 0.0
680.28 0.0
680.43 0.0
680.58 0.0
680.73 0.0
680.88 0.0
681.03 0.0
681.18 0.0
681.33 0.0
681.48 0.0
681.63 0.0
681.78 0.0
681.93 0.0
682.08 0.0
682.23 0.0
682.38 0.0
682.53 0.0
682.68 0.0
682.83 0.0
682.98 0.0
683.13 0.0
683.28 0.0
683.43 0.0
683.58 0.0
683.73 0.0
683.88 0.0
684.03 0.0
684.18 0.0
684.33 0.0
684.48 0.0
684.63 0.0
684.78 0.0
684.93 0.0
685.08 0.0
685.23 0.0
685.38 0.0
685.53 0.0
685.68 0.0
685.83 0.0
685.98 0.0
686.13 0.0
686.28 0.0
686.43 0.0
686.58 0.0
686.73 0.0
686.88 0.0
687.03 0.0
687.18 0.0
687.33 0.0
687.48 0.0
687.63 0.0
687.78 0.0
687.93 0.0
688.08 0.0
688.23 0.0
688.38 0.0
688.53 0.0
688.68 0.0
688.83 0.0
688.98 0.0
689.13 0.0
689.28 0.0
689.43 0.0
689.58 0.0
689.73 0.0
689.88 0.0
690.03 0.0
690.18 0.0
690.33 0.0
690.48 0.0
690.63 0.0
690.78 0.0
690.93 0.0
691.08 0.0
691.23 0.0
691.38 0.0
691.53 0.0
691.68 0.0
691.83 0.0
691.98 0.0
692.13 0.0
692.28 0.0
692.43 0.0
692.58 0.0
692.73 0.0
692.88 0.0
693.03 0.0
693.18 0.0
693.33 0.0
693.48 0.0
693.63 0.0
693.78 321.3
693.93 321.3
694.08 321.3
694.23 642.7
694.38 964.0
694.53 964.0
694.68 1606.7
694.83 1928.0
694.98 2249.4
695.13 3213.4
695.28 3856.0
695.43 4820.1
695.58 6105.4
695.73 7712.1
695.88 9318.8
696.03 11568.1
696.18 14138.8
696.33 17352.2
696.48 20886.9
696.63 25385.6
696.78 30205.7
696.93 35989.7
697.08 42737.8
697.23 50449.9
697.38 58804.6
697.53 68444.7
697.68 79048.8
697.83 90617.0
697.98 103470.4
698.13 116966.6
698.28 131426.7
698.43 146529.6
698.58 162275.1
698.73 178341.9
698.88 194408.7
699.03 209832.9
699.18 224935.7
699.33 239074.6
699.48 251928.0
699.63 262210.8
699.78 271529.6
699.93 278277.6
700.08 282133.7
700.23 284061.7
700.38 283097.7
700.53 279884.3
700.68 274742.9
700.83 267030.8
700.98 257712.1
701.13 248072.0
701.28 237146.5
701.43 226863.8
701.58 216581.0
701.73 208868.9
701.88 201478.1
702.03 197300.8
702.18 196979.4
702.33 199550.1
702.48 205976.9
702.63 217223.7
702.78 232969.2
702.93 253213.4
703.08 278277.6
703.23 305591.3
703.38 336760.9
703.53 369858.6
703.68 402635.0
703.83 435411.3
703.98 466581.0
704.13 494537.3
704.28 519280.2
704.43 540809.8
704.58 559447.3
704.73 576799.5
704.88 594473.0
705.03 614717.2
705.18 638496.1
705.33 669023.1
705.48 705976.9
705.63 748393.3
705.78 797236.5
705.93 848007.7
706.08 898457.6
706.23 943766.1
706.38 978149.1
706.53 997429.3
706.68 1000000.0
706.83 981041.1
706.98 943123.4
707.13 887210.8
707.28 816516.7
707.43 735218.5
707.58 648457.6
707.73 560411.3
707.88 474293.1
708.03 394601.5
708.18 321979.4
708.33 257712.1
708.48 203406.2
708.63 157455.0
708.78 121144.0
708.93 90617.0
709.08 66838.0
709.23 48521.9
709.38 35025.7
709.53 24742.9
709.68 17352.2
709.83 11889.5
709.98 8354.8
710.13 5462.7
710.28 3534.7
710.43 2570.7
710.58 1285.3
710.73 964.0
710.88 642.7
711.03 321.3
711.18 321.3
711.33 0.0
711.48 0.0
711.63 0.0
711.78 0.0
711.93 0.0
712.08 0.0
712.23 0.0
712.38 0.0
712.53 0.0
712.68 0.0
712.83 0.0
712.98 0.0
713.13 0.0
713.28 0.0
713.43 0.0
713.58 0.0
713.73 0.0
713.88 0.0
714.03 0.0
714.18 0.0
714.33 0.0
714.48 0.0
714.63 0.0
714.78 0.0
714.93 0.0
715.08 0.0
715.23 0.0
715.38 0.0
715.53 0.0
715.68 0.0
715.83 0.0
715.98 0.0
716.13 0.0
716.28 0.0
716.43 0.0
716.58 0.0
716.73 0.0
716.88 0.0
717.03 0.0
717.18 0.0
717.33 0.0
717.48 0.0
717.63 0.0
717.78 0.0
717.93 0.0
718.08 0.0
718.23 0.0
718.38 0.0
718.53 0.0
718.68 0.0
718.83 0.0
718.98 0.0
719.13 0.0
719.28 0.0
719.43 0.0
719.58 0.0
719.73 0.0
719.88 0.0
720.03 0.0
720.18 0.0
720.33 0.0
720.48 0.0
720.63 0.0
720.78 0.0
720.93 0.0
721.08 0.0
721.23 0.0
721.38 0.0
721.53 0.0
721.68 0.0
721.83 0.0
721.98 0.0
722.13 0.0
722.28 0.0
722.43 0.0
722.58 0.0
722.73 0.0
722.88 0.0
723.03 0.0
723.18 0.0
723.33 0.0
723.48 0.0
723.63 0.0
723.78 0.0
723.93 0.0
724.08 0.0
724.23 0.0
724.38 0.0
724.53 0.0
724.68 0.0
724.83 0.0
724.98 0.0
725.13 0.0
725.28 0.0
725.43 0.0
725.58 0.0
725.73 0.0
725.88 0.0
726.03 0.0
726.18 0.0
726.33 0.0
726.48 0.0
726.63 0.0
726.78 0.0
726.93 0.0
727.08 0.0
727.23 0.0
727.38 0.0
727.53 0.0
727.68 0.0
727.83 0.0
727.98 0.0
728.13 0.0
728.28 0.0
728.43 0.0
728.58 0.0
728.73 0.0
728.88 0.0
729.03 0.0
729.18 0.0
729.33 0.0
729.48 0.0
729.63 0.0
729.78 0.0
729.93 0.0
730.08 0.0
730.23 0.0
730.38 0.0
730.53 0.0
730.68 0.0
730.83 0.0
730.98 0.0
731.13 0.0
731.28 0.0
731.43 0.0
731.58 0.0
731.73 0.0
731.88 0.0
732.03 0.0
732.18 0.0
732.33 0.0
732.48 0.0
732.63 0.0
732.78 0.0
732.93 0.0
733.08 0.0
733.23 0.0
733.38 0.0
733.53 0.0
733.68 0.0
733.83 0.0
733.98 0.0
734.13 0.0
734.28 0.0
734.43 0.0
734.58 0.0
734.73 0.0
734.88 0.0
735.03 0.0
735.18 0.0
735.33 0.0
735.48 0.0
735.63 0.0
735.78 0.0
735.93 0.0
736.08 0.0
736.23 0.0
736.38 0.0
736.53 0.0
736.68 0.0
736.83 0.0
736.98 0.0
737.13 0.0
737.28 0.0
737.43 0.0
737.58 0.0
737.73 0.0
737.88 0.0
738.03 0.0
738.18 0.0
738.33 0.0
738.48 0.0
738.63 0.0
738.78 0.0
738.93 0.0
739.08 0.0
739.23 0.0
739.38 0.0
739.53 0.0
739.68 0.0
739.83 0.0
739.98 0.0
740.13 0.0
740.28 0.0
740.43 0.0
740.58 0.0
740.73 0.0
740.88 0.0
741.03 0.0
741.18 0.0
741.33 0.0
741.48 0.0
741.63 0.0
741.78 0.0
741.93 0.0
742.08 0.0
742.23 0.0
742.38 0.0
742.53 0.0
742.68 0.0
742.83 0.0
742.98 0.0
743.13 0.0
743.28 0.0
743.43 0.0
743.58 0.0
743.73 0.0
743.88 0.0
744.03 0.0
744.18 0.0
744.33 0.0
744.48 0.0
744.63 0.0
744.78 0.0
744.93 0.0
745.08 0.0
745.23 0.0
745.38 0.0
745.53 0.0
745.68 0.0
745.83 0.0
745.98 0.0
746.13 0.0
746.28 0.0
746.43 0.0