156.48 0.0
156.63 0.0
156.78 0.0
156.93 0.0
157.08 0.0
157.23 0.0
157.38 0.0
157.53 0.0
157.68 0.0
157.83 0.0
157.98 0.0
158.13 0.0
158.28 0.0
158.43 0.0
158.58 0.0
158.73 0.0
158.88 0.0
159.03 0.0
159.18 0.0
159.33 0.0
159.48 0.0
159.63 0.0
159.78 0.0
159.93 0.0
160.08 0.0
160.23 0.0
160.38 0.0
160.53 0.0
160.68 0.0
160.83 0.0
160.98 0.0
161.13 0.0
161.28 0.0
161.43 0.0
161.58 0.0
161.73 0.0
161.88 0.0
162.03 0.0
162.18 0.0
162.33 0.0
162.48 0.0
162.63 0.0
162.78 0.0
162.93 0.0
163.08 0.0
163.23 0.0
163.38 0.0
163.53 0.0
163.68 0.0
163.83 0.0
163.98 0.0
164.13 0.0
164.28 0.0
164.43 0.0
164.58 0.0
164.73 0.0
164.88 0.0
165.03 0.0
165.18 0.0
165.33 0.0
165.48 0.0
165.63 0.0
165.78 0.0
165.93 0.0
166.08 0.0
166.23 0.0
166.38 0.0
166.53 0.0
166.68 0.0
166.83 0.0
166.98 0.0
167.13 0.0
167.28 0.0
167.43 0.0
167.58 0.0
167.73 0.0
167.88 0.0
168.03 0.0
168.18 0.0
168.33 0.0
168.48 0.0
168.63 0.0
168.78 0.0
168.93 0.0
169.08 0.0
169.23 0.0
169.38 0.0
169.53 0.0
169.68 0.0
169.83 0.0
169.98 0.0
170.13 0.0
170.28 0.0
170.43 0.0
170.58 0.0
170.73 0.0
170.88 0.0
171.03 0.0
171.18 0.0
171.33 0.0
171.48 0.0
171.63 0.0
171.78 0.0
171.93 0.0
172.08 0.0
172.23 0.0
172.38 0.0
172.53 0.0
172.68 0.0
172.83 0.0
172.98 0.0
173.13 0.0
173.28 0.0
173.43 0.0
173.58 0.0
173.73 0.0
173.88 0.0
174.03 0.0
174.18 0.0
174.33 0.0
174.48 0.0
174.63 0.0
174.78 0.0
174.93 0.0
175.08 0.0
175.23 0.0
175.38 0.0
175.53 0.0
175.68 0.0
175.83 0.0
175.98 0.0
176.13 0.0
176.28 0.0
176.43 0.0
176.58 0.0
176.73 0.0
176.88 0.0
177.03 0.0
177.18 0.0
177.33 8.1
177.48 16.2
177.63 32.4
177.78 81.1
177.93 170.3
178.08 340.7
178.23 665.1
178.38 1281.5
178.53 2384.6
178.68 4347.5
178.83 7689.2
178.98 13261.4
179.13 22191.6
179.28 36191.1
179.43 57230.9
179.58 88125.6
179.73 131446.2
179.88 190526.4
180.03 267053.3
180.18 362494.9
180.33 474539.7
180.48 598604.9
180.63 725371.1
180.78 842128.3
180.93 935120.4
181.08 990161.4
181.23 1000000.0
181.38 961700.1
181.53 882553.3
181.68 773314.9
181.83 648868.5
181.98 522524.1
182.13 404809.8
182.28 302579.3
182.43 218468.7
182.58 152802.3
182.73 103528.3
182.88 68123.9
183.03 43499.1
183.18 27017.6
183.33 16294.9
183.48 9562.8
183.63 5458.7
183.78 3033.5
183.93 1638.4
184.08 859.8
184.23 438.0
184.38 219.0
184.53 105.4
184.68 48.7
184.83 16.2
184.98 8.1
185.13 0.0
185.28 8.1
185.43 0.0
185.58 0.0
185.73 0.0
185.88 0.0
186.03 0.0
186.18 0.0
186.33 0.0
186.48 0.0
186.63 0.0
186.78 0.0
186.93 0.0
187.08 0.0
187.23 0.0
187.38 0.0
187.53 0.0
187.68 0.0
187.83 0.0
187.98 0.0
188.13 0.0
188.28 0.0
188.43 0.0
188.58 0.0
188.73 0.0
188.88 0.0
189.03 0.0
189.18 0.0
189.33 0.0
189.48 0.0
189.63 0.0
189.78 0.0
189.93 0.0
190.08 0.0
190.23 0.0
190.38 0.0
190.53 0.0
190.68 0.0
190.83 0.0
190.98 0.0
191.13 0.0
191.28 0.0
191.43 0.0
191.58 0.0
191.73 0.0
191.88 0.0
192.03 0.0
192.18 0.0
192.33 0.0
192.48 0.0
192.63 0.0
192.78 0.0
192.93 0.0
193.08 0.0
193.23 0.0
193.38 0.0
193.53 0.0
193.68 0.0
193.83 0.0
193.98 0.0
194.13 0.0
194.28 0.0
194.43 0.0
194.58 0.0
194.73 0.0
194.88 0.0
195.03 0.0
195.18 0.0
195.33 0.0
195.48 0.0
195.63 0.0
195.78 0.0
195.93 0.0
196.08 0.0
196.23 0.0
196.38 0.0
196.53 0.0
196.68 0.0
196.83 0.0
196.98 0.0
197.13 0.0
197.28 0.0
197.43 0.0
197.58 0.0
197.73 0.0
197.88 0.0
198.03 0.0
198.18 0.0
198.33 0.0
198.48 0.0
198.63 0.0
198.78 0.0
198.93 0.0
199.08 0.0
199.23 0.0
199.38 0.0
199.53 0.0
199.68 0.0
199.83 0.0
199.98 0.0
200.13 0.0
200.28 0.0
200.43 0.0
200.58 0.0
200.73 0.0
200.88 0.0
201.03 0.0
201.18 0.0
201.33 0.0
201.48 0.0
201.63 0.0
201.78 0.0
201.93 0.0
202.08 0.0
202.23 0.0
202.38 0.0
202.53 0.0
202.68 0.0
202.83 0.0
202.98 0.0
203.13 0.0
203.28 0.0
203.43 0.0
203.58 0.0
203.73 0.0
203.88 0.0
204.03 0.0
204.18 0.0
204.33 0.0
204.48 0.0
204.63 0.0
204.78 0.0
204.93 0.0
205.08 0.0
205.23 0.0
205.38 0.0
205.53 0.0
205.68 0.0
205.83 0.0
205.98 0.0
206.13 0.0
206.28 0.0
206.43 0.0