# format  : curve #1.x (tab) curve #1.y (tab) curve #2.x (tab) curve #2.y (tab) ...
# title   : Simulated Spectrum
# abscissa: Energy [eV]
# ordinate: Intensity [counts]
#==========================================================================================================
# Curve #1 (x,y): Config ##: 1
# Reference: W.S.M. Werner, W. Smekal and C. J. Powell, Simulation of Electron Spectra for Surface Analysis (SESSA V2.0) National Institute of Standards and Technology, Gaithersburg, MD (2010), 
# Reliability: 
# Remarks: 
#==========================================================================================================
1.278000e+003	2.772480e-009	
1.278005e+003	2.778891e-009	
1.278010e+003	2.785306e-009	
1.278015e+003	2.791735e-009	
1.278020e+003	2.798153e-009	
1.278024e+003	2.804576e-009	
1.278029e+003	2.811014e-009	
1.278034e+003	2.817439e-009	
1.278039e+003	2.823879e-009	
1.278044e+003	2.830315e-009	
1.278049e+003	2.836759e-009	
1.278054e+003	2.843202e-009	
1.278059e+003	2.849647e-009	
1.278063e+003	2.856088e-009	
1.278068e+003	2.862543e-009	
1.278073e+003	2.869270e-009	
1.278078e+003	2.876133e-009	
1.278083e+003	2.882989e-009	
1.278088e+003	2.889850e-009	
1.278093e+003	2.896710e-009	
1.278098e+003	2.903580e-009	
1.278103e+003	2.910443e-009	
1.278107e+003	2.917313e-009	
1.278112e+003	2.924185e-009	
1.278117e+003	2.931063e-009	
1.278122e+003	2.937937e-009	
1.278127e+003	2.944812e-009	
1.278132e+003	2.951699e-009	
1.278137e+003	2.958574e-009	
1.278142e+003	2.965463e-009	
1.278146e+003	2.972347e-009	
1.278151e+003	2.979229e-009	
1.278156e+003	2.986118e-009	
1.278161e+003	2.993009e-009	
1.278166e+003	2.999899e-009	
1.278171e+003	3.006885e-009	
1.278176e+003	3.014249e-009	
1.278181e+003	3.021616e-009	
1.278186e+003	3.028986e-009	
1.278190e+003	3.036360e-009	
1.278195e+003	3.043738e-009	
1.278200e+003	3.051110e-009	
1.278205e+003	3.058485e-009	
1.278210e+003	3.065865e-009	
1.278215e+003	3.073242e-009	
1.278220e+003	3.080615e-009	
1.278225e+003	3.087999e-009	
1.278229e+003	3.095379e-009	
1.278234e+003	3.102766e-009	
1.278239e+003	3.110154e-009	
1.278244e+003	3.117541e-009	
1.278249e+003	3.124923e-009	
1.278254e+003	3.132307e-009	
1.278259e+003	3.139697e-009	
1.278264e+003	3.147082e-009	
1.278269e+003	3.154467e-009	
1.278273e+003	3.162232e-009	
1.278278e+003	3.170138e-009	
1.278283e+003	3.178053e-009	
1.278288e+003	3.185967e-009	
1.278293e+003	3.193883e-009	
1.278298e+003	3.201796e-009	
1.278303e+003	3.209714e-009	
1.278308e+003	3.217632e-009	
1.278312e+003	3.225547e-009	
1.278317e+003	3.233470e-009	
1.278322e+003	3.241389e-009	
1.278327e+003	3.249306e-009	
1.278332e+003	3.257223e-009	
1.278337e+003	3.265146e-009	
1.278342e+003	3.273060e-009	
1.278347e+003	3.280983e-009	
1.278352e+003	3.288904e-009	
1.278356e+003	3.296820e-009	
1.278361e+003	3.304737e-009	
1.278366e+003	3.312658e-009	
1.278371e+003	3.320762e-009	
1.278376e+003	3.329403e-009	
1.278381e+003	3.338049e-009	
1.278386e+003	3.346702e-009	
1.278391e+003	3.355355e-009	
1.278396e+003	3.364004e-009	
1.278400e+003	3.372654e-009	
1.278405e+003	3.381313e-009	
1.278410e+003	3.389964e-009	
1.278415e+003	3.398616e-009	
1.278420e+003	3.407271e-009	
1.278425e+003	3.415921e-009	
1.278430e+003	3.424576e-009	
1.278435e+003	3.433232e-009	
1.278439e+003	3.441885e-009	
1.278444e+003	3.450532e-009	
1.278449e+003	3.459186e-009	
1.278454e+003	3.467834e-009	
1.278459e+003	3.476481e-009	
1.278464e+003	3.485134e-009	
1.278469e+003	3.493783e-009	
1.278474e+003	3.503007e-009	
1.278479e+003	3.512405e-009	
1.278483e+003	3.521813e-009	
1.278488e+003	3.531211e-009	
1.278493e+003	3.540612e-009	
1.278498e+003	3.550009e-009	
1.278503e+003	3.559416e-009	
1.278508e+003	3.568818e-009	
1.278513e+003	3.578217e-009	
1.278518e+003	3.587612e-009	
1.278522e+003	3.597013e-009	
1.278527e+003	3.606410e-009	
1.278532e+003	3.615811e-009	
1.278537e+003	3.625209e-009	
1.278542e+003	3.634612e-009	
1.278547e+003	3.644013e-009	
1.278552e+003	3.653414e-009	
1.278557e+003	3.662812e-009	
1.278562e+003	3.672210e-009	
1.278566e+003	3.681603e-009	
1.278571e+003	3.691254e-009	
1.278576e+003	3.701429e-009	
1.278581e+003	3.711641e-009	
1.278586e+003	3.721841e-009	
1.278591e+003	3.732053e-009	
1.278596e+003	3.742250e-009	
1.278601e+003	3.752456e-009	
1.278605e+003	3.762652e-009	
1.278610e+003	3.772858e-009	
1.278615e+003	3.783067e-009	
1.278620e+003	3.793265e-009	
1.278625e+003	3.803469e-009	
1.278630e+003	3.813671e-009	
1.278635e+003	3.823873e-009	
1.278640e+003	3.834069e-009	
1.278645e+003	3.844274e-009	
1.278649e+003	3.854467e-009	
1.278654e+003	3.864671e-009	
1.278659e+003	3.874861e-009	
1.278664e+003	3.885059e-009	
1.278669e+003	3.895257e-009	
1.278674e+003	3.906200e-009	
1.278679e+003	3.917331e-009	
1.278684e+003	3.928482e-009	
1.278688e+003	3.939626e-009	
1.278693e+003	3.950771e-009	
1.278698e+003	3.961921e-009	
1.278703e+003	3.973066e-009	
1.278708e+003	3.984212e-009	
1.278713e+003	3.995360e-009	
1.278718e+003	4.006510e-009	
1.278723e+003	4.017652e-009	
1.278728e+003	4.028799e-009	
1.278732e+003	4.039944e-009	
1.278737e+003	4.051092e-009	
1.278742e+003	4.062233e-009	
1.278747e+003	4.073375e-009	
1.278752e+003	4.084520e-009	
1.278757e+003	4.095667e-009	
1.278762e+003	4.106809e-009	
1.278767e+003	4.117954e-009	
1.278771e+003	4.129475e-009	
1.278776e+003	4.141685e-009	
1.278781e+003	4.153937e-009	
1.278786e+003	4.166198e-009	
1.278791e+003	4.178451e-009	
1.278796e+003	4.190704e-009	
1.278801e+003	4.202964e-009	
1.278806e+003	4.215225e-009	
1.278811e+003	4.227477e-009	
1.278815e+003	4.239738e-009	
1.278820e+003	4.251994e-009	
1.278825e+003	4.264254e-009	
1.278830e+003	4.276513e-009	
1.278835e+003	4.288776e-009	
1.278840e+003	4.301030e-009	
1.278845e+003	4.313293e-009	
1.278850e+003	4.325554e-009	
1.278854e+003	4.337811e-009	
1.278859e+003	4.350065e-009	
1.278864e+003	4.362326e-009	
1.278869e+003	4.374590e-009	
1.278874e+003	4.388043e-009	
1.278879e+003	4.401740e-009	
1.278884e+003	4.415441e-009	
1.278889e+003	4.429139e-009	
1.278894e+003	4.442849e-009	
1.278898e+003	4.456552e-009	
1.278903e+003	4.470253e-009	
1.278908e+003	4.483956e-009	
1.278913e+003	4.497666e-009	
1.278918e+003	4.511371e-009	
1.278923e+003	4.525075e-009	
1.278928e+003	4.538792e-009	
1.278933e+003	4.552498e-009	
1.278938e+003	4.566207e-009	
1.278942e+003	4.579917e-009	
1.278947e+003	4.593632e-009	
1.278952e+003	4.607344e-009	
1.278957e+003	4.621056e-009	
1.278962e+003	4.634770e-009	
1.278967e+003	4.648487e-009	
1.278972e+003	4.662862e-009	
1.278977e+003	4.678109e-009	
1.278981e+003	4.693442e-009	
1.278986e+003	4.708790e-009	
1.278991e+003	4.724130e-009	
1.278996e+003	4.739479e-009	
1.279001e+003	4.754821e-009	
1.279006e+003	4.770162e-009	
1.279011e+003	4.785505e-009	
1.279016e+003	4.800854e-009	
1.279021e+003	4.816207e-009	
1.279025e+003	4.831557e-009	
1.279030e+003	4.846909e-009	
1.279035e+003	4.862263e-009	
1.279040e+003	4.877621e-009	
1.279045e+003	4.892979e-009	
1.279050e+003	4.908339e-009	
1.279055e+003	4.923701e-009	
1.279060e+003	4.939067e-009	
1.279064e+003	4.954432e-009	
1.279069e+003	4.969794e-009	
1.279074e+003	4.986746e-009	
1.279079e+003	5.003919e-009	
1.279084e+003	5.021094e-009	
1.279089e+003	5.038273e-009	
1.279094e+003	5.055454e-009	
1.279099e+003	5.072643e-009	
1.279104e+003	5.089822e-009	
1.279108e+003	5.107013e-009	
1.279113e+003	5.124194e-009	
1.279118e+003	5.141376e-009	
1.279123e+003	5.158578e-009	
1.279128e+003	5.175770e-009	
1.279133e+003	5.192970e-009	
1.279138e+003	5.210175e-009	
1.279143e+003	5.227373e-009	
1.279147e+003	5.244583e-009	
1.279152e+003	5.261789e-009	
1.279157e+003	5.278992e-009	
1.279162e+003	5.296205e-009	
1.279167e+003	5.313424e-009	
1.279172e+003	5.331583e-009	
1.279177e+003	5.350847e-009	
1.279182e+003	5.370248e-009	
1.279187e+003	5.389647e-009	
1.279191e+003	5.409053e-009	
1.279196e+003	5.428463e-009	
1.279201e+003	5.447863e-009	
1.279206e+003	5.467288e-009	
1.279211e+003	5.486693e-009	
1.279216e+003	5.506116e-009	
1.279221e+003	5.525522e-009	
1.279226e+003	5.544942e-009	
1.279230e+003	5.564379e-009	
1.279235e+003	5.583815e-009	
1.279240e+003	5.603245e-009	
1.279245e+003	5.622679e-009	
1.279250e+003	5.642126e-009	
1.279255e+003	5.661558e-009	
1.279260e+003	5.681012e-009	
1.279265e+003	5.700463e-009	
1.279270e+003	5.719972e-009	
1.279274e+003	5.741711e-009	
1.279279e+003	5.763751e-009	
1.279284e+003	5.785814e-009	
1.279289e+003	5.807871e-009	
1.279294e+003	5.829936e-009	
1.279299e+003	5.852002e-009	
1.279304e+003	5.874068e-009	
1.279309e+003	5.896143e-009	
1.279313e+003	5.918219e-009	
1.279318e+003	5.940297e-009	
1.279323e+003	5.962381e-009	
1.279328e+003	5.984466e-009	
1.279333e+003	6.006561e-009	
1.279338e+003	6.028656e-009	
1.279343e+003	6.050743e-009	
1.279348e+003	6.072847e-009	
1.279353e+003	6.094960e-009	
1.279357e+003	6.117063e-009	
1.279362e+003	6.139173e-009	
1.279367e+003	6.161287e-009	
1.279372e+003	6.184885e-009	
1.279377e+003	6.209932e-009	
1.279382e+003	6.235149e-009	
1.279387e+003	6.260373e-009	
1.279392e+003	6.285596e-009	
1.279396e+003	6.310826e-009	
1.279401e+003	6.336054e-009	
1.279406e+003	6.361283e-009	
1.279411e+003	6.386528e-009	
1.279416e+003	6.411773e-009	
1.279421e+003	6.437023e-009	
1.279426e+003	6.462275e-009	
1.279431e+003	6.487535e-009	
1.279436e+003	6.512795e-009	
1.279440e+003	6.538063e-009	
1.279445e+003	6.563334e-009	
1.279450e+003	6.588613e-009	
1.279455e+003	6.613892e-009	
1.279460e+003	6.639179e-009	
1.279465e+003	6.664464e-009	
1.279470e+003	6.690076e-009	
1.279475e+003	6.718619e-009	
1.279479e+003	6.747672e-009	
1.279484e+003	6.776728e-009	
1.279489e+003	6.805779e-009	
1.279494e+003	6.834853e-009	
1.279499e+003	6.863918e-009	
1.279504e+003	6.892993e-009	
1.279509e+003	6.922078e-009	
1.279514e+003	6.951156e-009	
1.279519e+003	6.980249e-009	
1.279523e+003	7.009344e-009	
1.279528e+003	7.038446e-009	
1.279533e+003	7.067551e-009	
1.279538e+003	7.096664e-009	
1.279543e+003	7.125778e-009	
1.279548e+003	7.154911e-009	
1.279553e+003	7.184027e-009	
1.279558e+003	7.213154e-009	
1.279562e+003	7.242287e-009	
1.279567e+003	7.271433e-009	
1.279572e+003	7.303010e-009	
1.279577e+003	7.336487e-009	
1.279582e+003	7.370224e-009	
1.279587e+003	7.403964e-009	
1.279592e+003	7.437711e-009	
1.279597e+003	7.471465e-009	
1.279602e+003	7.505225e-009	
1.279606e+003	7.538985e-009	
1.279611e+003	7.572757e-009	
1.279616e+003	7.606533e-009	
1.279621e+003	7.640306e-009	
1.279626e+003	7.674098e-009	
1.279631e+003	7.707888e-009	
1.279636e+003	7.741691e-009	
1.279641e+003	7.775484e-009	
1.279646e+003	7.809295e-009	
1.279650e+003	7.843116e-009	
1.279655e+003	7.876928e-009	
1.279660e+003	7.910756e-009	
1.279665e+003	7.944590e-009	
1.279670e+003	7.979131e-009	
1.279675e+003	8.017824e-009	
1.279680e+003	8.057365e-009	
1.279685e+003	8.096912e-009	
1.279689e+003	8.136462e-009	
1.279694e+003	8.176014e-009	
1.279699e+003	8.215576e-009	
1.279704e+003	8.255158e-009	
1.279709e+003	8.294735e-009	
1.279714e+003	8.334331e-009	
1.279719e+003	8.373902e-009	
1.279724e+003	8.413508e-009	
1.279729e+003	8.453102e-009	
1.279733e+003	8.492712e-009	
1.279738e+003	8.532320e-009	
1.279743e+003	8.571943e-009	
1.279748e+003	8.611556e-009	
1.279753e+003	8.651185e-009	
1.279758e+003	8.690826e-009	
1.279763e+003	8.730459e-009	
1.279768e+003	8.770110e-009	
1.279772e+003	8.813672e-009	
1.279777e+003	8.859986e-009	
1.279782e+003	8.906721e-009	
1.279787e+003	8.953417e-009	
1.279792e+003	9.000153e-009	
1.279797e+003	9.046880e-009	
1.279802e+003	9.093636e-009	
1.279807e+003	9.140365e-009	
1.279812e+003	9.187104e-009	
1.279816e+003	9.233855e-009	
1.279821e+003	9.280620e-009	
1.279826e+003	9.327374e-009	
1.279831e+003	9.374119e-009	
1.279836e+003	9.420885e-009	
1.279841e+003	9.467651e-009	
1.279846e+003	9.514418e-009	
1.279851e+003	9.561193e-009	
1.279855e+003	9.607964e-009	
1.279860e+003	9.654743e-009	
1.279865e+003	9.701528e-009	
1.279870e+003	9.749765e-009	
1.279875e+003	9.804232e-009	
1.279880e+003	9.859939e-009	
1.279885e+003	9.915637e-009	
1.279890e+003	9.971342e-009	
1.279895e+003	1.002705e-008	
1.279899e+003	1.008275e-008	
1.279904e+003	1.013847e-008	
1.279909e+003	1.019416e-008	
1.279914e+003	1.024987e-008	
1.279919e+003	1.030558e-008	
1.279924e+003	1.036127e-008	
1.279929e+003	1.041698e-008	
1.279934e+003	1.047268e-008	
1.279938e+003	1.052839e-008	
1.279943e+003	1.058408e-008	
1.279948e+003	1.063978e-008	
1.279953e+003	1.069547e-008	
1.279958e+003	1.075116e-008	
1.279963e+003	1.080685e-008	
1.279968e+003	1.086253e-008	
1.279973e+003	1.092499e-008	
1.279978e+003	1.099139e-008	
1.279982e+003	1.105835e-008	
1.279987e+003	1.112530e-008	
1.279992e+003	1.119225e-008	
1.279997e+003	1.125921e-008	
1.280002e+003	1.132615e-008	
1.280007e+003	1.139308e-008	
1.280012e+003	1.146001e-008	
1.280017e+003	1.152694e-008	
1.280021e+003	1.159386e-008	
1.280026e+003	1.166075e-008	
1.280031e+003	1.172765e-008	
1.280036e+003	1.179455e-008	
1.280041e+003	1.186141e-008	
1.280046e+003	1.192829e-008	
1.280051e+003	1.199515e-008	
1.280056e+003	1.206200e-008	
1.280061e+003	1.212884e-008	
1.280065e+003	1.219566e-008	
1.280070e+003	1.226564e-008	
1.280075e+003	1.234478e-008	
1.280080e+003	1.242599e-008	
1.280085e+003	1.250718e-008	
1.280090e+003	1.258836e-008	
1.280095e+003	1.266956e-008	
1.280100e+003	1.275070e-008	
1.280104e+003	1.283185e-008	
1.280109e+003	1.291297e-008	
1.280114e+003	1.299411e-008	
1.280119e+003	1.307521e-008	
1.280124e+003	1.315628e-008	
1.280129e+003	1.323736e-008	
1.280134e+003	1.331841e-008	
1.280139e+003	1.339946e-008	
1.280144e+003	1.348048e-008	
1.280148e+003	1.356150e-008	
1.280153e+003	1.364246e-008	
1.280158e+003	1.372344e-008	
1.280163e+003	1.380438e-008	
1.280168e+003	1.388532e-008	
1.280173e+003	1.397790e-008	
1.280178e+003	1.407674e-008	
1.280183e+003	1.417644e-008	
1.280188e+003	1.427608e-008	
1.280192e+003	1.437573e-008	
1.280197e+003	1.447535e-008	
1.280202e+003	1.457493e-008	
1.280207e+003	1.467451e-008	
1.280212e+003	1.477407e-008	
1.280217e+003	1.487360e-008	
1.280222e+003	1.497311e-008	
1.280227e+003	1.507261e-008	
1.280231e+003	1.517206e-008	
1.280236e+003	1.527148e-008	
1.280241e+003	1.537092e-008	
1.280246e+003	1.547033e-008	
1.280251e+003	1.556967e-008	
1.280256e+003	1.566904e-008	
1.280261e+003	1.576836e-008	
1.280266e+003	1.586764e-008	
1.280271e+003	1.597295e-008	
1.280275e+003	1.609258e-008	
1.280280e+003	1.621582e-008	
1.280285e+003	1.633902e-008	
1.280290e+003	1.646221e-008	
1.280295e+003	1.658539e-008	
1.280300e+003	1.670851e-008	
1.280305e+003	1.683162e-008	
1.280310e+003	1.695470e-008	
1.280314e+003	1.707775e-008	
1.280319e+003	1.720077e-008	
1.280324e+003	1.732376e-008	
1.280329e+003	1.744672e-008	
1.280334e+003	1.756969e-008	
1.280339e+003	1.769257e-008	
1.280344e+003	1.781544e-008	
1.280349e+003	1.793832e-008	
1.280354e+003	1.806113e-008	
1.280358e+003	1.818390e-008	
1.280363e+003	1.830669e-008	
1.280368e+003	1.842939e-008	
1.280373e+003	1.857214e-008	
1.280378e+003	1.872420e-008	
1.280383e+003	1.887726e-008	
1.280388e+003	1.903026e-008	
1.280393e+003	1.918325e-008	
1.280397e+003	1.933620e-008	
1.280402e+003	1.948913e-008	
1.280407e+003	1.964201e-008	
1.280412e+003	1.979490e-008	
1.280417e+003	1.994773e-008	
1.280422e+003	2.010052e-008	
1.280427e+003	2.025329e-008	
1.280432e+003	2.040605e-008	
1.280437e+003	2.055874e-008	
1.280441e+003	2.071141e-008	
1.280446e+003	2.086407e-008	
1.280451e+003	2.101668e-008	
1.280456e+003	2.116927e-008	
1.280461e+003	2.132183e-008	
1.280466e+003	2.147434e-008	
1.280471e+003	2.163785e-008	
1.280476e+003	2.182154e-008	
1.280480e+003	2.201073e-008	
1.280485e+003	2.219988e-008	
1.280490e+003	2.238899e-008	
1.280495e+003	2.257807e-008	
1.280500e+003	2.276712e-008	
1.280505e+003	2.295616e-008	
1.280510e+003	2.314515e-008	
1.280515e+003	2.333415e-008	
1.280520e+003	2.352306e-008	
1.280524e+003	2.371198e-008	
1.280529e+003	2.390087e-008	
1.280534e+003	2.408974e-008	
1.280539e+003	2.427856e-008	
1.280544e+003	2.446737e-008	
1.280549e+003	2.465611e-008	
1.280554e+003	2.484486e-008	
1.280559e+003	2.503360e-008	
1.280563e+003	2.522228e-008	
1.280568e+003	2.541094e-008	
1.280573e+003	2.562731e-008	
1.280578e+003	2.585517e-008	
1.280583e+003	2.608371e-008	
1.280588e+003	2.631226e-008	
1.280593e+003	2.654077e-008	
1.280598e+003	2.676925e-008	
1.280603e+003	2.699773e-008	
1.280607e+003	2.722615e-008	
1.280612e+003	2.745454e-008	
1.280617e+003	2.768295e-008	
1.280622e+003	2.791132e-008	
1.280627e+003	2.813969e-008	
1.280632e+003	2.836799e-008	
1.280637e+003	2.859633e-008	
1.280642e+003	2.882463e-008	
1.280646e+003	2.905292e-008	
1.280651e+003	2.928116e-008	
1.280656e+003	2.950940e-008	
1.280661e+003	2.973760e-008	
1.280666e+003	2.996579e-008	
1.280671e+003	3.020549e-008	
1.280676e+003	3.046355e-008	
1.280681e+003	3.072695e-008	
1.280686e+003	3.099033e-008	
1.280690e+003	3.125366e-008	
1.280695e+003	3.151701e-008	
1.280700e+003	3.178037e-008	
1.280705e+003	3.204363e-008	
1.280710e+003	3.230695e-008	
1.280715e+003	3.257021e-008	
1.280720e+003	3.283349e-008	
1.280725e+003	3.309676e-008	
1.280729e+003	3.336000e-008	
1.280734e+003	3.362323e-008	
1.280739e+003	3.388646e-008	
1.280744e+003	3.414965e-008	
1.280749e+003	3.441282e-008	
1.280754e+003	3.467598e-008	
1.280759e+003	3.493915e-008	
1.280764e+003	3.520228e-008	
1.280769e+003	3.546545e-008	
1.280773e+003	3.573591e-008	
1.280778e+003	3.600934e-008	
1.280783e+003	3.628284e-008	
1.280788e+003	3.655634e-008	
1.280793e+003	3.682979e-008	
1.280798e+003	3.710328e-008	
1.280803e+003	3.737673e-008	
1.280808e+003	3.765018e-008	
1.280812e+003	3.792363e-008	
1.280817e+003	3.819704e-008	
1.280822e+003	3.847045e-008	
1.280827e+003	3.874392e-008	
1.280832e+003	3.901727e-008	
1.280837e+003	3.929071e-008	
1.280842e+003	3.956406e-008	
1.280847e+003	3.983746e-008	
1.280852e+003	4.011084e-008	
1.280856e+003	4.038419e-008	
1.280861e+003	4.065758e-008	
1.280866e+003	4.093095e-008	
1.280871e+003	4.119107e-008	
1.280876e+003	4.143309e-008	
1.280881e+003	4.167007e-008	
1.280886e+003	4.190705e-008	
1.280891e+003	4.214399e-008	
1.280896e+003	4.238098e-008	
1.280900e+003	4.261792e-008	
1.280905e+003	4.285488e-008	
1.280910e+003	4.309183e-008	
1.280915e+003	4.332878e-008	
1.280920e+003	4.356573e-008	
1.280925e+003	4.380266e-008	
1.280930e+003	4.403957e-008	
1.280935e+003	4.427655e-008	
1.280939e+003	4.451348e-008	
1.280944e+003	4.475036e-008	
1.280949e+003	4.498733e-008	
1.280954e+003	4.522419e-008	
1.280959e+003	4.546114e-008	
1.280964e+003	4.569804e-008	
1.280969e+003	4.593166e-008	
1.280974e+003	4.610125e-008	
1.280979e+003	4.624408e-008	
1.280983e+003	4.638689e-008	
1.280988e+003	4.652968e-008	
1.280993e+003	4.667245e-008	
1.280998e+003	4.681521e-008	
1.281003e+003	4.695806e-008	
1.281008e+003	4.710083e-008	
1.281013e+003	4.724360e-008	
1.281018e+003	4.738644e-008	
1.281022e+003	4.752919e-008	
1.281027e+003	4.767199e-008	
1.281032e+003	4.781478e-008	
1.281037e+003	4.795758e-008	
1.281042e+003	4.810037e-008	
1.281047e+003	4.824315e-008	
1.281052e+003	4.838596e-008	
1.281057e+003	4.852877e-008	
1.281062e+003	4.867155e-008	
1.281066e+003	4.881435e-008	
1.281071e+003	4.885680e-008	
1.281076e+003	4.878208e-008	
1.281081e+003	4.867557e-008	
1.281086e+003	4.856902e-008	
1.281091e+003	4.846252e-008	
1.281096e+003	4.835599e-008	
1.281101e+003	4.824953e-008	
1.281105e+003	4.814302e-008	
1.281110e+003	4.803646e-008	
1.281115e+003	4.793006e-008	
1.281120e+003	4.782351e-008	
1.281125e+003	4.771705e-008	
1.281130e+003	4.761055e-008	
1.281135e+003	4.750415e-008	
1.281140e+003	4.739764e-008	
1.281145e+003	4.729115e-008	
1.281149e+003	4.718475e-008	
1.281154e+003	4.707830e-008	
1.281159e+003	4.697183e-008	
1.281164e+003	4.686536e-008	
1.281169e+003	4.674894e-008	
1.281174e+003	4.653734e-008	
1.281179e+003	4.628224e-008	
1.281184e+003	4.602724e-008	
1.281188e+003	4.577223e-008	
1.281193e+003	4.551720e-008	
1.281198e+003	4.526211e-008	
1.281203e+003	4.500714e-008	
1.281208e+003	4.475212e-008	
1.281213e+003	4.449714e-008	
1.281218e+003	4.424213e-008	
1.281223e+003	4.398720e-008	
1.281228e+003	4.373217e-008	
1.281232e+003	4.347724e-008	
1.281237e+003	4.322226e-008	
1.281242e+003	4.296734e-008	
1.281247e+003	4.271239e-008	
1.281252e+003	4.245744e-008	
1.281257e+003	4.220259e-008	
1.281262e+003	4.194760e-008	
1.281267e+003	4.169274e-008	
1.281271e+003	4.145988e-008	
1.281276e+003	4.125089e-008	
1.281281e+003	4.104817e-008	
1.281286e+003	4.084549e-008	
1.281291e+003	4.064287e-008	
1.281296e+003	4.044023e-008	
1.281301e+003	4.023756e-008	
1.281306e+003	4.003501e-008	
1.281311e+003	3.983237e-008	
1.281315e+003	3.962978e-008	
1.281320e+003	3.942719e-008	
1.281325e+003	3.922460e-008	
1.281330e+003	3.902205e-008	
1.281335e+003	3.881955e-008	
1.281340e+003	3.861702e-008	
1.281345e+003	3.841449e-008	
1.281350e+003	3.821200e-008	
1.281354e+003	3.800950e-008	
1.281359e+003	3.780698e-008	
1.281364e+003	3.760453e-008	
1.281369e+003	3.741233e-008	
1.281374e+003	3.728322e-008	
1.281379e+003	3.718208e-008	
1.281384e+003	3.708098e-008	
1.281389e+003	3.697987e-008	
1.281394e+003	3.687877e-008	
1.281398e+003	3.677774e-008	
1.281403e+003	3.667668e-008	
1.281408e+003	3.657563e-008	
1.281413e+003	3.647461e-008	
1.281418e+003	3.637359e-008	
1.281423e+003	3.627263e-008	
1.281428e+003	3.617163e-008	
1.281433e+003	3.607067e-008	
1.281438e+003	3.596977e-008	
1.281442e+003	3.586883e-008	
1.281447e+003	3.576791e-008	
1.281452e+003	3.566704e-008	
1.281457e+003	3.556617e-008	
1.281462e+003	3.546528e-008	
1.281467e+003	3.536448e-008	
1.281472e+003	3.528750e-008	
1.281477e+003	3.523361e-008	
1.281481e+003	3.518525e-008	
1.281486e+003	3.513694e-008	
1.281491e+003	3.508857e-008	
1.281496e+003	3.504026e-008	
1.281501e+003	3.499200e-008	
1.281506e+003	3.494370e-008	
1.281511e+003	3.489545e-008	
1.281516e+003	3.484721e-008	
1.281521e+003	3.479900e-008	
1.281525e+003	3.475082e-008	
1.281530e+003	3.470265e-008	
1.281535e+003	3.465448e-008	
1.281540e+003	3.460635e-008	
1.281545e+003	3.455823e-008	
1.281550e+003	3.451009e-008	
1.281555e+003	3.446206e-008	
1.281560e+003	3.441400e-008	
1.281564e+003	3.436597e-008	
1.281569e+003	3.431451e-008	
1.281574e+003	3.424933e-008	
1.281579e+003	3.417775e-008	
1.281584e+003	3.410626e-008	
1.281589e+003	3.403475e-008	
1.281594e+003	3.396326e-008	
1.281599e+003	3.389180e-008	
1.281604e+003	3.382033e-008	
1.281608e+003	3.374895e-008	
1.281613e+003	3.367755e-008	
1.281618e+003	3.360614e-008	
1.281623e+003	3.353480e-008	
1.281628e+003	3.346347e-008	
1.281633e+003	3.339212e-008	
1.281638e+003	3.332083e-008	
1.281643e+003	3.324955e-008	
1.281647e+003	3.317833e-008	
1.281652e+003	3.310706e-008	
1.281657e+003	3.303587e-008	
1.281662e+003	3.296471e-008	
1.281667e+003	3.289355e-008	
1.281672e+003	3.276004e-008	
1.281677e+003	3.256842e-008	
1.281682e+003	3.236434e-008	
1.281687e+003	3.216029e-008	
1.281691e+003	3.195623e-008	
1.281696e+003	3.175223e-008	
1.281701e+003	3.154826e-008	
1.281706e+003	3.134429e-008	
1.281711e+003	3.114034e-008	
1.281716e+003	3.093641e-008	
1.281721e+003	3.073249e-008	
1.281726e+003	3.052863e-008	
1.281730e+003	3.032475e-008	
1.281735e+003	3.012092e-008	
1.281740e+003	2.991708e-008	
1.281745e+003	2.971327e-008	
1.281750e+003	2.950951e-008	
1.281755e+003	2.930574e-008	
1.281760e+003	2.910200e-008	
1.281765e+003	2.889829e-008	
1.281770e+003	2.868156e-008	
1.281774e+003	2.842290e-008	
1.281779e+003	2.814364e-008	
1.281784e+003	2.786443e-008	
1.281789e+003	2.758521e-008	
1.281794e+003	2.730605e-008	
1.281799e+003	2.702687e-008	
1.281804e+003	2.674773e-008	
1.281809e+003	2.646861e-008	
1.281813e+003	2.618952e-008	
1.281818e+003	2.591042e-008	
1.281823e+003	2.563136e-008	
1.281828e+003	2.535231e-008	
1.281833e+003	2.507327e-008	
1.281838e+003	2.479426e-008	
1.281843e+003	2.451527e-008	
1.281848e+003	2.423626e-008	
1.281853e+003	2.395727e-008	
1.281857e+003	2.367837e-008	
1.281862e+003	2.339945e-008	
1.281867e+003	2.312058e-008	
1.281872e+003	2.285459e-008	
1.281877e+003	2.259968e-008	
1.281882e+003	2.234675e-008	
1.281887e+003	2.209380e-008	
1.281892e+003	2.184086e-008	
1.281896e+003	2.158796e-008	
1.281901e+003	2.133506e-008	
1.281906e+003	2.108218e-008	
1.281911e+003	2.082930e-008	
1.281916e+003	2.057645e-008	
1.281921e+003	2.032362e-008	
1.281926e+003	2.007081e-008	
1.281931e+003	1.981798e-008	
1.281936e+003	1.956519e-008	
1.281940e+003	1.931241e-008	
1.281945e+003	1.905964e-008	
1.281950e+003	1.880688e-008	
1.281955e+003	1.855416e-008	
1.281960e+003	1.830142e-008	
1.281965e+003	1.804871e-008	
1.281970e+003	1.781125e-008	
1.281975e+003	1.761233e-008	
1.281979e+003	1.743233e-008	
1.281984e+003	1.725232e-008	
1.281989e+003	1.707233e-008	
1.281994e+003	1.689235e-008	
1.281999e+003	1.671238e-008	
1.282004e+003	1.653243e-008	
1.282009e+003	1.635250e-008	
1.282014e+003	1.617258e-008	
1.282019e+003	1.599266e-008	
1.282023e+003	1.581275e-008	
1.282028e+003	1.563284e-008	
1.282033e+003	1.545296e-008	
1.282038e+003	1.527309e-008	
1.282043e+003	1.509321e-008	
1.282048e+003	1.491338e-008	
1.282053e+003	1.473352e-008	
1.282058e+003	1.455368e-008	
1.282062e+003	1.437385e-008	
1.282067e+003	1.419403e-008	
1.282072e+003	1.405412e-008	
1.282077e+003	1.394654e-008	
1.282082e+003	1.384274e-008	
1.282087e+003	1.373895e-008	
1.282092e+003	1.363518e-008	
1.282097e+003	1.353142e-008	
1.282102e+003	1.342766e-008	
1.282106e+003	1.332391e-008	
1.282111e+003	1.322016e-008	
1.282116e+003	1.311645e-008	
1.282121e+003	1.301272e-008	
1.282126e+003	1.290902e-008	
1.282131e+003	1.280531e-008	
1.282136e+003	1.270161e-008	
1.282141e+003	1.259793e-008	
1.282146e+003	1.249426e-008	
1.282150e+003	1.239058e-008	
1.282155e+003	1.228693e-008	
1.282160e+003	1.218328e-008	
1.282165e+003	1.207964e-008	
1.282170e+003	1.198902e-008	
1.282175e+003	1.192758e-008	
1.282180e+003	1.188057e-008	
1.282185e+003	1.183358e-008	
1.282189e+003	1.178658e-008	
1.282194e+003	1.173961e-008	
1.282199e+003	1.169264e-008	
1.282204e+003	1.164567e-008	
1.282209e+003	1.159871e-008	
1.282214e+003	1.155177e-008	
1.282219e+003	1.150482e-008	
1.282224e+003	1.145789e-008	
1.282229e+003	1.141097e-008	
1.282233e+003	1.136405e-008	
1.282238e+003	1.131714e-008	
1.282243e+003	1.127024e-008	
1.282248e+003	1.122335e-008	
1.282253e+003	1.117647e-008	
1.282258e+003	1.112960e-008	
1.282263e+003	1.108271e-008	
1.282268e+003	1.103586e-008	
1.282272e+003	1.101033e-008	
1.282277e+003	1.100229e-008	
1.282282e+003	1.099554e-008	
1.282287e+003	1.098881e-008	
1.282292e+003	1.098207e-008	
1.282297e+003	1.097535e-008	
1.282302e+003	1.096862e-008	
1.282307e+003	1.096191e-008	
1.282312e+003	1.095519e-008	
1.282316e+003	1.094852e-008	
1.282321e+003	1.094182e-008	
1.282326e+003	1.093513e-008	
1.282331e+003	1.092846e-008	
1.282336e+003	1.092179e-008	
1.282341e+003	1.091513e-008	
1.282346e+003	1.090847e-008	
1.282351e+003	1.090182e-008	
1.282355e+003	1.089518e-008	
1.282360e+003	1.088854e-008	
1.282365e+003	1.088192e-008	
1.282370e+003	1.088269e-008	
1.282375e+003	1.089799e-008	
1.282380e+003	1.091998e-008	
1.282385e+003	1.094196e-008	
1.282390e+003	1.096397e-008	
1.282395e+003	1.098597e-008	
1.282399e+003	1.100798e-008	
1.282404e+003	1.103000e-008	
1.282409e+003	1.105203e-008	
1.282414e+003	1.107406e-008	
1.282419e+003	1.109610e-008	
1.282424e+003	1.111813e-008	
1.282429e+003	1.114019e-008	
1.282434e+003	1.116224e-008	
1.282438e+003	1.118430e-008	
1.282443e+003	1.120636e-008	
1.282448e+003	1.122844e-008	
1.282453e+003	1.125051e-008	
1.282458e+003	1.127258e-008	
1.282463e+003	1.129466e-008	
1.282468e+003	1.131675e-008	
1.282473e+003	1.135080e-008	
1.282478e+003	1.139466e-008	
1.282482e+003	1.143850e-008	
1.282487e+003	1.148236e-008	
1.282492e+003	1.152622e-008	
1.282497e+003	1.157008e-008	
1.282502e+003	1.161395e-008	
1.282507e+003	1.165781e-008	
1.282512e+003	1.170170e-008	
1.282517e+003	1.174557e-008	
1.282521e+003	1.178944e-008	
1.282526e+003	1.183332e-008	
1.282531e+003	1.187720e-008	
1.282536e+003	1.192109e-008	
1.282541e+003	1.196498e-008	
1.282546e+003	1.200887e-008	
1.282551e+003	1.205274e-008	
1.282556e+003	1.209664e-008	
1.282561e+003	1.214053e-008	
1.282565e+003	1.218441e-008	
1.282570e+003	1.223390e-008	
1.282575e+003	1.229301e-008	
1.282580e+003	1.235626e-008	
1.282585e+003	1.241951e-008	
1.282590e+003	1.248276e-008	
1.282595e+003	1.254601e-008	
1.282600e+003	1.260926e-008	
1.282604e+003	1.267250e-008	
1.282609e+003	1.273574e-008	
1.282614e+003	1.279898e-008	
1.282619e+003	1.286221e-008	
1.282624e+003	1.292544e-008	
1.282629e+003	1.298866e-008	
1.282634e+003	1.305188e-008	
1.282639e+003	1.311509e-008	
1.282644e+003	1.317829e-008	
1.282648e+003	1.324150e-008	
1.282653e+003	1.330468e-008	
1.282658e+003	1.336787e-008	
1.282663e+003	1.343103e-008	
1.282668e+003	1.349473e-008	
1.282673e+003	1.356888e-008	
1.282678e+003	1.365205e-008	
1.282683e+003	1.373521e-008	
1.282688e+003	1.381836e-008	
1.282692e+003	1.390149e-008	
1.282697e+003	1.398462e-008	
1.282702e+003	1.406773e-008	
1.282707e+003	1.415084e-008	
1.282712e+003	1.423392e-008	
1.282717e+003	1.431700e-008	
1.282722e+003	1.440005e-008	
1.282727e+003	1.448310e-008	
1.282731e+003	1.456613e-008	
1.282736e+003	1.464913e-008	
1.282741e+003	1.473213e-008	
1.282746e+003	1.481511e-008	
1.282751e+003	1.489808e-008	
1.282756e+003	1.498102e-008	
1.282761e+003	1.506393e-008	
1.282766e+003	1.514685e-008	
1.282771e+003	1.523660e-008	
1.282775e+003	1.533765e-008	
1.282780e+003	1.544327e-008	
1.282785e+003	1.554888e-008	
1.282790e+003	1.565447e-008	
1.282795e+003	1.576003e-008	
1.282800e+003	1.586557e-008	
1.282805e+003	1.597109e-008	
1.282810e+003	1.607660e-008	
1.282814e+003	1.618205e-008	
1.282819e+003	1.628750e-008	
1.282824e+003	1.639291e-008	
1.282829e+003	1.649831e-008	
1.282834e+003	1.660367e-008	
1.282839e+003	1.670899e-008	
1.282844e+003	1.681431e-008	
1.282849e+003	1.691960e-008	
1.282854e+003	1.702485e-008	
1.282858e+003	1.713008e-008	
1.282863e+003	1.723525e-008	
1.282868e+003	1.734188e-008	
1.282873e+003	1.746279e-008	
1.282878e+003	1.759544e-008	
1.282883e+003	1.772809e-008	
1.282888e+003	1.786068e-008	
1.282893e+003	1.799325e-008	
1.282897e+003	1.812577e-008	
1.282902e+003	1.825828e-008	
1.282907e+003	1.839074e-008	
1.282912e+003	1.852317e-008	
1.282917e+003	1.865556e-008	
1.282922e+003	1.878792e-008	
1.282927e+003	1.892026e-008	
1.282932e+003	1.905253e-008	
1.282937e+003	1.918478e-008	
1.282941e+003	1.931700e-008	
1.282946e+003	1.944916e-008	
1.282951e+003	1.958131e-008	
1.282956e+003	1.971341e-008	
1.282961e+003	1.984548e-008	
1.282966e+003	1.997750e-008	
1.282971e+003	2.012071e-008	
1.282976e+003	2.028121e-008	
1.282980e+003	2.044771e-008	
1.282985e+003	2.061418e-008	
1.282990e+003	2.078059e-008	
1.282995e+003	2.094698e-008	
1.283000e+003	2.111331e-008	
1.283005e+003	2.127963e-008	
1.283010e+003	2.144587e-008	
1.283015e+003	2.161208e-008	
1.283020e+003	2.177825e-008	
1.283024e+003	2.194436e-008	
1.283029e+003	2.211044e-008	
1.283034e+003	2.227648e-008	
1.283039e+003	2.244247e-008	
1.283044e+003	2.260840e-008	
1.283049e+003	2.277430e-008	
1.283054e+003	2.294014e-008	
1.283059e+003	2.310594e-008	
1.283063e+003	2.327171e-008	
1.283068e+003	2.344119e-008	
1.283073e+003	2.363216e-008	
1.283078e+003	2.384087e-008	
1.283083e+003	2.404951e-008	
1.283088e+003	2.425810e-008	
1.283093e+003	2.446666e-008	
1.283098e+003	2.467516e-008	
1.283103e+003	2.488362e-008	
1.283107e+003	2.509204e-008	
1.283112e+003	2.530041e-008	
1.283117e+003	2.550870e-008	
1.283122e+003	2.571696e-008	
1.283127e+003	2.592517e-008	
1.283132e+003	2.613335e-008	
1.283137e+003	2.634147e-008	
1.283142e+003	2.654952e-008	
1.283146e+003	2.675753e-008	
1.283151e+003	2.696550e-008	
1.283156e+003	2.717341e-008	
1.283161e+003	2.738126e-008	
1.283166e+003	2.758907e-008	
1.283171e+003	2.781447e-008	
1.283176e+003	2.806682e-008	
1.283181e+003	2.832748e-008	
1.283186e+003	2.858807e-008	
1.283190e+003	2.884860e-008	
1.283195e+003	2.910911e-008	
1.283200e+003	2.936956e-008	
1.283205e+003	2.962994e-008	
1.283210e+003	2.989033e-008	
1.283215e+003	3.015062e-008	
1.283220e+003	3.041088e-008	
1.283225e+003	3.067109e-008	
1.283229e+003	3.093124e-008	
1.283234e+003	3.119139e-008	
1.283239e+003	3.145146e-008	
1.283244e+003	3.171148e-008	
1.283249e+003	3.197147e-008	
1.283254e+003	3.223142e-008	
1.283259e+003	3.249131e-008	
1.283264e+003	3.275116e-008	
1.283269e+003	3.301733e-008	
1.283273e+003	3.331250e-008	
1.283278e+003	3.363186e-008	
1.283283e+003	3.395117e-008	
1.283288e+003	3.427045e-008	
1.283293e+003	3.458969e-008	
1.283298e+003	3.490891e-008	
1.283303e+003	3.522805e-008	
1.283308e+003	3.554716e-008	
1.283312e+003	3.586625e-008	
1.283317e+003	3.618529e-008	
1.283322e+003	3.650431e-008	
1.283327e+003	3.682327e-008	
1.283332e+003	3.714220e-008	
1.283337e+003	3.746112e-008	
1.283342e+003	3.777997e-008	
1.283347e+003	3.809881e-008	
1.283352e+003	3.841759e-008	
1.283356e+003	3.873636e-008	
1.283361e+003	3.905511e-008	
1.283366e+003	3.937380e-008	
1.283371e+003	3.971194e-008	
1.283376e+003	4.007806e-008	
1.283381e+003	4.045136e-008	
1.283386e+003	4.082460e-008	
1.283391e+003	4.119782e-008	
1.283396e+003	4.157101e-008	
1.283400e+003	4.194418e-008	
1.283405e+003	4.231730e-008	
1.283410e+003	4.269040e-008	
1.283415e+003	4.306348e-008	
1.283420e+003	4.343654e-008	
1.283425e+003	4.380955e-008	
1.283430e+003	4.418255e-008	
1.283435e+003	4.455553e-008	
1.283439e+003	4.492849e-008	
1.283444e+003	4.530143e-008	
1.283449e+003	4.567436e-008	
1.283454e+003	4.604725e-008	
1.283459e+003	4.642012e-008	
1.283464e+003	4.679298e-008	
1.283469e+003	4.716918e-008	
1.283474e+003	4.755735e-008	
1.283479e+003	4.795513e-008	
1.283483e+003	4.835287e-008	
1.283488e+003	4.875058e-008	
1.283493e+003	4.914830e-008	
1.283498e+003	4.954605e-008	
1.283503e+003	4.994370e-008	
1.283508e+003	5.034135e-008	
1.283513e+003	5.073901e-008	
1.283518e+003	5.113664e-008	
1.283522e+003	5.153425e-008	
1.283527e+003	5.193186e-008	
1.283532e+003	5.232943e-008	
1.283537e+003	5.272700e-008	
1.283542e+003	5.312457e-008	
1.283547e+003	5.352210e-008	
1.283552e+003	5.391962e-008	
1.283557e+003	5.431717e-008	
1.283562e+003	5.471469e-008	
1.283566e+003	5.511219e-008	
1.283571e+003	5.549526e-008	
1.283576e+003	5.585758e-008	
1.283581e+003	5.621619e-008	
1.283586e+003	5.657482e-008	
1.283591e+003	5.693339e-008	
1.283596e+003	5.729196e-008	
1.283601e+003	5.765049e-008	
1.283605e+003	5.800906e-008	
1.283610e+003	5.836762e-008	
1.283615e+003	5.872617e-008	
1.283620e+003	5.908472e-008	
1.283625e+003	5.944321e-008	
1.283630e+003	5.980176e-008	
1.283635e+003	6.016027e-008	
1.283640e+003	6.051881e-008	
1.283645e+003	6.087725e-008	
1.283649e+003	6.123578e-008	
1.283654e+003	6.159428e-008	
1.283659e+003	6.195279e-008	
1.283664e+003	6.231127e-008	
1.283669e+003	6.265194e-008	
1.283674e+003	6.293563e-008	
1.283679e+003	6.317460e-008	
1.283684e+003	6.341359e-008	
1.283688e+003	6.365256e-008	
1.283693e+003	6.389156e-008	
1.283698e+003	6.413053e-008	
1.283703e+003	6.436951e-008	
1.283708e+003	6.460853e-008	
1.283713e+003	6.484746e-008	
1.283718e+003	6.508645e-008	
1.283723e+003	6.532544e-008	
1.283728e+003	6.556439e-008	
1.283732e+003	6.580335e-008	
1.283737e+003	6.604235e-008	
1.283742e+003	6.628132e-008	
1.283747e+003	6.652030e-008	
1.283752e+003	6.675928e-008	
1.283757e+003	6.699829e-008	
1.283762e+003	6.723732e-008	
1.283767e+003	6.747624e-008	
1.283771e+003	6.759229e-008	
1.283776e+003	6.752435e-008	
1.283781e+003	6.743264e-008	
1.283786e+003	6.734093e-008	
1.283791e+003	6.724922e-008	
1.283796e+003	6.715752e-008	
1.283801e+003	6.706580e-008	
1.283806e+003	6.697410e-008	
1.283811e+003	6.688246e-008	
1.283815e+003	6.679077e-008	
1.283820e+003	6.669915e-008	
1.283825e+003	6.660746e-008	
1.283830e+003	6.651583e-008	
1.283835e+003	6.642421e-008	
1.283840e+003	6.633256e-008	
1.283845e+003	6.624096e-008	
1.283850e+003	6.614931e-008	
1.283854e+003	6.605773e-008	
1.283859e+003	6.596610e-008	
1.283864e+003	6.587455e-008	
1.283869e+003	6.573369e-008	
1.283874e+003	6.545223e-008	
1.283879e+003	6.507084e-008	
1.283884e+003	6.468944e-008	
1.283889e+003	6.430803e-008	
1.283894e+003	6.392664e-008	
1.283898e+003	6.354529e-008	
1.283903e+003	6.316393e-008	
1.283908e+003	6.278263e-008	
1.283913e+003	6.240128e-008	
1.283918e+003	6.201998e-008	
1.283923e+003	6.163863e-008	
1.283928e+003	6.125735e-008	
1.283933e+003	6.087608e-008	
1.283938e+003	6.049483e-008	
1.283942e+003	6.011360e-008	
1.283947e+003	5.973237e-008	
1.283952e+003	5.935110e-008	
1.283957e+003	5.896993e-008	
1.283962e+003	5.858876e-008	
1.283967e+003	5.820755e-008	
1.283972e+003	5.783856e-008	
1.283977e+003	5.748846e-008	
1.283981e+003	5.713936e-008	
1.283986e+003	5.679022e-008	
1.283991e+003	5.644113e-008	
1.283996e+003	5.609206e-008	
1.284001e+003	5.574298e-008	
1.284006e+003	5.539393e-008	
1.284011e+003	5.504494e-008	
1.284016e+003	5.469592e-008	
1.284021e+003	5.434693e-008	
1.284025e+003	5.399797e-008	
1.284030e+003	5.364900e-008	
1.284035e+003	5.330008e-008	
1.284040e+003	5.295118e-008	
1.284045e+003	5.260228e-008	
1.284050e+003	5.225340e-008	
1.284055e+003	5.190455e-008	
1.284060e+003	5.155574e-008	
1.284064e+003	5.120696e-008	
1.284069e+003	5.088678e-008	
1.284074e+003	5.064116e-008	
1.284079e+003	5.044296e-008	
1.284084e+003	5.024483e-008	
1.284089e+003	5.004671e-008	
1.284094e+003	4.984860e-008	
1.284099e+003	4.965052e-008	
1.284104e+003	4.945244e-008	
1.284108e+003	4.925439e-008	
1.284113e+003	4.905638e-008	
1.284118e+003	4.885837e-008	
1.284123e+003	4.866040e-008	
1.284128e+003	4.846246e-008	
1.284133e+003	4.826455e-008	
1.284138e+003	4.806665e-008	
1.284143e+003	4.786876e-008	
1.284147e+003	4.767091e-008	
1.284152e+003	4.747311e-008	
1.284157e+003	4.727530e-008	
1.284162e+003	4.707751e-008	
1.284167e+003	4.687976e-008	
1.284172e+003	4.671755e-008	
1.284177e+003	4.661454e-008	
1.284182e+003	4.651156e-008	
1.284187e+003	4.640861e-008	
1.284191e+003	4.630565e-008	
1.284196e+003	4.620275e-008	
1.284201e+003	4.609986e-008	
1.284206e+003	4.599704e-008	
1.284211e+003	4.589422e-008	
1.284216e+003	4.579141e-008	
1.284221e+003	4.568863e-008	
1.284226e+003	4.558589e-008	
1.284230e+003	4.548321e-008	
1.284235e+003	4.538050e-008	
1.284240e+003	4.527784e-008	
1.284245e+003	4.517525e-008	
1.284250e+003	4.507266e-008	
1.284255e+003	4.497008e-008	
1.284260e+003	4.486755e-008	
1.284265e+003	4.476500e-008	
1.284270e+003	4.466159e-008	
1.284274e+003	4.455577e-008	
1.284279e+003	4.444861e-008	
1.284284e+003	4.434141e-008	
1.284289e+003	4.423428e-008	
1.284294e+003	4.412717e-008	
1.284299e+003	4.402005e-008	
1.284304e+003	4.391302e-008	
1.284309e+003	4.380599e-008	
1.284313e+003	4.369901e-008	
1.284318e+003	4.359202e-008	
1.284323e+003	4.348508e-008	
1.284328e+003	4.337816e-008	
1.284333e+003	4.327129e-008	
1.284338e+003	4.316448e-008	
1.284343e+003	4.305764e-008	
1.284348e+003	4.295084e-008	
1.284353e+003	4.284410e-008	
1.284357e+003	4.273736e-008	
1.284362e+003	4.263065e-008	
1.284367e+003	4.252050e-008	
1.284372e+003	4.233736e-008	
1.284377e+003	4.204251e-008	
1.284382e+003	4.174767e-008	
1.284387e+003	4.145288e-008	
1.284392e+003	4.115806e-008	
1.284396e+003	4.086333e-008	
1.284401e+003	4.056862e-008	
1.284406e+003	4.027395e-008	
1.284411e+003	3.997929e-008	
1.284416e+003	3.968465e-008	
1.284421e+003	3.939012e-008	
1.284426e+003	3.909555e-008	
1.284431e+003	3.880101e-008	
1.284436e+003	3.850650e-008	
1.284440e+003	3.821199e-008	
1.284445e+003	3.791757e-008	
1.284450e+003	3.762313e-008	
1.284455e+003	3.732873e-008	
1.284460e+003	3.703435e-008	
1.284465e+003	3.674002e-008	
1.284470e+003	3.641531e-008	
1.284475e+003	3.601386e-008	
1.284479e+003	3.557482e-008	
1.284484e+003	3.513580e-008	
1.284489e+003	3.469679e-008	
1.284494e+003	3.425781e-008	
1.284499e+003	3.381886e-008	
1.284504e+003	3.337993e-008	
1.284509e+003	3.294104e-008	
1.284514e+003	3.250217e-008	
1.284519e+003	3.206332e-008	
1.284523e+003	3.162450e-008	
1.284528e+003	3.118570e-008	
1.284533e+003	3.074693e-008	
1.284538e+003	3.030817e-008	
1.284543e+003	2.986944e-008	
1.284548e+003	2.943073e-008	
1.284553e+003	2.899205e-008	
1.284558e+003	2.855337e-008	
1.284562e+003	2.811475e-008	
1.284567e+003	2.767650e-008	
1.284572e+003	2.724160e-008	
1.284577e+003	2.681161e-008	
1.284582e+003	2.638168e-008	
1.284587e+003	2.595173e-008	
1.284592e+003	2.552181e-008	
1.284597e+003	2.509189e-008	
1.284602e+003	2.466202e-008	
1.284606e+003	2.423217e-008	
1.284611e+003	2.380232e-008	
1.284616e+003	2.337248e-008	
1.284621e+003	2.294268e-008	
1.284626e+003	2.251289e-008	
1.284631e+003	2.208311e-008	
1.284636e+003	2.165336e-008	
1.284641e+003	2.122360e-008	
1.284646e+003	2.079389e-008	
1.284650e+003	2.036417e-008	
1.284655e+003	1.993450e-008	
1.284660e+003	1.950481e-008	
1.284665e+003	1.907517e-008	
1.284670e+003	1.866626e-008	
1.284675e+003	1.831154e-008	
1.284680e+003	1.798002e-008	
1.284685e+003	1.764852e-008	
1.284689e+003	1.731704e-008	
1.284694e+003	1.698556e-008	
1.284699e+003	1.665409e-008	
1.284704e+003	1.632266e-008	
1.284709e+003	1.599121e-008	
1.284714e+003	1.565978e-008	
1.284719e+003	1.532837e-008	
1.284724e+003	1.499697e-008	
1.284729e+003	1.466558e-008	
1.284733e+003	1.433421e-008	
1.284738e+003	1.400284e-008	
1.284743e+003	1.367148e-008	
1.284748e+003	1.334014e-008	
1.284753e+003	1.300880e-008	
1.284758e+003	1.267748e-008	
1.284763e+003	1.234616e-008	
1.284768e+003	1.202096e-008	
1.284772e+003	1.173723e-008	
1.284777e+003	1.151331e-008	
1.284782e+003	1.128939e-008	
1.284787e+003	1.106547e-008	
1.284792e+003	1.084157e-008	
1.284797e+003	1.061768e-008	
1.284802e+003	1.039379e-008	
1.284807e+003	1.016991e-008	
1.284812e+003	9.946037e-009	
1.284816e+003	9.722174e-009	
1.284821e+003	9.498330e-009	
1.284826e+003	9.274487e-009	
1.284831e+003	9.050645e-009	
1.284836e+003	8.826807e-009	
1.284841e+003	8.602981e-009	
1.284846e+003	8.379160e-009	
1.284851e+003	8.155341e-009	
1.284855e+003	7.931532e-009	
1.284860e+003	7.707725e-009	
1.284865e+003	7.483939e-009	
1.284870e+003	7.279161e-009	
1.284875e+003	7.122031e-009	
1.284880e+003	6.981827e-009	
1.284885e+003	6.841634e-009	
1.284890e+003	6.701448e-009	
1.284895e+003	6.561263e-009	
1.284899e+003	6.421083e-009	
1.284904e+003	6.280910e-009	
1.284909e+003	6.140738e-009	
1.284914e+003	6.000580e-009	
1.284919e+003	5.860421e-009	
1.284924e+003	5.720258e-009	
1.284929e+003	5.580111e-009	
1.284934e+003	5.439965e-009	
1.284938e+003	5.299822e-009	
1.284943e+003	5.159687e-009	
1.284948e+003	5.019548e-009	
1.284953e+003	4.879418e-009	
1.284958e+003	4.739301e-009	
1.284963e+003	4.599174e-009	
1.284968e+003	4.463283e-009	
1.284973e+003	4.349932e-009	
1.284978e+003	4.266167e-009	
1.284982e+003	4.182406e-009	
1.284987e+003	4.098650e-009	
1.284992e+003	4.014895e-009	
1.284997e+003	3.931144e-009	
1.285002e+003	3.847394e-009	
1.285007e+003	3.763649e-009	
1.285012e+003	3.679906e-009	
1.285017e+003	3.596162e-009	
1.285021e+003	3.512425e-009	
1.285026e+003	3.428693e-009	
1.285031e+003	3.344959e-009	
1.285036e+003	3.261232e-009	
1.285041e+003	3.177504e-009	
1.285046e+003	3.093776e-009	
1.285051e+003	3.010055e-009	
1.285056e+003	2.926334e-009	
1.285061e+003	2.842617e-009	
1.285065e+003	2.758904e-009	
1.285070e+003	2.682983e-009	
1.285075e+003	2.627529e-009	
1.285080e+003	2.577357e-009	
1.285085e+003	2.527187e-009	
1.285090e+003	2.477020e-009	
1.285095e+003	2.426854e-009	
1.285100e+003	2.376697e-009	
1.285104e+003	2.326535e-009	
1.285109e+003	2.276373e-009	
1.285114e+003	2.226214e-009	
1.285119e+003	2.176059e-009	
1.285124e+003	2.125903e-009	
1.285129e+003	2.075749e-009	
1.285134e+003	2.025597e-009	
1.285139e+003	1.975445e-009	
1.285144e+003	1.925295e-009	
1.285148e+003	1.875149e-009	
1.285153e+003	1.825001e-009	
1.285158e+003	1.774856e-009	
1.285163e+003	1.724713e-009	
1.285168e+003	1.676227e-009	
1.285173e+003	1.635979e-009	
1.285178e+003	1.605927e-009	
1.285183e+003	1.575879e-009	
1.285188e+003	1.545827e-009	
1.285192e+003	1.515780e-009	
1.285197e+003	1.485733e-009	
1.285202e+003	1.455686e-009	
1.285207e+003	1.425642e-009	
1.285212e+003	1.395598e-009	
1.285217e+003	1.365555e-009	
1.285222e+003	1.335512e-009	
1.285227e+003	1.305471e-009	
1.285231e+003	1.275433e-009	
1.285236e+003	1.245392e-009	
1.285241e+003	1.215354e-009	
1.285246e+003	1.185320e-009	
1.285251e+003	1.155283e-009	
1.285256e+003	1.125247e-009	
1.285261e+003	1.095213e-009	
1.285266e+003	1.065179e-009	
1.285271e+003	1.037845e-009	
1.285275e+003	1.018202e-009	
1.285280e+003	1.000070e-009	
1.285285e+003	9.819370e-010	
1.285290e+003	9.638057e-010	
1.285295e+003	9.456750e-010	
1.285300e+003	9.275453e-010	
1.285305e+003	9.094153e-010	
1.285310e+003	8.912868e-010	
1.285314e+003	8.731588e-010	
1.285319e+003	8.550308e-010	
1.285324e+003	8.369039e-010	
1.285329e+003	8.187777e-010	
1.285334e+003	8.006521e-010	
1.285339e+003	7.825275e-010	
1.285344e+003	7.644033e-010	
1.285349e+003	7.462787e-010	
1.285354e+003	7.281553e-010	
1.285358e+003	7.100324e-010	
1.285363e+003	6.919097e-010	
1.285368e+003	6.744491e-010	
1.285373e+003	6.599613e-010	
1.285378e+003	6.487117e-010	
1.285383e+003	6.374632e-010	
1.285388e+003	6.262150e-010	
1.285393e+003	6.149663e-010	
1.285397e+003	6.037195e-010	
1.285402e+003	5.924719e-010	
1.285407e+003	5.812254e-010	
1.285412e+003	5.699792e-010	
1.285417e+003	5.587333e-010	
1.285422e+003	5.474875e-010	
1.285427e+003	5.362423e-010	
1.285432e+003	5.249976e-010	
1.285437e+003	5.137535e-010	
1.285441e+003	5.025090e-010	
1.285446e+003	4.912655e-010	
1.285451e+003	4.800221e-010	
1.285456e+003	4.687791e-010	
1.285461e+003	4.575361e-010	
1.285466e+003	4.462944e-010	
1.285471e+003	4.359947e-010	
1.285476e+003	4.286272e-010	
1.285480e+003	4.215749e-010	
1.285485e+003	4.145224e-010	
1.285490e+003	4.074707e-010	
1.285495e+003	4.004189e-010	
1.285500e+003	3.933674e-010	
1.285505e+003	3.863163e-010	
1.285510e+003	3.792654e-010	
1.285515e+003	3.722148e-010	
1.285520e+003	3.651641e-010	
1.285524e+003	3.581140e-010	
1.285529e+003	3.510640e-010	
1.285534e+003	3.440145e-010	
1.285539e+003	3.369650e-010	
1.285544e+003	3.299159e-010	
1.285549e+003	3.228671e-010	
1.285554e+003	3.158182e-010	
1.285559e+003	3.087697e-010	
1.285563e+003	3.017213e-010	
1.285568e+003	2.949420e-010	
1.285573e+003	2.893333e-010	
1.285578e+003	2.848158e-010	
1.285583e+003	2.802986e-010	
1.285588e+003	2.757815e-010	
1.285593e+003	2.712646e-010	
1.285598e+003	2.667478e-010	
1.285603e+003	2.622312e-010	
1.285607e+003	2.577150e-010	
1.285612e+003	2.531989e-010	
1.285617e+003	2.486829e-010	
1.285622e+003	2.441670e-010	
1.285627e+003	2.396514e-010	
1.285632e+003	2.351358e-010	
1.285637e+003	2.306206e-010	
1.285642e+003	2.261052e-010	
1.285646e+003	2.215902e-010	
1.285651e+003	2.170754e-010	
1.285656e+003	2.125607e-010	
1.285661e+003	2.080460e-010	
1.285666e+003	2.035316e-010	
1.285671e+003	1.993462e-010	
1.285676e+003	1.963116e-010	
1.285681e+003	1.933370e-010	
1.285686e+003	1.903622e-010	
1.285690e+003	1.873876e-010	
1.285695e+003	1.844132e-010	
1.285700e+003	1.814390e-010	
1.285705e+003	1.784648e-010	
1.285710e+003	1.754906e-010	
1.285715e+003	1.725170e-010	
1.285720e+003	1.695429e-010	
1.285725e+003	1.665691e-010	
1.285729e+003	1.635956e-010	
1.285734e+003	1.606222e-010	
1.285739e+003	1.576487e-010	
1.285744e+003	1.546754e-010	
1.285749e+003	1.517021e-010	
1.285754e+003	1.487291e-010	
1.285759e+003	1.457561e-010	
1.285764e+003	1.427832e-010	
1.285769e+003	1.399170e-010	
1.285773e+003	1.375356e-010	
1.285778e+003	1.355600e-010	
1.285783e+003	1.335844e-010	
1.285788e+003	1.316090e-010	
1.285793e+003	1.296336e-010	
1.285798e+003	1.276584e-010	
1.285803e+003	1.256832e-010	
1.285808e+003	1.237082e-010	
1.285812e+003	1.217332e-010	
1.285817e+003	1.197582e-010	
1.285822e+003	1.177834e-010	
1.285827e+003	1.158085e-010	
1.285832e+003	1.138338e-010	
1.285837e+003	1.118592e-010	
1.285842e+003	1.098847e-010	
1.285847e+003	1.079103e-010	
1.285852e+003	1.059358e-010	
1.285856e+003	1.039615e-010	
1.285861e+003	1.019872e-010	
1.285866e+003	1.000129e-010	
1.285871e+003	9.818028e-011	
1.285876e+003	9.683509e-011	
1.285881e+003	9.548991e-011	
1.285886e+003	9.414494e-011	
1.285891e+003	9.279993e-011	
1.285896e+003	9.145495e-011	
1.285900e+003	9.011009e-011	
1.285905e+003	8.876523e-011	
1.285910e+003	8.742046e-011	
1.285915e+003	8.607577e-011	
1.285920e+003	8.473113e-011	
1.285925e+003	8.338651e-011	
1.285930e+003	8.204194e-011	
1.285935e+003	8.069743e-011	
1.285939e+003	7.935300e-011	
1.285944e+003	7.800861e-011	
1.285949e+003	7.666426e-011	
1.285954e+003	7.531994e-011	
1.285959e+003	7.397573e-011	
1.285964e+003	7.263149e-011	
1.285969e+003	7.133256e-011	
1.285974e+003	7.025143e-011	
1.285979e+003	6.931830e-011	
1.285983e+003	6.838518e-011	
1.285988e+003	6.745215e-011	
1.285993e+003	6.651911e-011	
1.285998e+003	6.558615e-011	
1.286003e+003	6.465332e-011	
1.286008e+003	6.372040e-011	
1.286013e+003	6.278755e-011	
1.286018e+003	6.185474e-011	
1.286022e+003	6.092200e-011	
1.286027e+003	5.998928e-011	
1.286032e+003	5.905657e-011	
1.286037e+003	5.812392e-011	
1.286042e+003	5.719131e-011	
1.286047e+003	5.625871e-011	
1.286052e+003	5.532622e-011	
1.286057e+003	5.439366e-011	
1.286062e+003	5.346117e-011	
1.286066e+003	5.253293e-011	
1.286071e+003	5.167349e-011	
1.286076e+003	5.102173e-011	
1.286081e+003	5.036998e-011	
1.286086e+003	4.971828e-011	
1.286091e+003	4.906661e-011	
1.286096e+003	4.841495e-011	
1.286101e+003	4.776332e-011	
1.286105e+003	4.711174e-011	
1.286110e+003	4.646021e-011	
1.286115e+003	4.580865e-011	
1.286120e+003	4.515716e-011	
1.286125e+003	4.450567e-011	
1.286130e+003	4.385420e-011	
1.286135e+003	4.320279e-011	
1.286140e+003	4.255138e-011	
1.286145e+003	4.189998e-011	
1.286149e+003	4.124870e-011	
1.286154e+003	4.059735e-011	
1.286159e+003	3.994604e-011	
1.286164e+003	3.929477e-011	
1.286169e+003	3.866284e-011	
1.286174e+003	3.813496e-011	
1.286179e+003	3.766786e-011	
1.286184e+003	3.720078e-011	
1.286188e+003	3.673373e-011	
1.286193e+003	3.626667e-011	
1.286198e+003	3.579966e-011	
1.286203e+003	3.533268e-011	
1.286208e+003	3.486570e-011	
1.286213e+003	3.439873e-011	
1.286218e+003	3.393179e-011	
1.286223e+003	3.346490e-011	
1.286228e+003	3.299798e-011	
1.286232e+003	3.253112e-011	
1.286237e+003	3.206427e-011	
1.286242e+003	3.159744e-011	
1.286247e+003	3.113062e-011	
1.286252e+003	3.066384e-011	
1.286257e+003	3.019703e-011	
1.286262e+003	2.973026e-011	
1.286267e+003	2.926633e-011	
1.286271e+003	2.883525e-011	
1.286276e+003	2.849676e-011	
1.286281e+003	2.815826e-011	
1.286286e+003	2.781980e-011	
1.286291e+003	2.748133e-011	
1.286296e+003	2.714291e-011	
1.286301e+003	2.680448e-011	
1.286306e+003	2.646608e-011	
1.286311e+003	2.612769e-011	
1.286315e+003	2.578931e-011	
1.286320e+003	2.545095e-011	
1.286325e+003	2.511260e-011	
1.286330e+003	2.477429e-011	
1.286335e+003	2.443595e-011	
1.286340e+003	2.409763e-011	
1.286345e+003	2.375935e-011	
1.286350e+003	2.342105e-011	
1.286354e+003	2.308282e-011	
1.286359e+003	2.274455e-011	
1.286364e+003	2.240632e-011	
1.286369e+003	2.207841e-011	
1.286374e+003	2.180469e-011	
1.286379e+003	2.155713e-011	
1.286384e+003	2.130959e-011	
1.286389e+003	2.106204e-011	
1.286394e+003	2.081454e-011	
1.286398e+003	2.056705e-011	
1.286403e+003	2.031954e-011	
1.286408e+003	2.007207e-011	
1.286413e+003	1.982460e-011	
1.286418e+003	1.957715e-011	
1.286423e+003	1.932970e-011	
1.286428e+003	1.908227e-011	
1.286433e+003	1.883483e-011	
1.286438e+003	1.858742e-011	
1.286442e+003	1.834002e-011	
1.286447e+003	1.809263e-011	
1.286452e+003	1.784525e-011	
1.286457e+003	1.759786e-011	
1.286462e+003	1.735050e-011	
1.286467e+003	1.710506e-011	
1.286472e+003	1.687796e-011	
1.286477e+003	1.669394e-011	
1.286481e+003	1.650991e-011	
1.286486e+003	1.632590e-011	
1.286491e+003	1.614190e-011	
1.286496e+003	1.595790e-011	
1.286501e+003	1.577393e-011	
1.286506e+003	1.558994e-011	
1.286511e+003	1.540596e-011	
1.286516e+003	1.522201e-011	
1.286521e+003	1.503806e-011	
1.286525e+003	1.485411e-011	
1.286530e+003	1.467019e-011	
1.286535e+003	1.448626e-011	
1.286540e+003	1.430233e-011	
1.286545e+003	1.411842e-011	
1.286550e+003	1.393453e-011	
1.286555e+003	1.375063e-011	
1.286560e+003	1.356672e-011	
1.286564e+003	1.338285e-011	
1.286569e+003	1.320393e-011	
1.286574e+003	1.305501e-011	
1.286579e+003	1.291677e-011	
1.286584e+003	1.277854e-011	
1.286589e+003	1.264031e-011	
1.286594e+003	1.250208e-011	
1.286599e+003	1.236385e-011	
1.286604e+003	1.222566e-011	
1.286608e+003	1.208744e-011	
1.286613e+003	1.194925e-011	
1.286618e+003	1.181105e-011	
1.286623e+003	1.167286e-011	
1.286628e+003	1.153468e-011	
1.286633e+003	1.139651e-011	
1.286638e+003	1.125834e-011	
1.286643e+003	1.112018e-011	
1.286647e+003	1.098203e-011	
1.286652e+003	1.084387e-011	
1.286657e+003	1.070573e-011	
1.286662e+003	1.056760e-011	
1.286667e+003	1.043050e-011	
1.286672e+003	1.030386e-011	
1.286677e+003	1.019916e-011	
1.286682e+003	1.009446e-011	
1.286687e+003	9.989768e-012	
1.286691e+003	9.885078e-012	
1.286696e+003	9.780400e-012	
1.286701e+003	9.675723e-012	
1.286706e+003	9.571051e-012	
1.286711e+003	9.466378e-012	
1.286716e+003	9.361717e-012	
1.286721e+003	9.257061e-012	
1.286726e+003	9.152405e-012	
1.286730e+003	9.047756e-012	
1.286735e+003	8.943116e-012	
1.286740e+003	8.838475e-012	
1.286745e+003	8.733840e-012	
1.286750e+003	8.629211e-012	
1.286755e+003	8.524586e-012	
1.286760e+003	8.419964e-012	
1.286765e+003	8.315352e-012	
1.286770e+003	8.213036e-012	
1.286774e+003	8.127520e-012	
1.286779e+003	8.046696e-012	
1.286784e+003	7.965874e-012	
1.286789e+003	7.885056e-012	
1.286794e+003	7.804245e-012	
1.286799e+003	7.723434e-012	
1.286804e+003	7.642630e-012	
1.286809e+003	7.561821e-012	
1.286813e+003	7.481023e-012	
1.286818e+003	7.400225e-012	
1.286823e+003	7.319434e-012	
1.286828e+003	7.238648e-012	
1.286833e+003	7.157857e-012	
1.286838e+003	7.077078e-012	
1.286843e+003	6.996301e-012	
1.286848e+003	6.915520e-012	
1.286853e+003	6.834750e-012	
1.286857e+003	6.753982e-012	
1.286862e+003	6.673214e-012	
1.286867e+003	6.593151e-012	
1.286872e+003	6.519651e-012	
1.286877e+003	6.457625e-012	
1.286882e+003	6.395609e-012	
1.286887e+003	6.333595e-012	
1.286892e+003	6.271581e-012	
1.286896e+003	6.209574e-012	
1.286901e+003	6.147564e-012	
1.286906e+003	6.085557e-012	
1.286911e+003	6.023558e-012	
1.286916e+003	5.961560e-012	
1.286921e+003	5.899566e-012	
1.286926e+003	5.837568e-012	
1.286931e+003	5.775576e-012	
1.286936e+003	5.713589e-012	
1.286940e+003	5.651603e-012	
1.286945e+003	5.589621e-012	
1.286950e+003	5.527643e-012	
1.286955e+003	5.465658e-012	
1.286960e+003	5.403680e-012	
1.286965e+003	5.341712e-012	
1.286970e+003	5.280858e-012	
1.286975e+003	5.230275e-012	
1.286979e+003	5.181466e-012	
1.286984e+003	5.132664e-012	
1.286989e+003	5.083858e-012	
1.286994e+003	5.035061e-012	
1.286999e+003	4.986261e-012	
1.287004e+003	4.937464e-012	
1.287009e+003	4.888675e-012	
1.287014e+003	4.839883e-012	
1.287019e+003	4.791095e-012	
1.287023e+003	4.742304e-012	
1.287028e+003	4.693522e-012	
1.287033e+003	4.644736e-012	
1.287038e+003	4.595958e-012	
1.287043e+003	4.547176e-012	
1.287048e+003	4.498401e-012	
1.287053e+003	4.449626e-012	
1.287058e+003	4.400853e-012	
1.287062e+003	4.352081e-012	
1.287067e+003	4.303713e-012	
1.287072e+003	4.259628e-012	
1.287077e+003	4.221560e-012	
1.287082e+003	4.183496e-012	
1.287087e+003	4.145433e-012	
1.287092e+003	4.107369e-012	
1.287097e+003	4.069309e-012	
1.287102e+003	4.031252e-012	
1.287106e+003	3.993195e-012	
1.287111e+003	3.955139e-012	
1.287116e+003	3.917088e-012	
1.287121e+003	3.879037e-012	
1.287126e+003	3.840988e-012	
1.287131e+003	3.802936e-012	
1.287136e+003	3.764889e-012	
1.287141e+003	3.726846e-012	
1.287146e+003	3.688802e-012	
1.287150e+003	3.650759e-012	
1.287155e+003	3.612721e-012	
1.287160e+003	3.574683e-012	
1.287165e+003	3.536646e-012	
1.287170e+003	3.499124e-012	
1.287175e+003	3.467982e-012	
1.287180e+003	3.437548e-012	
1.287185e+003	3.407117e-012	
1.287189e+003	3.376687e-012	
1.287194e+003	3.346255e-012	
1.287199e+003	3.315828e-012	
1.287204e+003	3.285401e-012	
1.287209e+003	3.254974e-012	
1.287214e+003	3.224550e-012	
1.287219e+003	3.194127e-012	
1.287224e+003	3.163703e-012	
1.287229e+003	3.133285e-012	
1.287233e+003	3.102866e-012	
1.287238e+003	3.072447e-012	
1.287243e+003	3.042030e-012	
1.287248e+003	3.011614e-012	
1.287253e+003	2.981203e-012	
1.287258e+003	2.950788e-012	
1.287263e+003	2.920377e-012	
1.287268e+003	2.890160e-012	
1.287272e+003	2.862639e-012	
1.287277e+003	2.838394e-012	
1.287282e+003	2.814150e-012	
1.287287e+003	2.789908e-012	
1.287292e+003	2.765668e-012	
1.287297e+003	2.741428e-012	
1.287302e+003	2.717190e-012	
1.287307e+003	2.692954e-012	
1.287312e+003	2.668718e-012	
1.287316e+003	2.644483e-012	
1.287321e+003	2.620249e-012	
1.287326e+003	2.596015e-012	
1.287331e+003	2.571783e-012	
1.287336e+003	2.547552e-012	
1.287341e+003	2.523322e-012	
1.287346e+003	2.499092e-012	
1.287351e+003	2.474864e-012	
1.287355e+003	2.450637e-012	
1.287360e+003	2.426411e-012	
1.287365e+003	2.402186e-012	
1.287370e+003	2.378295e-012	
1.287375e+003	2.358539e-012	
1.287380e+003	2.339003e-012	
1.287385e+003	2.319468e-012	
1.287390e+003	2.299936e-012	
1.287395e+003	2.280405e-012	
1.287399e+003	2.260876e-012	
1.287404e+003	2.241349e-012	
1.287409e+003	2.221823e-012	
1.287414e+003	2.202301e-012	
1.287419e+003	2.182778e-012	
1.287424e+003	2.163260e-012	
1.287429e+003	2.143741e-012	
1.287434e+003	2.124225e-012	
1.287438e+003	2.104711e-012	
1.287443e+003	2.085197e-012	
1.287448e+003	2.065687e-012	
1.287453e+003	2.046178e-012	
1.287458e+003	2.026670e-012	
1.287463e+003	2.007165e-012	
1.287468e+003	1.987746e-012	
1.287473e+003	1.970028e-012	
1.287478e+003	1.953927e-012	
1.287482e+003	1.937827e-012	
1.287487e+003	1.921728e-012	
1.287492e+003	1.905632e-012	
1.287497e+003	1.889538e-012	
1.287502e+003	1.873444e-012	
1.287507e+003	1.857353e-012	
1.287512e+003	1.841262e-012	
1.287517e+003	1.825173e-012	
1.287521e+003	1.809087e-012	
1.287526e+003	1.793001e-012	
1.287531e+003	1.776917e-012	
1.287536e+003	1.760833e-012	
1.287541e+003	1.744752e-012	
1.287546e+003	1.728673e-012	
1.287551e+003	1.712595e-012	
1.287556e+003	1.696518e-012	
1.287561e+003	1.680443e-012	
1.287565e+003	1.664373e-012	
1.287570e+003	1.648554e-012	
1.287575e+003	1.635913e-012	
1.287580e+003	1.623272e-012	
1.287585e+003	1.610635e-012	
1.287590e+003	1.597998e-012	
1.287595e+003	1.585362e-012	
1.287600e+003	1.572728e-012	
1.287604e+003	1.560095e-012	
1.287609e+003	1.547463e-012	
1.287614e+003	1.534832e-012	
1.287619e+003	1.522203e-012	
1.287624e+003	1.509575e-012	
1.287629e+003	1.496949e-012	
1.287634e+003	1.484323e-012	
1.287639e+003	1.471699e-012	
1.287644e+003	1.459076e-012	
1.287648e+003	1.446455e-012	
1.287653e+003	1.433834e-012	
1.287658e+003	1.421215e-012	
1.287663e+003	1.408597e-012	
1.287668e+003	1.396006e-012	
1.287673e+003	1.384459e-012	
1.287678e+003	1.373748e-012	
1.287683e+003	1.363038e-012	
1.287688e+003	1.352330e-012	
1.287692e+003	1.341622e-012	
1.287697e+003	1.330916e-012	
1.287702e+003	1.320210e-012	
1.287707e+003	1.309506e-012	
1.287712e+003	1.298803e-012	
1.287717e+003	1.288101e-012	
1.287722e+003	1.277400e-012	
1.287727e+003	1.266700e-012	
1.287731e+003	1.256001e-012	
1.287736e+003	1.245303e-012	
1.287741e+003	1.234606e-012	
1.287746e+003	1.223911e-012	
1.287751e+003	1.213216e-012	
1.287756e+003	1.202522e-012	
1.287761e+003	1.191830e-012	
1.287766e+003	1.181143e-012	
1.287771e+003	1.170682e-012	
1.287775e+003	1.162334e-012	
1.287780e+003	1.153987e-012	
1.287785e+003	1.145641e-012	
1.287790e+003	1.137296e-012	
1.287795e+003	1.128952e-012	
1.287800e+003	1.120609e-012	
1.287805e+003	1.112267e-012	
1.287810e+003	1.103926e-012	
1.287814e+003	1.095586e-012	
1.287819e+003	1.087246e-012	
1.287824e+003	1.078908e-012	
1.287829e+003	1.070570e-012	
1.287834e+003	1.062234e-012	
1.287839e+003	1.053898e-012	
1.287844e+003	1.045563e-012	
1.287849e+003	1.037230e-012	
1.287854e+003	1.028896e-012	
1.287858e+003	1.020564e-012	
1.287863e+003	1.012233e-012	
1.287868e+003	1.003918e-012	
1.287873e+003	9.962338e-013	
1.287878e+003	9.889623e-013	
1.287883e+003	9.816917e-013	
1.287888e+003	9.744220e-013	
1.287893e+003	9.671532e-013	
1.287897e+003	9.598852e-013	
1.287902e+003	9.526177e-013	
1.287907e+003	9.453513e-013	
1.287912e+003	9.380855e-013	
1.287917e+003	9.308207e-013	
1.287922e+003	9.235566e-013	
1.287927e+003	9.162932e-013	
1.287932e+003	9.090304e-013	
1.287937e+003	9.017688e-013	
1.287941e+003	8.945077e-013	
1.287946e+003	8.872473e-013	
1.287951e+003	8.799877e-013	
1.287956e+003	8.727290e-013	
1.287961e+003	8.654709e-013	
1.287966e+003	8.582135e-013	
1.287971e+003	8.511493e-013	
1.287976e+003	8.451778e-013	
1.287980e+003	8.392070e-013	
1.287985e+003	8.332367e-013	
1.287990e+003	8.272674e-013	
1.287995e+003	8.212985e-013	
