# format  : curve #1.x (tab) curve #1.y (tab) curve #2.x (tab) curve #2.y (tab) ...
# title   : Simulated Spectrum
# abscissa: Energy [eV]
# ordinate: Intensity [counts]
#==========================================================================================================
# Curve #1 (x,y): Config ##: 1
# Reference: W.S.M. Werner, W. Smekal and C. J. Powell, Simulation of Electron Spectra for Surface Analysis (SESSA V2.0) National Institute of Standards and Technology, Gaithersburg, MD (2010), 
# Reliability: 
# Remarks: 
#==========================================================================================================
1.278000e+003	2.367987e-008	
1.278005e+003	2.373960e-008	
1.278010e+003	2.379926e-008	
1.278015e+003	2.385897e-008	
1.278020e+003	2.391865e-008	
1.278024e+003	2.397836e-008	
1.278029e+003	2.403810e-008	
1.278034e+003	2.409781e-008	
1.278039e+003	2.415758e-008	
1.278044e+003	2.421728e-008	
1.278049e+003	2.427701e-008	
1.278054e+003	2.433678e-008	
1.278059e+003	2.439656e-008	
1.278063e+003	2.445630e-008	
1.278068e+003	2.451607e-008	
1.278073e+003	2.457864e-008	
1.278078e+003	2.464250e-008	
1.278083e+003	2.470641e-008	
1.278088e+003	2.477027e-008	
1.278093e+003	2.483417e-008	
1.278098e+003	2.489803e-008	
1.278103e+003	2.496193e-008	
1.278107e+003	2.502585e-008	
1.278112e+003	2.508967e-008	
1.278117e+003	2.515362e-008	
1.278122e+003	2.521751e-008	
1.278127e+003	2.528149e-008	
1.278132e+003	2.534542e-008	
1.278137e+003	2.540936e-008	
1.278142e+003	2.547330e-008	
1.278146e+003	2.553723e-008	
1.278151e+003	2.560116e-008	
1.278156e+003	2.566508e-008	
1.278161e+003	2.572903e-008	
1.278166e+003	2.579299e-008	
1.278171e+003	2.585789e-008	
1.278176e+003	2.592650e-008	
1.278181e+003	2.599528e-008	
1.278186e+003	2.606403e-008	
1.278190e+003	2.613281e-008	
1.278195e+003	2.620157e-008	
1.278200e+003	2.627031e-008	
1.278205e+003	2.633900e-008	
1.278210e+003	2.640776e-008	
1.278215e+003	2.647644e-008	
1.278220e+003	2.654522e-008	
1.278225e+003	2.661398e-008	
1.278229e+003	2.668269e-008	
1.278234e+003	2.675146e-008	
1.278239e+003	2.682022e-008	
1.278244e+003	2.688902e-008	
1.278249e+003	2.695776e-008	
1.278254e+003	2.702658e-008	
1.278259e+003	2.709537e-008	
1.278264e+003	2.716414e-008	
1.278269e+003	2.723292e-008	
1.278273e+003	2.730546e-008	
1.278278e+003	2.737954e-008	
1.278283e+003	2.745371e-008	
1.278288e+003	2.752783e-008	
1.278293e+003	2.760196e-008	
1.278298e+003	2.767611e-008	
1.278303e+003	2.775024e-008	
1.278308e+003	2.782437e-008	
1.278312e+003	2.789847e-008	
1.278317e+003	2.797258e-008	
1.278322e+003	2.804672e-008	
1.278327e+003	2.812085e-008	
1.278332e+003	2.819503e-008	
1.278337e+003	2.826912e-008	
1.278342e+003	2.834325e-008	
1.278347e+003	2.841739e-008	
1.278352e+003	2.849148e-008	
1.278356e+003	2.856554e-008	
1.278361e+003	2.863966e-008	
1.278366e+003	2.871372e-008	
1.278371e+003	2.878949e-008	
1.278376e+003	2.887024e-008	
1.278381e+003	2.895119e-008	
1.278386e+003	2.903203e-008	
1.278391e+003	2.911296e-008	
1.278396e+003	2.919383e-008	
1.278400e+003	2.927465e-008	
1.278405e+003	2.935549e-008	
1.278410e+003	2.943635e-008	
1.278415e+003	2.951729e-008	
1.278420e+003	2.959813e-008	
1.278425e+003	2.967902e-008	
1.278430e+003	2.975989e-008	
1.278435e+003	2.984071e-008	
1.278439e+003	2.992162e-008	
1.278444e+003	3.000244e-008	
1.278449e+003	3.008330e-008	
1.278454e+003	3.016413e-008	
1.278459e+003	3.024496e-008	
1.278464e+003	3.032582e-008	
1.278469e+003	3.040664e-008	
1.278474e+003	3.049301e-008	
1.278479e+003	3.058121e-008	
1.278483e+003	3.066945e-008	
1.278488e+003	3.075768e-008	
1.278493e+003	3.084595e-008	
1.278498e+003	3.093413e-008	
1.278503e+003	3.102245e-008	
1.278508e+003	3.111069e-008	
1.278513e+003	3.119893e-008	
1.278518e+003	3.128710e-008	
1.278522e+003	3.137530e-008	
1.278527e+003	3.146346e-008	
1.278532e+003	3.155169e-008	
1.278537e+003	3.163989e-008	
1.278542e+003	3.172812e-008	
1.278547e+003	3.181626e-008	
1.278552e+003	3.190455e-008	
1.278557e+003	3.199271e-008	
1.278562e+003	3.208091e-008	
1.278566e+003	3.216907e-008	
1.278571e+003	3.225975e-008	
1.278576e+003	3.235588e-008	
1.278581e+003	3.245225e-008	
1.278586e+003	3.254859e-008	
1.278591e+003	3.264496e-008	
1.278596e+003	3.274127e-008	
1.278601e+003	3.283757e-008	
1.278605e+003	3.293392e-008	
1.278610e+003	3.303024e-008	
1.278615e+003	3.312656e-008	
1.278620e+003	3.322291e-008	
1.278625e+003	3.331933e-008	
1.278630e+003	3.341562e-008	
1.278635e+003	3.351193e-008	
1.278640e+003	3.360836e-008	
1.278645e+003	3.370471e-008	
1.278649e+003	3.380099e-008	
1.278654e+003	3.389733e-008	
1.278659e+003	3.399362e-008	
1.278664e+003	3.408996e-008	
1.278669e+003	3.418630e-008	
1.278674e+003	3.429020e-008	
1.278679e+003	3.439611e-008	
1.278684e+003	3.450221e-008	
1.278688e+003	3.460821e-008	
1.278693e+003	3.471428e-008	
1.278698e+003	3.482027e-008	
1.278703e+003	3.492634e-008	
1.278708e+003	3.503241e-008	
1.278713e+003	3.513844e-008	
1.278718e+003	3.524445e-008	
1.278723e+003	3.535049e-008	
1.278728e+003	3.545652e-008	
1.278732e+003	3.556256e-008	
1.278737e+003	3.566856e-008	
1.278742e+003	3.577463e-008	
1.278747e+003	3.588068e-008	
1.278752e+003	3.598671e-008	
1.278757e+003	3.609273e-008	
1.278762e+003	3.619876e-008	
1.278767e+003	3.630476e-008	
1.278771e+003	3.641477e-008	
1.278776e+003	3.653165e-008	
1.278781e+003	3.664906e-008	
1.278786e+003	3.676639e-008	
1.278791e+003	3.688382e-008	
1.278796e+003	3.700128e-008	
1.278801e+003	3.711862e-008	
1.278806e+003	3.723607e-008	
1.278811e+003	3.735355e-008	
1.278815e+003	3.747095e-008	
1.278820e+003	3.758841e-008	
1.278825e+003	3.770583e-008	
1.278830e+003	3.782328e-008	
1.278835e+003	3.794077e-008	
1.278840e+003	3.805819e-008	
1.278845e+003	3.817564e-008	
1.278850e+003	3.829312e-008	
1.278854e+003	3.841060e-008	
1.278859e+003	3.852800e-008	
1.278864e+003	3.864553e-008	
1.278869e+003	3.876298e-008	
1.278874e+003	3.889331e-008	
1.278879e+003	3.902618e-008	
1.278884e+003	3.915921e-008	
1.278889e+003	3.929221e-008	
1.278894e+003	3.942520e-008	
1.278898e+003	3.955826e-008	
1.278903e+003	3.969121e-008	
1.278908e+003	3.982429e-008	
1.278913e+003	3.995724e-008	
1.278918e+003	4.009035e-008	
1.278923e+003	4.022343e-008	
1.278928e+003	4.035657e-008	
1.278933e+003	4.048963e-008	
1.278938e+003	4.062273e-008	
1.278942e+003	4.075584e-008	
1.278947e+003	4.088890e-008	
1.278952e+003	4.102208e-008	
1.278957e+003	4.115528e-008	
1.278962e+003	4.128839e-008	
1.278967e+003	4.142156e-008	
1.278972e+003	4.156165e-008	
1.278977e+003	4.171101e-008	
1.278981e+003	4.186143e-008	
1.278986e+003	4.201174e-008	
1.278991e+003	4.216210e-008	
1.278996e+003	4.231250e-008	
1.279001e+003	4.246286e-008	
1.279006e+003	4.261325e-008	
1.279011e+003	4.276373e-008	
1.279016e+003	4.291417e-008	
1.279021e+003	4.306468e-008	
1.279025e+003	4.321516e-008	
1.279030e+003	4.336564e-008	
1.279035e+003	4.351613e-008	
1.279040e+003	4.366664e-008	
1.279045e+003	4.381712e-008	
1.279050e+003	4.396772e-008	
1.279055e+003	4.411833e-008	
1.279060e+003	4.426892e-008	
1.279064e+003	4.441957e-008	
1.279069e+003	4.457017e-008	
1.279074e+003	4.473763e-008	
1.279079e+003	4.490742e-008	
1.279084e+003	4.507728e-008	
1.279089e+003	4.524716e-008	
1.279094e+003	4.541707e-008	
1.279099e+003	4.558694e-008	
1.279104e+003	4.575684e-008	
1.279108e+003	4.592681e-008	
1.279113e+003	4.609678e-008	
1.279118e+003	4.626673e-008	
1.279123e+003	4.643674e-008	
1.279128e+003	4.660677e-008	
1.279133e+003	4.677682e-008	
1.279138e+003	4.694689e-008	
1.279143e+003	4.711698e-008	
1.279147e+003	4.728708e-008	
1.279152e+003	4.745723e-008	
1.279157e+003	4.762744e-008	
1.279162e+003	4.779758e-008	
1.279167e+003	4.796775e-008	
1.279172e+003	4.814815e-008	
1.279177e+003	4.834029e-008	
1.279182e+003	4.853379e-008	
1.279187e+003	4.872746e-008	
1.279191e+003	4.892101e-008	
1.279196e+003	4.911464e-008	
1.279201e+003	4.930835e-008	
1.279206e+003	4.950203e-008	
1.279211e+003	4.969576e-008	
1.279216e+003	4.988958e-008	
1.279221e+003	5.008333e-008	
1.279226e+003	5.027709e-008	
1.279230e+003	5.047089e-008	
1.279235e+003	5.066472e-008	
1.279240e+003	5.085864e-008	
1.279245e+003	5.105255e-008	
1.279250e+003	5.124650e-008	
1.279255e+003	5.144032e-008	
1.279260e+003	5.163443e-008	
1.279265e+003	5.182842e-008	
1.279270e+003	5.202307e-008	
1.279274e+003	5.224162e-008	
1.279279e+003	5.246355e-008	
1.279284e+003	5.268565e-008	
1.279289e+003	5.290763e-008	
1.279294e+003	5.312970e-008	
1.279299e+003	5.335180e-008	
1.279304e+003	5.357391e-008	
1.279309e+003	5.379603e-008	
1.279313e+003	5.401814e-008	
1.279318e+003	5.424051e-008	
1.279323e+003	5.446272e-008	
1.279328e+003	5.468507e-008	
1.279333e+003	5.490726e-008	
1.279338e+003	5.512961e-008	
1.279343e+003	5.535195e-008	
1.279348e+003	5.557443e-008	
1.279353e+003	5.579681e-008	
1.279357e+003	5.601929e-008	
1.279362e+003	5.624173e-008	
1.279367e+003	5.646432e-008	
1.279372e+003	5.670301e-008	
1.279377e+003	5.695718e-008	
1.279382e+003	5.721350e-008	
1.279387e+003	5.746972e-008	
1.279392e+003	5.772593e-008	
1.279396e+003	5.798217e-008	
1.279401e+003	5.823852e-008	
1.279406e+003	5.849494e-008	
1.279411e+003	5.875125e-008	
1.279416e+003	5.900759e-008	
1.279421e+003	5.926421e-008	
1.279426e+003	5.952059e-008	
1.279431e+003	5.977714e-008	
1.279436e+003	6.003363e-008	
1.279440e+003	6.029038e-008	
1.279445e+003	6.054688e-008	
1.279450e+003	6.080349e-008	
1.279455e+003	6.106013e-008	
1.279460e+003	6.131695e-008	
1.279465e+003	6.157368e-008	
1.279470e+003	6.183383e-008	
1.279475e+003	6.212633e-008	
1.279479e+003	6.242433e-008	
1.279484e+003	6.272237e-008	
1.279489e+003	6.302042e-008	
1.279494e+003	6.331857e-008	
1.279499e+003	6.361654e-008	
1.279504e+003	6.391475e-008	
1.279509e+003	6.421288e-008	
1.279514e+003	6.451118e-008	
1.279519e+003	6.480937e-008	
1.279523e+003	6.510781e-008	
1.279528e+003	6.540603e-008	
1.279533e+003	6.570451e-008	
1.279538e+003	6.600292e-008	
1.279543e+003	6.630142e-008	
1.279548e+003	6.659984e-008	
1.279553e+003	6.689843e-008	
1.279558e+003	6.719693e-008	
1.279562e+003	6.749548e-008	
1.279567e+003	6.779430e-008	
1.279572e+003	6.811972e-008	
1.279577e+003	6.846610e-008	
1.279582e+003	6.881532e-008	
1.279587e+003	6.916468e-008	
1.279592e+003	6.951405e-008	
1.279597e+003	6.986336e-008	
1.279602e+003	7.021272e-008	
1.279606e+003	7.056227e-008	
1.279611e+003	7.091170e-008	
1.279616e+003	7.126128e-008	
1.279621e+003	7.161078e-008	
1.279626e+003	7.196049e-008	
1.279631e+003	7.231016e-008	
1.279636e+003	7.265981e-008	
1.279641e+003	7.300947e-008	
1.279646e+003	7.335929e-008	
1.279650e+003	7.370914e-008	
1.279655e+003	7.405903e-008	
1.279660e+003	7.440883e-008	
1.279665e+003	7.475884e-008	
1.279670e+003	7.511669e-008	
1.279675e+003	7.552079e-008	
1.279680e+003	7.593432e-008	
1.279685e+003	7.634797e-008	
1.279689e+003	7.676162e-008	
1.279694e+003	7.717535e-008	
1.279699e+003	7.758912e-008	
1.279704e+003	7.800284e-008	
1.279709e+003	7.841676e-008	
1.279714e+003	7.883064e-008	
1.279719e+003	7.924458e-008	
1.279724e+003	7.965843e-008	
1.279729e+003	8.007239e-008	
1.279733e+003	8.048644e-008	
1.279738e+003	8.090042e-008	
1.279743e+003	8.131448e-008	
1.279748e+003	8.172864e-008	
1.279753e+003	8.214275e-008	
1.279758e+003	8.255694e-008	
1.279763e+003	8.297106e-008	
1.279768e+003	8.338532e-008	
1.279772e+003	8.384390e-008	
1.279777e+003	8.433314e-008	
1.279782e+003	8.482694e-008	
1.279787e+003	8.532081e-008	
1.279792e+003	8.581465e-008	
1.279797e+003	8.630865e-008	
1.279802e+003	8.680249e-008	
1.279807e+003	8.729641e-008	
1.279812e+003	8.779028e-008	
1.279816e+003	8.828434e-008	
1.279821e+003	8.877841e-008	
1.279826e+003	8.927236e-008	
1.279831e+003	8.976646e-008	
1.279836e+003	9.026047e-008	
1.279841e+003	9.075460e-008	
1.279846e+003	9.124861e-008	
1.279851e+003	9.174271e-008	
1.279855e+003	9.223685e-008	
1.279860e+003	9.273091e-008	
1.279865e+003	9.322491e-008	
1.279870e+003	9.373582e-008	
1.279875e+003	9.431693e-008	
1.279880e+003	9.491215e-008	
1.279885e+003	9.550736e-008	
1.279890e+003	9.610274e-008	
1.279895e+003	9.669817e-008	
1.279899e+003	9.729331e-008	
1.279904e+003	9.788867e-008	
1.279909e+003	9.848392e-008	
1.279914e+003	9.907921e-008	
1.279919e+003	9.967425e-008	
1.279924e+003	1.002697e-007	
1.279929e+003	1.008649e-007	
1.279934e+003	1.014600e-007	
1.279938e+003	1.020552e-007	
1.279943e+003	1.026503e-007	
1.279948e+003	1.032454e-007	
1.279953e+003	1.038404e-007	
1.279958e+003	1.044355e-007	
1.279963e+003	1.050303e-007	
1.279968e+003	1.056254e-007	
1.279973e+003	1.062980e-007	
1.279978e+003	1.070159e-007	
1.279982e+003	1.077406e-007	
1.279987e+003	1.084647e-007	
1.279992e+003	1.091891e-007	
1.279997e+003	1.099132e-007	
1.280002e+003	1.106373e-007	
1.280007e+003	1.113615e-007	
1.280012e+003	1.120853e-007	
1.280017e+003	1.128092e-007	
1.280021e+003	1.135332e-007	
1.280026e+003	1.142569e-007	
1.280031e+003	1.149806e-007	
1.280036e+003	1.157043e-007	
1.280041e+003	1.164277e-007	
1.280046e+003	1.171512e-007	
1.280051e+003	1.178747e-007	
1.280056e+003	1.185977e-007	
1.280061e+003	1.193209e-007	
1.280065e+003	1.200441e-007	
1.280070e+003	1.208035e-007	
1.280075e+003	1.216686e-007	
1.280080e+003	1.225581e-007	
1.280085e+003	1.234473e-007	
1.280090e+003	1.243365e-007	
1.280095e+003	1.252255e-007	
1.280100e+003	1.261143e-007	
1.280104e+003	1.270030e-007	
1.280109e+003	1.278916e-007	
1.280114e+003	1.287801e-007	
1.280119e+003	1.296684e-007	
1.280124e+003	1.305567e-007	
1.280129e+003	1.314447e-007	
1.280134e+003	1.323326e-007	
1.280139e+003	1.332202e-007	
1.280144e+003	1.341077e-007	
1.280148e+003	1.349953e-007	
1.280153e+003	1.358827e-007	
1.280158e+003	1.367698e-007	
1.280163e+003	1.376567e-007	
1.280168e+003	1.385435e-007	
1.280173e+003	1.395657e-007	
1.280178e+003	1.406616e-007	
1.280183e+003	1.417669e-007	
1.280188e+003	1.428719e-007	
1.280192e+003	1.439771e-007	
1.280197e+003	1.450818e-007	
1.280202e+003	1.461863e-007	
1.280207e+003	1.472907e-007	
1.280212e+003	1.483950e-007	
1.280217e+003	1.494989e-007	
1.280222e+003	1.506028e-007	
1.280227e+003	1.517063e-007	
1.280231e+003	1.528098e-007	
1.280236e+003	1.539130e-007	
1.280241e+003	1.550159e-007	
1.280246e+003	1.561188e-007	
1.280251e+003	1.572213e-007	
1.280256e+003	1.583237e-007	
1.280261e+003	1.594257e-007	
1.280266e+003	1.605278e-007	
1.280271e+003	1.617006e-007	
1.280275e+003	1.630413e-007	
1.280280e+003	1.644250e-007	
1.280285e+003	1.658083e-007	
1.280290e+003	1.671914e-007	
1.280295e+003	1.685742e-007	
1.280300e+003	1.699567e-007	
1.280305e+003	1.713389e-007	
1.280310e+003	1.727213e-007	
1.280314e+003	1.741031e-007	
1.280319e+003	1.754848e-007	
1.280324e+003	1.768662e-007	
1.280329e+003	1.782472e-007	
1.280334e+003	1.796281e-007	
1.280339e+003	1.810088e-007	
1.280344e+003	1.823891e-007	
1.280349e+003	1.837694e-007	
1.280354e+003	1.851493e-007	
1.280358e+003	1.865290e-007	
1.280363e+003	1.879085e-007	
1.280368e+003	1.892877e-007	
1.280373e+003	1.909017e-007	
1.280378e+003	1.926259e-007	
1.280383e+003	1.943618e-007	
1.280388e+003	1.960973e-007	
1.280393e+003	1.978328e-007	
1.280397e+003	1.995676e-007	
1.280402e+003	2.013023e-007	
1.280407e+003	2.030368e-007	
1.280412e+003	2.047712e-007	
1.280417e+003	2.065053e-007	
1.280422e+003	2.082391e-007	
1.280427e+003	2.099725e-007	
1.280432e+003	2.117057e-007	
1.280437e+003	2.134384e-007	
1.280441e+003	2.151715e-007	
1.280446e+003	2.169039e-007	
1.280451e+003	2.186361e-007	
1.280456e+003	2.203680e-007	
1.280461e+003	2.220995e-007	
1.280466e+003	2.238313e-007	
1.280471e+003	2.256918e-007	
1.280476e+003	2.277893e-007	
1.280480e+003	2.299512e-007	
1.280485e+003	2.321129e-007	
1.280490e+003	2.342744e-007	
1.280495e+003	2.364355e-007	
1.280500e+003	2.385964e-007	
1.280505e+003	2.407575e-007	
1.280510e+003	2.429178e-007	
1.280515e+003	2.450781e-007	
1.280520e+003	2.472382e-007	
1.280524e+003	2.493981e-007	
1.280529e+003	2.515578e-007	
1.280534e+003	2.537170e-007	
1.280539e+003	2.558763e-007	
1.280544e+003	2.580357e-007	
1.280549e+003	2.601945e-007	
1.280554e+003	2.623530e-007	
1.280559e+003	2.645113e-007	
1.280563e+003	2.666699e-007	
1.280568e+003	2.688279e-007	
1.280573e+003	2.713053e-007	
1.280578e+003	2.739153e-007	
1.280583e+003	2.765338e-007	
1.280588e+003	2.791523e-007	
1.280593e+003	2.817701e-007	
1.280598e+003	2.843882e-007	
1.280603e+003	2.870059e-007	
1.280607e+003	2.896237e-007	
1.280612e+003	2.922412e-007	
1.280617e+003	2.948586e-007	
1.280622e+003	2.974760e-007	
1.280627e+003	3.000928e-007	
1.280632e+003	3.027100e-007	
1.280637e+003	3.053268e-007	
1.280642e+003	3.079438e-007	
1.280646e+003	3.105607e-007	
1.280651e+003	3.131770e-007	
1.280656e+003	3.157933e-007	
1.280661e+003	3.184099e-007	
1.280666e+003	3.210262e-007	
1.280671e+003	3.237648e-007	
1.280676e+003	3.266996e-007	
1.280681e+003	3.296914e-007	
1.280686e+003	3.326831e-007	
1.280690e+003	3.356747e-007	
1.280695e+003	3.386660e-007	
1.280700e+003	3.416573e-007	
1.280705e+003	3.446481e-007	
1.280710e+003	3.476396e-007	
1.280715e+003	3.506307e-007	
1.280720e+003	3.536223e-007	
1.280725e+003	3.566133e-007	
1.280729e+003	3.596040e-007	
1.280734e+003	3.625952e-007	
1.280739e+003	3.655864e-007	
1.280744e+003	3.685774e-007	
1.280749e+003	3.715688e-007	
1.280754e+003	3.745602e-007	
1.280759e+003	3.775503e-007	
1.280764e+003	3.805414e-007	
1.280769e+003	3.835327e-007	
1.280773e+003	3.865408e-007	
1.280778e+003	3.895568e-007	
1.280783e+003	3.925730e-007	
1.280788e+003	3.955888e-007	
1.280793e+003	3.986047e-007	
1.280798e+003	4.016196e-007	
1.280803e+003	4.046365e-007	
1.280808e+003	4.076521e-007	
1.280812e+003	4.106678e-007	
1.280817e+003	4.136839e-007	
1.280822e+003	4.166997e-007	
1.280827e+003	4.197161e-007	
1.280832e+003	4.227324e-007	
1.280837e+003	4.257484e-007	
1.280842e+003	4.287646e-007	
1.280847e+003	4.317812e-007	
1.280852e+003	4.347971e-007	
1.280856e+003	4.378133e-007	
1.280861e+003	4.408298e-007	
1.280866e+003	4.438460e-007	
1.280871e+003	4.466371e-007	
1.280876e+003	4.491150e-007	
1.280881e+003	4.515094e-007	
1.280886e+003	4.539025e-007	
1.280891e+003	4.562965e-007	
1.280896e+003	4.586898e-007	
1.280900e+003	4.610835e-007	
1.280905e+003	4.634776e-007	
1.280910e+003	4.658709e-007	
1.280915e+003	4.682647e-007	
1.280920e+003	4.706583e-007	
1.280925e+003	4.730533e-007	
1.280930e+003	4.754471e-007	
1.280935e+003	4.778413e-007	
1.280939e+003	4.802360e-007	
1.280944e+003	4.826304e-007	
1.280949e+003	4.850249e-007	
1.280954e+003	4.874187e-007	
1.280959e+003	4.898137e-007	
1.280964e+003	4.922086e-007	
1.280969e+003	4.945539e-007	
1.280974e+003	4.959365e-007	
1.280979e+003	4.969147e-007	
1.280983e+003	4.978928e-007	
1.280988e+003	4.988709e-007	
1.280993e+003	4.998496e-007	
1.280998e+003	5.008283e-007	
1.281003e+003	5.018068e-007	
1.281008e+003	5.027856e-007	
1.281013e+003	5.037650e-007	
1.281018e+003	5.047439e-007	
1.281022e+003	5.057229e-007	
1.281027e+003	5.067025e-007	
1.281032e+003	5.076816e-007	
1.281037e+003	5.086612e-007	
1.281042e+003	5.096410e-007	
1.281047e+003	5.106206e-007	
1.281052e+003	5.116003e-007	
1.281057e+003	5.125810e-007	
1.281062e+003	5.135614e-007	
1.281066e+003	5.145409e-007	
1.281071e+003	5.141168e-007	
1.281076e+003	5.120511e-007	
1.281081e+003	5.095399e-007	
1.281086e+003	5.070303e-007	
1.281091e+003	5.045196e-007	
1.281096e+003	5.020094e-007	
1.281101e+003	4.994996e-007	
1.281105e+003	4.969895e-007	
1.281110e+003	4.944792e-007	
1.281115e+003	4.919704e-007	
1.281120e+003	4.894608e-007	
1.281125e+003	4.869503e-007	
1.281130e+003	4.844422e-007	
1.281135e+003	4.819332e-007	
1.281140e+003	4.794232e-007	
1.281145e+003	4.769154e-007	
1.281149e+003	4.744066e-007	
1.281154e+003	4.718974e-007	
1.281159e+003	4.693893e-007	
1.281164e+003	4.668811e-007	
1.281169e+003	4.642301e-007	
1.281174e+003	4.602313e-007	
1.281179e+003	4.556165e-007	
1.281184e+003	4.510004e-007	
1.281188e+003	4.463861e-007	
1.281193e+003	4.417718e-007	
1.281198e+003	4.371561e-007	
1.281203e+003	4.325419e-007	
1.281208e+003	4.279278e-007	
1.281213e+003	4.233131e-007	
1.281218e+003	4.186989e-007	
1.281223e+003	4.140846e-007	
1.281228e+003	4.094708e-007	
1.281232e+003	4.048569e-007	
1.281237e+003	4.002432e-007	
1.281242e+003	3.956297e-007	
1.281247e+003	3.910158e-007	
1.281252e+003	3.864027e-007	
1.281257e+003	3.817894e-007	
1.281262e+003	3.771761e-007	
1.281267e+003	3.725631e-007	
1.281271e+003	3.682413e-007	
1.281276e+003	3.642350e-007	
1.281281e+003	3.603133e-007	
1.281286e+003	3.563915e-007	
1.281291e+003	3.524701e-007	
1.281296e+003	3.485484e-007	
1.281301e+003	3.446268e-007	
1.281306e+003	3.407057e-007	
1.281311e+003	3.367843e-007	
1.281315e+003	3.328630e-007	
1.281320e+003	3.289423e-007	
1.281325e+003	3.250212e-007	
1.281330e+003	3.211002e-007	
1.281335e+003	3.171796e-007	
1.281340e+003	3.132587e-007	
1.281345e+003	3.093384e-007	
1.281350e+003	3.054175e-007	
1.281354e+003	3.014974e-007	
1.281359e+003	2.975771e-007	
1.281364e+003	2.936571e-007	
1.281369e+003	2.898916e-007	
1.281374e+003	2.870794e-007	
1.281379e+003	2.846901e-007	
1.281384e+003	2.823009e-007	
1.281389e+003	2.799118e-007	
1.281394e+003	2.775228e-007	
1.281398e+003	2.751343e-007	
1.281403e+003	2.727455e-007	
1.281408e+003	2.703567e-007	
1.281413e+003	2.679682e-007	
1.281418e+003	2.655796e-007	
1.281423e+003	2.631912e-007	
1.281428e+003	2.608028e-007	
1.281433e+003	2.584144e-007	
1.281438e+003	2.560263e-007	
1.281442e+003	2.536383e-007	
1.281447e+003	2.512504e-007	
1.281452e+003	2.488625e-007	
1.281457e+003	2.464747e-007	
1.281462e+003	2.440868e-007	
1.281467e+003	2.416992e-007	
1.281472e+003	2.398158e-007	
1.281477e+003	2.384199e-007	
1.281481e+003	2.371408e-007	
1.281486e+003	2.358617e-007	
1.281491e+003	2.345825e-007	
1.281496e+003	2.333036e-007	
1.281501e+003	2.320248e-007	
1.281506e+003	2.307460e-007	
1.281511e+003	2.294671e-007	
1.281516e+003	2.281885e-007	
1.281521e+003	2.269100e-007	
1.281525e+003	2.256316e-007	
1.281530e+003	2.243532e-007	
1.281535e+003	2.230750e-007	
1.281540e+003	2.217969e-007	
1.281545e+003	2.205184e-007	
1.281550e+003	2.192405e-007	
1.281555e+003	2.179628e-007	
1.281560e+003	2.166849e-007	
1.281564e+003	2.154071e-007	
1.281569e+003	2.141897e-007	
1.281574e+003	2.132136e-007	
1.281579e+003	2.123492e-007	
1.281584e+003	2.114850e-007	
1.281589e+003	2.106208e-007	
1.281594e+003	2.097568e-007	
1.281599e+003	2.088929e-007	
1.281604e+003	2.080290e-007	
1.281608e+003	2.071653e-007	
1.281613e+003	2.063015e-007	
1.281618e+003	2.054381e-007	
1.281623e+003	2.045745e-007	
1.281628e+003	2.037112e-007	
1.281633e+003	2.028478e-007	
1.281638e+003	2.019845e-007	
1.281643e+003	2.011214e-007	
1.281647e+003	2.002584e-007	
1.281652e+003	1.993953e-007	
1.281657e+003	1.985326e-007	
1.281662e+003	1.976700e-007	
1.281667e+003	1.968072e-007	
1.281672e+003	1.957779e-007	
1.281677e+003	1.945930e-007	
1.281682e+003	1.933751e-007	
1.281687e+003	1.921571e-007	
1.281691e+003	1.909391e-007	
1.281696e+003	1.897212e-007	
1.281701e+003	1.885035e-007	
1.281706e+003	1.872860e-007	
1.281711e+003	1.860684e-007	
1.281716e+003	1.848509e-007	
1.281721e+003	1.836336e-007	
1.281726e+003	1.824164e-007	
1.281730e+003	1.811991e-007	
1.281735e+003	1.799821e-007	
1.281740e+003	1.787650e-007	
1.281745e+003	1.775480e-007	
1.281750e+003	1.763313e-007	
1.281755e+003	1.751146e-007	
1.281760e+003	1.738976e-007	
1.281765e+003	1.726813e-007	
1.281770e+003	1.714291e-007	
1.281774e+003	1.700622e-007	
1.281779e+003	1.686391e-007	
1.281784e+003	1.672162e-007	
1.281789e+003	1.657933e-007	
1.281794e+003	1.643704e-007	
1.281799e+003	1.629476e-007	
1.281804e+003	1.615252e-007	
1.281809e+003	1.601024e-007	
1.281813e+003	1.586800e-007	
1.281818e+003	1.572575e-007	
1.281823e+003	1.558352e-007	
1.281828e+003	1.544128e-007	
1.281833e+003	1.529908e-007	
1.281838e+003	1.515685e-007	
1.281843e+003	1.501466e-007	
1.281848e+003	1.487247e-007	
1.281853e+003	1.473028e-007	
1.281857e+003	1.458810e-007	
1.281862e+003	1.444591e-007	
1.281867e+003	1.430377e-007	
1.281872e+003	1.417265e-007	
1.281877e+003	1.405095e-007	
1.281882e+003	1.393094e-007	
1.281887e+003	1.381090e-007	
1.281892e+003	1.369090e-007	
1.281896e+003	1.357089e-007	
1.281901e+003	1.345088e-007	
1.281906e+003	1.333088e-007	
1.281911e+003	1.321090e-007	
1.281916e+003	1.309092e-007	
1.281921e+003	1.297095e-007	
1.281926e+003	1.285098e-007	
1.281931e+003	1.273102e-007	
1.281936e+003	1.261106e-007	
1.281940e+003	1.249113e-007	
1.281945e+003	1.237119e-007	
1.281950e+003	1.225125e-007	
1.281955e+003	1.213132e-007	
1.281960e+003	1.201140e-007	
1.281965e+003	1.189148e-007	
1.281970e+003	1.178033e-007	
1.281975e+003	1.169128e-007	
1.281979e+003	1.161306e-007	
1.281984e+003	1.153487e-007	
1.281989e+003	1.145667e-007	
1.281994e+003	1.137848e-007	
1.281999e+003	1.130029e-007	
1.282004e+003	1.122212e-007	
1.282009e+003	1.114394e-007	
1.282014e+003	1.106578e-007	
1.282019e+003	1.098762e-007	
1.282023e+003	1.090946e-007	
1.282028e+003	1.083131e-007	
1.282033e+003	1.075317e-007	
1.282038e+003	1.067503e-007	
1.282043e+003	1.059690e-007	
1.282048e+003	1.051877e-007	
1.282053e+003	1.044064e-007	
1.282058e+003	1.036253e-007	
1.282062e+003	1.028442e-007	
1.282067e+003	1.020632e-007	
1.282072e+003	1.015020e-007	
1.282077e+003	1.011189e-007	
1.282082e+003	1.007568e-007	
1.282087e+003	1.003948e-007	
1.282092e+003	1.000328e-007	
1.282097e+003	9.967087e-008	
1.282102e+003	9.930908e-008	
1.282106e+003	9.894718e-008	
1.282111e+003	9.858549e-008	
1.282116e+003	9.822366e-008	
1.282121e+003	9.786203e-008	
1.282126e+003	9.750033e-008	
1.282131e+003	9.713878e-008	
1.282136e+003	9.677726e-008	
1.282141e+003	9.641581e-008	
1.282146e+003	9.605442e-008	
1.282150e+003	9.569304e-008	
1.282155e+003	9.533175e-008	
1.282160e+003	9.497047e-008	
1.282165e+003	9.460925e-008	
1.282170e+003	9.432176e-008	
1.282175e+003	9.419956e-008	
1.282180e+003	9.415916e-008	
1.282185e+003	9.411882e-008	
1.282189e+003	9.407852e-008	
1.282194e+003	9.403826e-008	
1.282199e+003	9.399798e-008	
1.282204e+003	9.395794e-008	
1.282209e+003	9.391775e-008	
1.282214e+003	9.387762e-008	
1.282219e+003	9.383766e-008	
1.282224e+003	9.379759e-008	
1.282229e+003	9.375771e-008	
1.282233e+003	9.371786e-008	
1.282238e+003	9.367801e-008	
1.282243e+003	9.363819e-008	
1.282248e+003	9.359842e-008	
1.282253e+003	9.355878e-008	
1.282258e+003	9.351906e-008	
1.282263e+003	9.347942e-008	
1.282268e+003	9.343985e-008	
1.282272e+003	9.352915e-008	
1.282277e+003	9.372409e-008	
1.282282e+003	9.392680e-008	
1.282287e+003	9.412949e-008	
1.282292e+003	9.433229e-008	
1.282297e+003	9.453507e-008	
1.282302e+003	9.473794e-008	
1.282307e+003	9.494089e-008	
1.282312e+003	9.514385e-008	
1.282316e+003	9.534681e-008	
1.282321e+003	9.554986e-008	
1.282326e+003	9.575293e-008	
1.282331e+003	9.595605e-008	
1.282336e+003	9.615920e-008	
1.282341e+003	9.636243e-008	
1.282346e+003	9.656567e-008	
1.282351e+003	9.676899e-008	
1.282355e+003	9.697227e-008	
1.282360e+003	9.717566e-008	
1.282365e+003	9.737910e-008	
1.282370e+003	9.763249e-008	
1.282375e+003	9.798394e-008	
1.282380e+003	9.838058e-008	
1.282385e+003	9.877721e-008	
1.282390e+003	9.917389e-008	
1.282395e+003	9.957060e-008	
1.282399e+003	9.996732e-008	
1.282404e+003	1.003642e-007	
1.282409e+003	1.007609e-007	
1.282414e+003	1.011578e-007	
1.282419e+003	1.015547e-007	
1.282424e+003	1.019517e-007	
1.282429e+003	1.023487e-007	
1.282434e+003	1.027457e-007	
1.282438e+003	1.031427e-007	
1.282443e+003	1.035399e-007	
1.282448e+003	1.039369e-007	
1.282453e+003	1.043340e-007	
1.282458e+003	1.047310e-007	
1.282463e+003	1.051283e-007	
1.282468e+003	1.055255e-007	
1.282473e+003	1.060168e-007	
1.282478e+003	1.065853e-007	
1.282482e+003	1.071539e-007	
1.282487e+003	1.077224e-007	
1.282492e+003	1.082911e-007	
1.282497e+003	1.088596e-007	
1.282502e+003	1.094283e-007	
1.282507e+003	1.099969e-007	
1.282512e+003	1.105655e-007	
1.282517e+003	1.111341e-007	
1.282521e+003	1.117028e-007	
1.282526e+003	1.122716e-007	
1.282531e+003	1.128401e-007	
1.282536e+003	1.134087e-007	
1.282541e+003	1.139774e-007	
1.282546e+003	1.145459e-007	
1.282551e+003	1.151147e-007	
1.282556e+003	1.156833e-007	
1.282561e+003	1.162520e-007	
1.282565e+003	1.168204e-007	
1.282570e+003	1.174398e-007	
1.282575e+003	1.181466e-007	
1.282580e+003	1.188908e-007	
1.282585e+003	1.196351e-007	
1.282590e+003	1.203793e-007	
1.282595e+003	1.211234e-007	
1.282600e+003	1.218676e-007	
1.282604e+003	1.226116e-007	
1.282609e+003	1.233557e-007	
1.282614e+003	1.240997e-007	
1.282619e+003	1.248438e-007	
1.282624e+003	1.255876e-007	
1.282629e+003	1.263315e-007	
1.282634e+003	1.270753e-007	
1.282639e+003	1.278190e-007	
1.282644e+003	1.285627e-007	
1.282648e+003	1.293063e-007	
1.282653e+003	1.300498e-007	
1.282658e+003	1.307932e-007	
1.282663e+003	1.315365e-007	
1.282668e+003	1.322852e-007	
1.282673e+003	1.331397e-007	
1.282678e+003	1.340858e-007	
1.282683e+003	1.350317e-007	
1.282688e+003	1.359777e-007	
1.282692e+003	1.369235e-007	
1.282697e+003	1.378691e-007	
1.282702e+003	1.388147e-007	
1.282707e+003	1.397600e-007	
1.282712e+003	1.407053e-007	
1.282717e+003	1.416505e-007	
1.282722e+003	1.425956e-007	
1.282727e+003	1.435404e-007	
1.282731e+003	1.444851e-007	
1.282736e+003	1.454297e-007	
1.282741e+003	1.463742e-007	
1.282746e+003	1.473184e-007	
1.282751e+003	1.482626e-007	
1.282756e+003	1.492064e-007	
1.282761e+003	1.501502e-007	
1.282766e+003	1.510938e-007	
1.282771e+003	1.521122e-007	
1.282775e+003	1.532531e-007	
1.282780e+003	1.544440e-007	
1.282785e+003	1.556348e-007	
1.282790e+003	1.568252e-007	
1.282795e+003	1.580156e-007	
1.282800e+003	1.592056e-007	
1.282805e+003	1.603955e-007	
1.282810e+003	1.615851e-007	
1.282814e+003	1.627746e-007	
1.282819e+003	1.639639e-007	
1.282824e+003	1.651528e-007	
1.282829e+003	1.663415e-007	
1.282834e+003	1.675301e-007	
1.282839e+003	1.687183e-007	
1.282844e+003	1.699064e-007	
1.282849e+003	1.710942e-007	
1.282854e+003	1.722817e-007	
1.282858e+003	1.734690e-007	
1.282863e+003	1.746560e-007	
1.282868e+003	1.758592e-007	
1.282873e+003	1.772243e-007	
1.282878e+003	1.787226e-007	
1.282883e+003	1.802204e-007	
1.282888e+003	1.817180e-007	
1.282893e+003	1.832155e-007	
1.282897e+003	1.847127e-007	
1.282902e+003	1.862096e-007	
1.282907e+003	1.877063e-007	
1.282912e+003	1.892025e-007	
1.282917e+003	1.906984e-007	
1.282922e+003	1.921939e-007	
1.282927e+003	1.936892e-007	
1.282932e+003	1.951843e-007	
1.282937e+003	1.966790e-007	
1.282941e+003	1.981735e-007	
1.282946e+003	1.996675e-007	
1.282951e+003	2.011612e-007	
1.282956e+003	2.026548e-007	
1.282961e+003	2.041476e-007	
1.282966e+003	2.056404e-007	
1.282971e+003	2.072626e-007	
1.282976e+003	2.090848e-007	
1.282980e+003	2.109763e-007	
1.282985e+003	2.128676e-007	
1.282990e+003	2.147585e-007	
1.282995e+003	2.166491e-007	
1.283000e+003	2.185392e-007	
1.283005e+003	2.204289e-007	
1.283010e+003	2.223184e-007	
1.283015e+003	2.242075e-007	
1.283020e+003	2.260964e-007	
1.283024e+003	2.279848e-007	
1.283029e+003	2.298727e-007	
1.283034e+003	2.317605e-007	
1.283039e+003	2.336476e-007	
1.283044e+003	2.355342e-007	
1.283049e+003	2.374210e-007	
1.283054e+003	2.393071e-007	
1.283059e+003	2.411929e-007	
1.283063e+003	2.430780e-007	
1.283068e+003	2.450072e-007	
1.283073e+003	2.471879e-007	
1.283078e+003	2.495763e-007	
1.283083e+003	2.519640e-007	
1.283088e+003	2.543514e-007	
1.283093e+003	2.567386e-007	
1.283098e+003	2.591253e-007	
1.283103e+003	2.615116e-007	
1.283107e+003	2.638975e-007	
1.283112e+003	2.662830e-007	
1.283117e+003	2.686681e-007	
1.283122e+003	2.710527e-007	
1.283127e+003	2.734374e-007	
1.283132e+003	2.758214e-007	
1.283137e+003	2.782048e-007	
1.283142e+003	2.805879e-007	
1.283146e+003	2.829709e-007	
1.283151e+003	2.853531e-007	
1.283156e+003	2.877350e-007	
1.283161e+003	2.901166e-007	
1.283166e+003	2.924978e-007	
1.283171e+003	2.950853e-007	
1.283176e+003	2.979895e-007	
1.283181e+003	3.009911e-007	
1.283186e+003	3.039926e-007	
1.283190e+003	3.069933e-007	
1.283195e+003	3.099938e-007	
1.283200e+003	3.129941e-007	
1.283205e+003	3.159939e-007	
1.283210e+003	3.189934e-007	
1.283215e+003	3.219925e-007	
1.283220e+003	3.249912e-007	
1.283225e+003	3.279898e-007	
1.283229e+003	3.309879e-007	
1.283234e+003	3.339854e-007	
1.283239e+003	3.369829e-007	
1.283244e+003	3.399801e-007	
1.283249e+003	3.429767e-007	
1.283254e+003	3.459727e-007	
1.283259e+003	3.489692e-007	
1.283264e+003	3.519648e-007	
1.283269e+003	3.550337e-007	
1.283273e+003	3.584378e-007	
1.283278e+003	3.621208e-007	
1.283283e+003	3.658043e-007	
1.283288e+003	3.694874e-007	
1.283293e+003	3.731702e-007	
1.283298e+003	3.768529e-007	
1.283303e+003	3.805349e-007	
1.283308e+003	3.842172e-007	
1.283312e+003	3.878990e-007	
1.283317e+003	3.915805e-007	
1.283322e+003	3.952618e-007	
1.283327e+003	3.989427e-007	
1.283332e+003	4.026239e-007	
1.283337e+003	4.063045e-007	
1.283342e+003	4.099848e-007	
1.283347e+003	4.136653e-007	
1.283352e+003	4.173454e-007	
1.283356e+003	4.210249e-007	
1.283361e+003	4.247049e-007	
1.283366e+003	4.283847e-007	
1.283371e+003	4.322774e-007	
1.283376e+003	4.364777e-007	
1.283381e+003	4.407563e-007	
1.283386e+003	4.450347e-007	
1.283391e+003	4.493129e-007	
1.283396e+003	4.535912e-007	
1.283400e+003	4.578693e-007	
1.283405e+003	4.621473e-007	
1.283410e+003	4.664250e-007	
1.283415e+003	4.707028e-007	
1.283420e+003	4.749807e-007	
1.283425e+003	4.792582e-007	
1.283430e+003	4.835356e-007	
1.283435e+003	4.878132e-007	
1.283439e+003	4.920908e-007	
1.283444e+003	4.963680e-007	
1.283449e+003	5.006454e-007	
1.283454e+003	5.049226e-007	
1.283459e+003	5.091999e-007	
1.283464e+003	5.134769e-007	
1.283469e+003	5.177774e-007	
1.283474e+003	5.221609e-007	
1.283479e+003	5.266106e-007	
1.283483e+003	5.310600e-007	
1.283488e+003	5.355097e-007	
1.283493e+003	5.399597e-007	
1.283498e+003	5.444091e-007	
1.283503e+003	5.488590e-007	
1.283508e+003	5.533085e-007	
1.283513e+003	5.577582e-007	
1.283518e+003	5.622082e-007	
1.283522e+003	5.666577e-007	
1.283527e+003	5.711075e-007	
1.283532e+003	5.755574e-007	
1.283537e+003	5.800075e-007	
1.283542e+003	5.844574e-007	
1.283547e+003	5.889070e-007	
1.283552e+003	5.933570e-007	
1.283557e+003	5.978077e-007	
1.283562e+003	6.022576e-007	
1.283566e+003	6.067079e-007	
1.283571e+003	6.108918e-007	
1.283576e+003	6.146925e-007	
1.283581e+003	6.184245e-007	
1.283586e+003	6.221567e-007	
1.283591e+003	6.258888e-007	
1.283596e+003	6.296210e-007	
1.283601e+003	6.333534e-007	
1.283605e+003	6.370863e-007	
1.283610e+003	6.408184e-007	
1.283615e+003	6.445513e-007	
1.283620e+003	6.482843e-007	
1.283625e+003	6.520172e-007	
1.283630e+003	6.557504e-007	
1.283635e+003	6.594835e-007	
1.283640e+003	6.632168e-007	
1.283645e+003	6.669505e-007	
1.283649e+003	6.706842e-007	
1.283654e+003	6.744178e-007	
1.283659e+003	6.781518e-007	
1.283664e+003	6.818857e-007	
1.283669e+003	6.853484e-007	
1.283674e+003	6.879413e-007	
1.283679e+003	6.898527e-007	
1.283684e+003	6.917653e-007	
1.283688e+003	6.936768e-007	
1.283693e+003	6.955904e-007	
1.283698e+003	6.975021e-007	
1.283703e+003	6.994158e-007	
1.283708e+003	7.013280e-007	
1.283713e+003	7.032414e-007	
1.283718e+003	7.051547e-007	
1.283723e+003	7.070684e-007	
1.283728e+003	7.089818e-007	
1.283732e+003	7.108956e-007	
1.283737e+003	7.128095e-007	
1.283742e+003	7.147235e-007	
1.283747e+003	7.166383e-007	
1.283752e+003	7.185528e-007	
1.283757e+003	7.204673e-007	
1.283762e+003	7.223820e-007	
1.283767e+003	7.242976e-007	
1.283771e+003	7.244801e-007	
1.283776e+003	7.220710e-007	
1.283781e+003	7.193266e-007	
1.283786e+003	7.165834e-007	
1.283791e+003	7.138389e-007	
1.283796e+003	7.110957e-007	
1.283801e+003	7.083527e-007	
1.283806e+003	7.056100e-007	
1.283811e+003	7.028680e-007	
1.283815e+003	7.001252e-007	
1.283820e+003	6.973823e-007	
1.283825e+003	6.946400e-007	
1.283830e+003	6.918980e-007	
1.283835e+003	6.891563e-007	
1.283840e+003	6.864146e-007	
1.283845e+003	6.836733e-007	
1.283850e+003	6.809319e-007	
1.283854e+003	6.781909e-007	
1.283859e+003	6.754505e-007	
1.283864e+003	6.727093e-007	
1.283869e+003	6.692773e-007	
1.283874e+003	6.638712e-007	
1.283879e+003	6.570614e-007	
1.283884e+003	6.502516e-007	
1.283889e+003	6.434421e-007	
1.283894e+003	6.366330e-007	
1.283898e+003	6.298238e-007	
1.283903e+003	6.230148e-007	
1.283908e+003	6.162060e-007	
1.283913e+003	6.093977e-007	
1.283918e+003	6.025894e-007	
1.283923e+003	5.957812e-007	
1.283928e+003	5.889735e-007	
1.283933e+003	5.821657e-007	
1.283938e+003	5.753578e-007	
1.283942e+003	5.685505e-007	
1.283947e+003	5.617431e-007	
1.283952e+003	5.549364e-007	
1.283957e+003	5.481297e-007	
1.283962e+003	5.413229e-007	
1.283967e+003	5.345163e-007	
1.283972e+003	5.278546e-007	
1.283977e+003	5.214176e-007	
1.283981e+003	5.149921e-007	
1.283986e+003	5.085662e-007	
1.283991e+003	5.021411e-007	
1.283996e+003	4.957161e-007	
1.284001e+003	4.892914e-007	
1.284006e+003	4.828664e-007	
1.284011e+003	4.764418e-007	
1.284016e+003	4.700170e-007	
1.284021e+003	4.635928e-007	
1.284025e+003	4.571687e-007	
1.284030e+003	4.507452e-007	
1.284035e+003	4.443216e-007	
1.284040e+003	4.378979e-007	
1.284045e+003	4.314743e-007	
1.284050e+003	4.250512e-007	
1.284055e+003	4.186279e-007	
1.284060e+003	4.122048e-007	
1.284064e+003	4.057820e-007	
1.284069e+003	3.997817e-007	
1.284074e+003	3.948826e-007	
1.284079e+003	3.906839e-007	
1.284084e+003	3.864853e-007	
1.284089e+003	3.822871e-007	
1.284094e+003	3.780888e-007	
1.284099e+003	3.738910e-007	
1.284104e+003	3.696928e-007	
1.284108e+003	3.654954e-007	
1.284113e+003	3.612975e-007	
1.284118e+003	3.570999e-007	
1.284123e+003	3.529025e-007	
1.284128e+003	3.487054e-007	
1.284133e+003	3.445082e-007	
1.284138e+003	3.403112e-007	
1.284143e+003	3.361146e-007	
1.284147e+003	3.319177e-007	
1.284152e+003	3.277211e-007	
1.284157e+003	3.235248e-007	
1.284162e+003	3.193286e-007	
1.284167e+003	3.151324e-007	
1.284172e+003	3.116156e-007	
1.284177e+003	3.092313e-007	
1.284182e+003	3.068467e-007	
1.284187e+003	3.044628e-007	
1.284191e+003	3.020785e-007	
1.284196e+003	2.996947e-007	
1.284201e+003	2.973108e-007	
1.284206e+003	2.949272e-007	
1.284211e+003	2.925436e-007	
1.284216e+003	2.901601e-007	
1.284221e+003	2.877766e-007	
1.284226e+003	2.853934e-007	
1.284230e+003	2.830104e-007	
1.284235e+003	2.806274e-007	
1.284240e+003	2.782448e-007	
1.284245e+003	2.758617e-007	
1.284250e+003	2.734793e-007	
1.284255e+003	2.710968e-007	
1.284260e+003	2.687143e-007	
1.284265e+003	2.663321e-007	
1.284270e+003	2.641156e-007	
1.284274e+003	2.623246e-007	
1.284279e+003	2.607834e-007	
1.284284e+003	2.592422e-007	
1.284289e+003	2.577014e-007	
1.284294e+003	2.561605e-007	
1.284299e+003	2.546196e-007	
1.284304e+003	2.530791e-007	
1.284309e+003	2.515386e-007	
1.284313e+003	2.499983e-007	
1.284318e+003	2.484578e-007	
1.284323e+003	2.469177e-007	
1.284328e+003	2.453776e-007	
1.284333e+003	2.438377e-007	
1.284338e+003	2.422979e-007	
1.284343e+003	2.407583e-007	
1.284348e+003	2.392186e-007	
1.284353e+003	2.376792e-007	
1.284357e+003	2.361397e-007	
1.284362e+003	2.346004e-007	
1.284367e+003	2.330529e-007	
1.284372e+003	2.313352e-007	
1.284377e+003	2.293556e-007	
1.284382e+003	2.273763e-007	
1.284387e+003	2.253971e-007	
1.284392e+003	2.234178e-007	
1.284396e+003	2.214390e-007	
1.284401e+003	2.194600e-007	
1.284406e+003	2.174811e-007	
1.284411e+003	2.155025e-007	
1.284416e+003	2.135239e-007	
1.284421e+003	2.115455e-007	
1.284426e+003	2.095670e-007	
1.284431e+003	2.075888e-007	
1.284436e+003	2.056105e-007	
1.284440e+003	2.036326e-007	
1.284445e+003	2.016546e-007	
1.284450e+003	1.996768e-007	
1.284455e+003	1.976989e-007	
1.284460e+003	1.957214e-007	
1.284465e+003	1.937436e-007	
1.284470e+003	1.916707e-007	
1.284475e+003	1.893564e-007	
1.284479e+003	1.869239e-007	
1.284484e+003	1.844914e-007	
1.284489e+003	1.820591e-007	
1.284494e+003	1.796269e-007	
1.284499e+003	1.771947e-007	
1.284504e+003	1.747628e-007	
1.284509e+003	1.723307e-007	
1.284514e+003	1.698988e-007	
1.284519e+003	1.674670e-007	
1.284523e+003	1.650354e-007	
1.284528e+003	1.626038e-007	
1.284533e+003	1.601723e-007	
1.284538e+003	1.577408e-007	
1.284543e+003	1.553094e-007	
1.284548e+003	1.528781e-007	
1.284553e+003	1.504469e-007	
1.284558e+003	1.480157e-007	
1.284562e+003	1.455846e-007	
1.284567e+003	1.431612e-007	
1.284572e+003	1.408051e-007	
1.284577e+003	1.385478e-007	
1.284582e+003	1.362908e-007	
1.284587e+003	1.340336e-007	
1.284592e+003	1.317766e-007	
1.284597e+003	1.295197e-007	
1.284602e+003	1.272628e-007	
1.284606e+003	1.250059e-007	
1.284611e+003	1.227492e-007	
1.284616e+003	1.204924e-007	
1.284621e+003	1.182358e-007	
1.284626e+003	1.159793e-007	
1.284631e+003	1.137227e-007	
1.284636e+003	1.114663e-007	
1.284641e+003	1.092099e-007	
1.284646e+003	1.069535e-007	
1.284650e+003	1.046973e-007	
1.284655e+003	1.024410e-007	
1.284660e+003	1.001848e-007	
1.284665e+003	9.792871e-008	
1.284670e+003	9.578851e-008	
1.284675e+003	9.395150e-008	
1.284680e+003	9.224419e-008	
1.284685e+003	9.053692e-008	
1.284689e+003	8.882959e-008	
1.284694e+003	8.712246e-008	
1.284699e+003	8.541530e-008	
1.284704e+003	8.370815e-008	
1.284709e+003	8.200099e-008	
1.284714e+003	8.029413e-008	
1.284719e+003	7.858713e-008	
1.284724e+003	7.688016e-008	
1.284729e+003	7.517328e-008	
1.284733e+003	7.346646e-008	
1.284738e+003	7.175959e-008	
1.284743e+003	7.005278e-008	
1.284748e+003	6.834600e-008	
1.284753e+003	6.663930e-008	
1.284758e+003	6.493263e-008	
1.284763e+003	6.322598e-008	
1.284768e+003	6.155129e-008	
1.284772e+003	6.009368e-008	
1.284777e+003	5.894896e-008	
1.284782e+003	5.780426e-008	
1.284787e+003	5.665964e-008	
1.284792e+003	5.551504e-008	
1.284797e+003	5.437042e-008	
1.284802e+003	5.322583e-008	
1.284807e+003	5.208129e-008	
1.284812e+003	5.093680e-008	
1.284816e+003	4.979232e-008	
1.284821e+003	4.864787e-008	
1.284826e+003	4.750344e-008	
1.284831e+003	4.635901e-008	
1.284836e+003	4.521463e-008	
1.284841e+003	4.407026e-008	
1.284846e+003	4.292595e-008	
1.284851e+003	4.178160e-008	
1.284855e+003	4.063731e-008	
1.284860e+003	3.949310e-008	
1.284865e+003	3.834883e-008	
1.284870e+003	3.730221e-008	
1.284875e+003	3.650013e-008	
1.284880e+003	3.578495e-008	
1.284885e+003	3.506981e-008	
1.284890e+003	3.435468e-008	
1.284895e+003	3.363957e-008	
1.284899e+003	3.292446e-008	
1.284904e+003	3.220939e-008	
1.284909e+003	3.149432e-008	
1.284914e+003	3.077929e-008	
1.284919e+003	3.006425e-008	
1.284924e+003	2.934923e-008	
1.284929e+003	2.863422e-008	
1.284934e+003	2.791925e-008	
1.284938e+003	2.720427e-008	
1.284943e+003	2.648930e-008	
1.284948e+003	2.577434e-008	
1.284953e+003	2.505942e-008	
1.284958e+003	2.434451e-008	
1.284963e+003	2.362961e-008	
1.284968e+003	2.293623e-008	
1.284973e+003	2.235773e-008	
1.284978e+003	2.192998e-008	
1.284982e+003	2.150223e-008	
1.284987e+003	2.107448e-008	
1.284992e+003	2.064677e-008	
1.284997e+003	2.021909e-008	
1.285002e+003	1.979137e-008	
1.285007e+003	1.936368e-008	
1.285012e+003	1.893600e-008	
1.285017e+003	1.850833e-008	
1.285021e+003	1.808066e-008	
1.285026e+003	1.765300e-008	
1.285031e+003	1.722536e-008	
1.285036e+003	1.679772e-008	
1.285041e+003	1.637008e-008	
1.285046e+003	1.594245e-008	
1.285051e+003	1.551485e-008	
1.285056e+003	1.508724e-008	
1.285061e+003	1.465964e-008	
1.285065e+003	1.423205e-008	
1.285070e+003	1.384418e-008	
1.285075e+003	1.356051e-008	
1.285080e+003	1.330374e-008	
1.285085e+003	1.304699e-008	
1.285090e+003	1.279024e-008	
1.285095e+003	1.253351e-008	
1.285100e+003	1.227677e-008	
1.285104e+003	1.202004e-008	
1.285109e+003	1.176332e-008	
1.285114e+003	1.150660e-008	
1.285119e+003	1.124989e-008	
1.285124e+003	1.099318e-008	
1.285129e+003	1.073648e-008	
1.285134e+003	1.047980e-008	
1.285139e+003	1.022310e-008	
1.285144e+003	9.966437e-009	
1.285148e+003	9.709755e-009	
1.285153e+003	9.453083e-009	
1.285158e+003	9.196414e-009	
1.285163e+003	8.939753e-009	
1.285168e+003	8.691523e-009	
1.285173e+003	8.485258e-009	
1.285178e+003	8.330924e-009	
1.285183e+003	8.176596e-009	
1.285188e+003	8.022265e-009	
1.285192e+003	7.867944e-009	
1.285197e+003	7.713626e-009	
1.285202e+003	7.559315e-009	
1.285207e+003	7.404999e-009	
1.285212e+003	7.250690e-009	
1.285217e+003	7.096384e-009	
1.285222e+003	6.942083e-009	
1.285227e+003	6.787786e-009	
1.285231e+003	6.633490e-009	
1.285236e+003	6.479204e-009	
1.285241e+003	6.324914e-009	
1.285246e+003	6.170631e-009	
1.285251e+003	6.016348e-009	
1.285256e+003	5.862067e-009	
1.285261e+003	5.707790e-009	
1.285266e+003	5.553518e-009	
1.285271e+003	5.413022e-009	
1.285275e+003	5.311772e-009	
1.285280e+003	5.218223e-009	
1.285285e+003	5.124694e-009	
1.285290e+003	5.031149e-009	
1.285295e+003	4.937610e-009	
1.285300e+003	4.844075e-009	
1.285305e+003	4.750542e-009	
1.285310e+003	4.657010e-009	
1.285314e+003	4.563482e-009	
1.285319e+003	4.469950e-009	
1.285324e+003	4.376429e-009	
1.285329e+003	4.282905e-009	
1.285334e+003	4.189385e-009	
1.285339e+003	4.095868e-009	
1.285344e+003	4.002347e-009	
1.285349e+003	3.908834e-009	
1.285354e+003	3.815321e-009	
1.285358e+003	3.721811e-009	
1.285363e+003	3.628299e-009	
1.285368e+003	3.538182e-009	
1.285373e+003	3.463291e-009	
1.285378e+003	3.404984e-009	
1.285383e+003	3.346684e-009	
1.285388e+003	3.288382e-009	
1.285393e+003	3.230088e-009	
1.285397e+003	3.171789e-009	
1.285402e+003	3.113492e-009	
1.285407e+003	3.055200e-009	
1.285412e+003	2.996909e-009	
1.285417e+003	2.938619e-009	
1.285422e+003	2.880327e-009	
1.285427e+003	2.822041e-009	
1.285432e+003	2.763755e-009	
1.285437e+003	2.705470e-009	
1.285441e+003	2.647184e-009	
1.285446e+003	2.588907e-009	
1.285451e+003	2.530625e-009	
1.285456e+003	2.472345e-009	
1.285461e+003	2.414065e-009	
1.285466e+003	2.355786e-009	
1.285471e+003	2.302354e-009	
1.285476e+003	2.263994e-009	
1.285480e+003	2.227251e-009	
1.285485e+003	2.190509e-009	
1.285490e+003	2.153768e-009	
1.285495e+003	2.117027e-009	
1.285500e+003	2.080288e-009	
1.285505e+003	2.043550e-009	
1.285510e+003	2.006813e-009	
1.285515e+003	1.970076e-009	
1.285520e+003	1.933340e-009	
1.285524e+003	1.896606e-009	
1.285529e+003	1.859872e-009	
1.285534e+003	1.823138e-009	
1.285539e+003	1.786407e-009	
1.285544e+003	1.749676e-009	
1.285549e+003	1.712944e-009	
1.285554e+003	1.676214e-009	
1.285559e+003	1.639487e-009	
1.285563e+003	1.602758e-009	
1.285568e+003	1.567417e-009	
1.285573e+003	1.538117e-009	
1.285578e+003	1.514447e-009	
1.285583e+003	1.490778e-009	
1.285588e+003	1.467110e-009	
1.285593e+003	1.443444e-009	
1.285598e+003	1.419776e-009	
1.285603e+003	1.396109e-009	
1.285607e+003	1.372443e-009	
1.285612e+003	1.348779e-009	
1.285617e+003	1.325113e-009	
1.285622e+003	1.301448e-009	
1.285627e+003	1.277786e-009	
1.285632e+003	1.254122e-009	
1.285637e+003	1.230461e-009	
1.285642e+003	1.206799e-009	
1.285646e+003	1.183139e-009	
1.285651e+003	1.159477e-009	
1.285656e+003	1.135818e-009	
1.285661e+003	1.112159e-009	
1.285666e+003	1.088498e-009	
1.285671e+003	1.066548e-009	
1.285676e+003	1.050570e-009	
1.285681e+003	1.034900e-009	
1.285686e+003	1.019232e-009	
1.285690e+003	1.003564e-009	
1.285695e+003	9.878957e-010	
1.285700e+003	9.722286e-010	
1.285705e+003	9.565619e-010	
1.285710e+003	9.408954e-010	
1.285715e+003	9.252294e-010	
1.285720e+003	9.095634e-010	
1.285725e+003	8.938989e-010	
1.285729e+003	8.782334e-010	
1.285734e+003	8.625691e-010	
1.285739e+003	8.469047e-010	
1.285744e+003	8.312414e-010	
1.285749e+003	8.155781e-010	
1.285754e+003	7.999151e-010	
1.285759e+003	7.842528e-010	
1.285764e+003	7.685903e-010	
1.285769e+003	7.534829e-010	
1.285773e+003	7.408985e-010	
1.285778e+003	7.304257e-010	
1.285783e+003	7.199528e-010	
1.285788e+003	7.094806e-010	
1.285793e+003	6.990091e-010	
1.285798e+003	6.885366e-010	
1.285803e+003	6.780657e-010	
1.285808e+003	6.675946e-010	
1.285812e+003	6.571239e-010	
1.285817e+003	6.466532e-010	
1.285822e+003	6.361831e-010	
1.285827e+003	6.257133e-010	
1.285832e+003	6.152436e-010	
1.285837e+003	6.047741e-010	
1.285842e+003	5.943048e-010	
1.285847e+003	5.838359e-010	
1.285852e+003	5.733671e-010	
1.285856e+003	5.628987e-010	
1.285861e+003	5.524304e-010	
1.285866e+003	5.419625e-010	
1.285871e+003	5.322372e-010	
1.285876e+003	5.250683e-010	
1.285881e+003	5.179001e-010	
1.285886e+003	5.107320e-010	
1.285891e+003	5.035640e-010	
1.285896e+003	4.963964e-010	
1.285900e+003	4.892290e-010	
1.285905e+003	4.820617e-010	
1.285910e+003	4.748946e-010	
1.285915e+003	4.677279e-010	
1.285920e+003	4.605611e-010	
1.285925e+003	4.533947e-010	
1.285930e+003	4.462283e-010	
1.285935e+003	4.390621e-010	
1.285939e+003	4.318964e-010	
1.285944e+003	4.247306e-010	
1.285949e+003	4.175646e-010	
1.285954e+003	4.103995e-010	
1.285959e+003	4.032345e-010	
1.285964e+003	3.960693e-010	
1.285969e+003	3.891426e-010	
1.285974e+003	3.833646e-010	
1.285979e+003	3.783661e-010	
1.285983e+003	3.733683e-010	
1.285988e+003	3.683703e-010	
1.285993e+003	3.633724e-010	
1.285998e+003	3.583748e-010	
1.286003e+003	3.533772e-010	
1.286008e+003	3.483800e-010	
1.286013e+003	3.433831e-010	
1.286018e+003	3.383857e-010	
1.286022e+003	3.333889e-010	
1.286027e+003	3.283923e-010	
1.286032e+003	3.233956e-010	
1.286037e+003	3.183990e-010	
1.286042e+003	3.134026e-010	
1.286047e+003	3.084064e-010	
1.286052e+003	3.034104e-010	
1.286057e+003	2.984143e-010	
1.286062e+003	2.934185e-010	
1.286066e+003	2.884449e-010	
1.286071e+003	2.838335e-010	
1.286076e+003	2.803157e-010	
1.286081e+003	2.767982e-010	
1.286086e+003	2.732807e-010	
1.286091e+003	2.697632e-010	
1.286096e+003	2.662461e-010	
1.286101e+003	2.627286e-010	
1.286105e+003	2.592116e-010	
1.286110e+003	2.556947e-010	
1.286115e+003	2.521778e-010	
1.286120e+003	2.486612e-010	
1.286125e+003	2.451443e-010	
1.286130e+003	2.416277e-010	
1.286135e+003	2.381113e-010	
1.286140e+003	2.345949e-010	
1.286145e+003	2.310786e-010	
1.286149e+003	2.275623e-010	
1.286154e+003	2.240461e-010	
1.286159e+003	2.205301e-010	
1.286164e+003	2.170142e-010	
1.286169e+003	2.136018e-010	
1.286174e+003	2.107453e-010	
1.286179e+003	2.082139e-010	
1.286184e+003	2.056822e-010	
1.286188e+003	2.031510e-010	
1.286193e+003	2.006197e-010	
1.286198e+003	1.980885e-010	
1.286203e+003	1.955574e-010	
1.286208e+003	1.930263e-010	
1.286213e+003	1.904953e-010	
1.286218e+003	1.879644e-010	
1.286223e+003	1.854336e-010	
1.286228e+003	1.829027e-010	
1.286232e+003	1.803722e-010	
1.286237e+003	1.778415e-010	
1.286242e+003	1.753108e-010	
1.286247e+003	1.727805e-010	
1.286252e+003	1.702500e-010	
1.286257e+003	1.677197e-010	
1.286262e+003	1.651894e-010	
1.286267e+003	1.626740e-010	
1.286271e+003	1.603344e-010	
1.286276e+003	1.584886e-010	
1.286281e+003	1.566430e-010	
1.286286e+003	1.547974e-010	
1.286291e+003	1.529519e-010	
1.286296e+003	1.511064e-010	
1.286301e+003	1.492610e-010	
1.286306e+003	1.474158e-010	
1.286311e+003	1.455703e-010	
1.286315e+003	1.437252e-010	
1.286320e+003	1.418801e-010	
1.286325e+003	1.400348e-010	
1.286330e+003	1.381899e-010	
1.286335e+003	1.363448e-010	
1.286340e+003	1.344998e-010	
1.286345e+003	1.326549e-010	
1.286350e+003	1.308100e-010	
1.286354e+003	1.289652e-010	
1.286359e+003	1.271205e-010	
1.286364e+003	1.252757e-010	
1.286369e+003	1.234864e-010	
1.286374e+003	1.219869e-010	
1.286379e+003	1.206278e-010	
1.286384e+003	1.192686e-010	
1.286389e+003	1.179097e-010	
1.286394e+003	1.165506e-010	
1.286398e+003	1.151917e-010	
1.286403e+003	1.138327e-010	
1.286408e+003	1.124739e-010	
1.286413e+003	1.111151e-010	
1.286418e+003	1.097563e-010	
1.286423e+003	1.083974e-010	
1.286428e+003	1.070386e-010	
1.286433e+003	1.056801e-010	
1.286438e+003	1.043214e-010	
1.286442e+003	1.029628e-010	
1.286447e+003	1.016042e-010	
1.286452e+003	1.002456e-010	
1.286457e+003	9.888723e-011	
1.286462e+003	9.752870e-011	
1.286467e+003	9.618067e-011	
1.286472e+003	9.493239e-011	
1.286477e+003	9.391815e-011	
1.286481e+003	9.290393e-011	
1.286486e+003	9.188969e-011	
1.286491e+003	9.087557e-011	
1.286496e+003	8.986140e-011	
1.286501e+003	8.884733e-011	
1.286506e+003	8.783323e-011	
1.286511e+003	8.681926e-011	
1.286516e+003	8.580527e-011	
1.286521e+003	8.479126e-011	
1.286525e+003	8.377733e-011	
1.286530e+003	8.276343e-011	
1.286535e+003	8.174959e-011	
1.286540e+003	8.073571e-011	
1.286545e+003	7.972192e-011	
1.286550e+003	7.870811e-011	
1.286555e+003	7.769439e-011	
1.286560e+003	7.668065e-011	
1.286564e+003	7.566692e-011	
1.286569e+003	7.468001e-011	
1.286574e+003	7.385499e-011	
1.286579e+003	7.308756e-011	
1.286584e+003	7.232016e-011	
1.286589e+003	7.155278e-011	
1.286594e+003	7.078534e-011	
1.286599e+003	7.001801e-011	
1.286604e+003	6.925066e-011	
1.286608e+003	6.848339e-011	
1.286613e+003	6.771610e-011	
1.286618e+003	6.694887e-011	
1.286623e+003	6.618164e-011	
1.286628e+003	6.541445e-011	
1.286633e+003	6.464723e-011	
1.286638e+003	6.388012e-011	
1.286643e+003	6.311298e-011	
1.286647e+003	6.234586e-011	
1.286652e+003	6.157876e-011	
1.286657e+003	6.081166e-011	
1.286662e+003	6.004468e-011	
1.286667e+003	5.928336e-011	
1.286672e+003	5.857975e-011	
1.286677e+003	5.799722e-011	
1.286682e+003	5.741464e-011	
1.286687e+003	5.683214e-011	
1.286691e+003	5.624965e-011	
1.286696e+003	5.566714e-011	
1.286701e+003	5.508472e-011	
1.286706e+003	5.450226e-011	
1.286711e+003	5.391981e-011	
1.286716e+003	5.333742e-011	
1.286721e+003	5.275504e-011	
1.286726e+003	5.217269e-011	
1.286730e+003	5.159030e-011	
1.286735e+003	5.100803e-011	
1.286740e+003	5.042567e-011	
1.286745e+003	4.984339e-011	
1.286750e+003	4.926111e-011	
1.286755e+003	4.867882e-011	
1.286760e+003	4.809655e-011	
1.286765e+003	4.751434e-011	
1.286770e+003	4.694449e-011	
1.286774e+003	4.646491e-011	
1.286779e+003	4.601050e-011	
1.286784e+003	4.555612e-011	
1.286789e+003	4.510173e-011	
1.286794e+003	4.464736e-011	
1.286799e+003	4.419303e-011	
1.286804e+003	4.373867e-011	
1.286809e+003	4.328437e-011	
1.286813e+003	4.283007e-011	
1.286818e+003	4.237574e-011	
1.286823e+003	4.192145e-011	
1.286828e+003	4.146721e-011	
1.286833e+003	4.101294e-011	
1.286838e+003	4.055868e-011	
1.286843e+003	4.010445e-011	
1.286848e+003	3.965023e-011	
1.286853e+003	3.919602e-011	
1.286857e+003	3.874184e-011	
1.286862e+003	3.828763e-011	
1.286867e+003	3.783749e-011	
1.286872e+003	3.742478e-011	
1.286877e+003	3.707763e-011	
1.286882e+003	3.673047e-011	
1.286887e+003	3.638336e-011	
1.286892e+003	3.603626e-011	
1.286896e+003	3.568916e-011	
1.286901e+003	3.534205e-011	
1.286906e+003	3.499497e-011	
1.286911e+003	3.464790e-011	
1.286916e+003	3.430083e-011	
1.286921e+003	3.395380e-011	
1.286926e+003	3.360674e-011	
1.286931e+003	3.325972e-011	
1.286936e+003	3.291269e-011	
1.286940e+003	3.256569e-011	
1.286945e+003	3.221869e-011	
1.286950e+003	3.187167e-011	
1.286955e+003	3.152468e-011	
1.286960e+003	3.117772e-011	
1.286965e+003	3.083075e-011	
1.286970e+003	3.048976e-011	
1.286975e+003	3.020345e-011	
1.286979e+003	2.992660e-011	
1.286984e+003	2.964975e-011	
1.286989e+003	2.937292e-011	
1.286994e+003	2.909611e-011	
1.286999e+003	2.881928e-011	
1.287004e+003	2.854250e-011	
1.287009e+003	2.826570e-011	
1.287014e+003	2.798891e-011	
1.287019e+003	2.771213e-011	
1.287023e+003	2.743537e-011	
1.287028e+003	2.715859e-011	
1.287033e+003	2.688185e-011	
1.287038e+003	2.660512e-011	
1.287043e+003	2.632837e-011	
1.287048e+003	2.605164e-011	
1.287053e+003	2.577490e-011	
1.287058e+003	2.549818e-011	
1.287062e+003	2.522148e-011	
1.287067e+003	2.494708e-011	
1.287072e+003	2.469753e-011	
1.287077e+003	2.448278e-011	
1.287082e+003	2.426808e-011	
1.287087e+003	2.405338e-011	
1.287092e+003	2.383868e-011	
1.287097e+003	2.362400e-011	
1.287102e+003	2.340931e-011	
1.287106e+003	2.319464e-011	
1.287111e+003	2.297997e-011	
1.287116e+003	2.276529e-011	
1.287121e+003	2.255065e-011	
1.287126e+003	2.233599e-011	
1.287131e+003	2.212134e-011	
1.287136e+003	2.190670e-011	
1.287141e+003	2.169207e-011	
1.287146e+003	2.147744e-011	
1.287150e+003	2.126282e-011	
1.287155e+003	2.104821e-011	
1.287160e+003	2.083359e-011	
1.287165e+003	2.061899e-011	
1.287170e+003	2.040716e-011	
1.287175e+003	2.022972e-011	
1.287180e+003	2.005609e-011	
1.287185e+003	1.988247e-011	
1.287189e+003	1.970885e-011	
1.287194e+003	1.953524e-011	
1.287199e+003	1.936162e-011	
1.287204e+003	1.918802e-011	
1.287209e+003	1.901442e-011	
1.287214e+003	1.884083e-011	
1.287219e+003	1.866724e-011	
1.287224e+003	1.849365e-011	
1.287229e+003	1.832007e-011	
1.287233e+003	1.814650e-011	
1.287238e+003	1.797293e-011	
1.287243e+003	1.779937e-011	
1.287248e+003	1.762581e-011	
1.287253e+003	1.745225e-011	
1.287258e+003	1.727870e-011	
1.287263e+003	1.710516e-011	
1.287268e+003	1.693270e-011	
1.287272e+003	1.677507e-011	
1.287277e+003	1.663552e-011	
1.287282e+003	1.649597e-011	
1.287287e+003	1.635643e-011	
1.287292e+003	1.621689e-011	
1.287297e+003	1.607737e-011	
1.287302e+003	1.593784e-011	
1.287307e+003	1.579832e-011	
1.287312e+003	1.565880e-011	
1.287316e+003	1.551929e-011	
1.287321e+003	1.537978e-011	
1.287326e+003	1.524027e-011	
1.287331e+003	1.510077e-011	
1.287336e+003	1.496127e-011	
1.287341e+003	1.482177e-011	
1.287346e+003	1.468227e-011	
1.287351e+003	1.454279e-011	
1.287355e+003	1.440331e-011	
1.287360e+003	1.426383e-011	
1.287365e+003	1.412435e-011	
1.287370e+003	1.398679e-011	
1.287375e+003	1.387283e-011	
1.287380e+003	1.376013e-011	
1.287385e+003	1.364743e-011	
1.287390e+003	1.353473e-011	
1.287395e+003	1.342204e-011	
1.287399e+003	1.330937e-011	
1.287404e+003	1.319670e-011	
1.287409e+003	1.308403e-011	
1.287414e+003	1.297138e-011	
1.287419e+003	1.285873e-011	
1.287424e+003	1.274609e-011	
1.287429e+003	1.263345e-011	
1.287434e+003	1.252083e-011	
1.287438e+003	1.240821e-011	
1.287443e+003	1.229559e-011	
1.287448e+003	1.218299e-011	
1.287453e+003	1.207039e-011	
1.287458e+003	1.195779e-011	
1.287463e+003	1.184521e-011	
1.287468e+003	1.173309e-011	
1.287473e+003	1.163025e-011	
1.287478e+003	1.153623e-011	
1.287482e+003	1.144221e-011	
1.287487e+003	1.134820e-011	
1.287492e+003	1.125419e-011	
1.287497e+003	1.116019e-011	
1.287502e+003	1.106620e-011	
1.287507e+003	1.097221e-011	
1.287512e+003	1.087823e-011	
1.287517e+003	1.078425e-011	
1.287521e+003	1.069029e-011	
1.287526e+003	1.059632e-011	
1.287531e+003	1.050237e-011	
1.287536e+003	1.040842e-011	
1.287541e+003	1.031447e-011	
1.287546e+003	1.022053e-011	
1.287551e+003	1.012660e-011	
1.287556e+003	1.003267e-011	
1.287561e+003	9.938745e-012	
1.287565e+003	9.844853e-012	
1.287570e+003	9.752465e-012	
1.287575e+003	9.679199e-012	
1.287580e+003	9.605938e-012	
1.287585e+003	9.532680e-012	
1.287590e+003	9.459428e-012	
1.287595e+003	9.386184e-012	
1.287600e+003	9.312944e-012	
1.287604e+003	9.239710e-012	
1.287609e+003	9.166477e-012	
1.287614e+003	9.093251e-012	
1.287619e+003	9.020032e-012	
1.287624e+003	8.946817e-012	
1.287629e+003	8.873607e-012	
1.287634e+003	8.800403e-012	
1.287639e+003	8.727200e-012	
1.287644e+003	8.654006e-012	
1.287648e+003	8.580818e-012	
1.287653e+003	8.507629e-012	
1.287658e+003	8.434448e-012	
1.287663e+003	8.361268e-012	
1.287668e+003	8.288252e-012	
1.287673e+003	8.221383e-012	
1.287678e+003	8.159439e-012	
1.287683e+003	8.097502e-012	
1.287688e+003	8.035568e-012	
1.287692e+003	7.973637e-012	
1.287697e+003	7.911715e-012	
1.287702e+003	7.849793e-012	
1.287707e+003	7.787875e-012	
1.287712e+003	7.725963e-012	
1.287717e+003	7.664055e-012	
1.287722e+003	7.602153e-012	
1.287727e+003	7.540253e-012	
1.287731e+003	7.478356e-012	
1.287736e+003	7.416467e-012	
1.287741e+003	7.354580e-012	
1.287746e+003	7.292699e-012	
1.287751e+003	7.230817e-012	
1.287756e+003	7.168944e-012	
1.287761e+003	7.107071e-012	
1.287766e+003	7.045230e-012	
1.287771e+003	6.984679e-012	
1.287775e+003	6.936195e-012	
1.287780e+003	6.887715e-012	
1.287785e+003	6.839241e-012	
1.287790e+003	6.790767e-012	
1.287795e+003	6.742300e-012	
1.287800e+003	6.693833e-012	
1.287805e+003	6.645373e-012	
1.287810e+003	6.596915e-012	
1.287814e+003	6.548463e-012	
1.287819e+003	6.500014e-012	
1.287824e+003	6.451567e-012	
1.287829e+003	6.403125e-012	
1.287834e+003	6.354684e-012	
1.287839e+003	6.306248e-012	
1.287844e+003	6.257816e-012	
1.287849e+003	6.209387e-012	
1.287854e+003	6.160962e-012	
1.287858e+003	6.112540e-012	
1.287863e+003	6.064121e-012	
1.287868e+003	6.015782e-012	
1.287873e+003	5.970524e-012	
1.287878e+003	5.927283e-012	
1.287883e+003	5.884045e-012	
1.287888e+003	5.840809e-012	
1.287893e+003	5.797577e-012	
1.287897e+003	5.754348e-012	
1.287902e+003	5.711123e-012	
1.287907e+003	5.667901e-012	
1.287912e+003	5.624682e-012	
1.287917e+003	5.581466e-012	
1.287922e+003	5.538253e-012	
1.287927e+003	5.495043e-012	
1.287932e+003	5.451837e-012	
1.287937e+003	5.408632e-012	
1.287941e+003	5.365432e-012	
1.287946e+003	5.322234e-012	
1.287951e+003	5.279040e-012	
1.287956e+003	5.235848e-012	
1.287961e+003	5.192660e-012	
1.287966e+003	5.149473e-012	
1.287971e+003	5.107521e-012	
1.287976e+003	5.072550e-012	
1.287980e+003	5.037580e-012	
1.287985e+003	5.002614e-012	
1.287990e+003	4.967650e-012	
1.287995e+003	4.932690e-012	
