# format  : curve #1.x (tab) curve #1.y (tab) curve #2.x (tab) curve #2.y (tab) ...
# title   : Simulated Spectrum
# abscissa: Energy [eV]
# ordinate: Intensity [counts]
#==========================================================================================================
# Curve #1 (x,y): Config ##: 1
# Reference: W.S.M. Werner, W. Smekal and C. J. Powell, Simulation of Electron Spectra for Surface Analysis (SESSA V2.0) National Institute of Standards and Technology, Gaithersburg, MD (2010), 
# Reliability: 
# Remarks: 
#==========================================================================================================
1.278000e+003	1.178912e-007	
1.278005e+003	1.182194e-007	
1.278010e+003	1.185476e-007	
1.278015e+003	1.188756e-007	
1.278020e+003	1.192035e-007	
1.278024e+003	1.195317e-007	
1.278029e+003	1.198596e-007	
1.278034e+003	1.201876e-007	
1.278039e+003	1.205156e-007	
1.278044e+003	1.208436e-007	
1.278049e+003	1.211713e-007	
1.278054e+003	1.214992e-007	
1.278059e+003	1.218271e-007	
1.278063e+003	1.221548e-007	
1.278068e+003	1.224825e-007	
1.278073e+003	1.228271e-007	
1.278078e+003	1.231800e-007	
1.278083e+003	1.235326e-007	
1.278088e+003	1.238857e-007	
1.278093e+003	1.242385e-007	
1.278098e+003	1.245912e-007	
1.278103e+003	1.249440e-007	
1.278107e+003	1.252965e-007	
1.278112e+003	1.256492e-007	
1.278117e+003	1.260019e-007	
1.278122e+003	1.263543e-007	
1.278127e+003	1.267071e-007	
1.278132e+003	1.270599e-007	
1.278137e+003	1.274127e-007	
1.278142e+003	1.277651e-007	
1.278146e+003	1.281176e-007	
1.278151e+003	1.284703e-007	
1.278156e+003	1.288230e-007	
1.278161e+003	1.291753e-007	
1.278166e+003	1.295281e-007	
1.278171e+003	1.298864e-007	
1.278176e+003	1.302672e-007	
1.278181e+003	1.306488e-007	
1.278186e+003	1.310302e-007	
1.278190e+003	1.314113e-007	
1.278195e+003	1.317927e-007	
1.278200e+003	1.321738e-007	
1.278205e+003	1.325548e-007	
1.278210e+003	1.329359e-007	
1.278215e+003	1.333175e-007	
1.278220e+003	1.336988e-007	
1.278225e+003	1.340802e-007	
1.278229e+003	1.344614e-007	
1.278234e+003	1.348429e-007	
1.278239e+003	1.352241e-007	
1.278244e+003	1.356053e-007	
1.278249e+003	1.359865e-007	
1.278254e+003	1.363676e-007	
1.278259e+003	1.367487e-007	
1.278264e+003	1.371299e-007	
1.278269e+003	1.375113e-007	
1.278273e+003	1.379157e-007	
1.278278e+003	1.383297e-007	
1.278283e+003	1.387440e-007	
1.278288e+003	1.391581e-007	
1.278293e+003	1.395724e-007	
1.278298e+003	1.399866e-007	
1.278303e+003	1.404006e-007	
1.278308e+003	1.408144e-007	
1.278312e+003	1.412285e-007	
1.278317e+003	1.416423e-007	
1.278322e+003	1.420564e-007	
1.278327e+003	1.424704e-007	
1.278332e+003	1.428844e-007	
1.278337e+003	1.432983e-007	
1.278342e+003	1.437122e-007	
1.278347e+003	1.441260e-007	
1.278352e+003	1.445402e-007	
1.278356e+003	1.449541e-007	
1.278361e+003	1.453681e-007	
1.278366e+003	1.457819e-007	
1.278371e+003	1.462049e-007	
1.278376e+003	1.466553e-007	
1.278381e+003	1.471065e-007	
1.278386e+003	1.475579e-007	
1.278391e+003	1.480091e-007	
1.278396e+003	1.484605e-007	
1.278400e+003	1.489118e-007	
1.278405e+003	1.493633e-007	
1.278410e+003	1.498146e-007	
1.278415e+003	1.502660e-007	
1.278420e+003	1.507172e-007	
1.278425e+003	1.511684e-007	
1.278430e+003	1.516196e-007	
1.278435e+003	1.520704e-007	
1.278439e+003	1.525220e-007	
1.278444e+003	1.529729e-007	
1.278449e+003	1.534245e-007	
1.278454e+003	1.538756e-007	
1.278459e+003	1.543266e-007	
1.278464e+003	1.547780e-007	
1.278469e+003	1.552286e-007	
1.278474e+003	1.557130e-007	
1.278479e+003	1.562077e-007	
1.278483e+003	1.567021e-007	
1.278488e+003	1.571973e-007	
1.278493e+003	1.576922e-007	
1.278498e+003	1.581868e-007	
1.278503e+003	1.586819e-007	
1.278508e+003	1.591766e-007	
1.278513e+003	1.596714e-007	
1.278518e+003	1.601661e-007	
1.278522e+003	1.606609e-007	
1.278527e+003	1.611552e-007	
1.278532e+003	1.616502e-007	
1.278537e+003	1.621449e-007	
1.278542e+003	1.626393e-007	
1.278547e+003	1.631332e-007	
1.278552e+003	1.636281e-007	
1.278557e+003	1.641227e-007	
1.278562e+003	1.646170e-007	
1.278566e+003	1.651118e-007	
1.278571e+003	1.656218e-007	
1.278576e+003	1.661642e-007	
1.278581e+003	1.667087e-007	
1.278586e+003	1.672526e-007	
1.278591e+003	1.677966e-007	
1.278596e+003	1.683411e-007	
1.278601e+003	1.688852e-007	
1.278605e+003	1.694294e-007	
1.278610e+003	1.699737e-007	
1.278615e+003	1.705172e-007	
1.278620e+003	1.710613e-007	
1.278625e+003	1.716050e-007	
1.278630e+003	1.721487e-007	
1.278635e+003	1.726923e-007	
1.278640e+003	1.732368e-007	
1.278645e+003	1.737805e-007	
1.278649e+003	1.743248e-007	
1.278654e+003	1.748688e-007	
1.278659e+003	1.754132e-007	
1.278664e+003	1.759571e-007	
1.278669e+003	1.765014e-007	
1.278674e+003	1.770920e-007	
1.278679e+003	1.776951e-007	
1.278684e+003	1.782981e-007	
1.278688e+003	1.789018e-007	
1.278693e+003	1.795057e-007	
1.278698e+003	1.801086e-007	
1.278703e+003	1.807124e-007	
1.278708e+003	1.813155e-007	
1.278713e+003	1.819192e-007	
1.278718e+003	1.825228e-007	
1.278723e+003	1.831261e-007	
1.278728e+003	1.837292e-007	
1.278732e+003	1.843330e-007	
1.278737e+003	1.849364e-007	
1.278742e+003	1.855400e-007	
1.278747e+003	1.861431e-007	
1.278752e+003	1.867469e-007	
1.278757e+003	1.873506e-007	
1.278762e+003	1.879537e-007	
1.278767e+003	1.885570e-007	
1.278771e+003	1.891849e-007	
1.278776e+003	1.898546e-007	
1.278781e+003	1.905273e-007	
1.278786e+003	1.912004e-007	
1.278791e+003	1.918730e-007	
1.278796e+003	1.925455e-007	
1.278801e+003	1.932185e-007	
1.278806e+003	1.938916e-007	
1.278811e+003	1.945640e-007	
1.278815e+003	1.952374e-007	
1.278820e+003	1.959101e-007	
1.278825e+003	1.965832e-007	
1.278830e+003	1.972560e-007	
1.278835e+003	1.979287e-007	
1.278840e+003	1.986013e-007	
1.278845e+003	1.992748e-007	
1.278850e+003	1.999475e-007	
1.278854e+003	2.006209e-007	
1.278859e+003	2.012942e-007	
1.278864e+003	2.019671e-007	
1.278869e+003	2.026402e-007	
1.278874e+003	2.033954e-007	
1.278879e+003	2.041668e-007	
1.278884e+003	2.049389e-007	
1.278889e+003	2.057112e-007	
1.278894e+003	2.064830e-007	
1.278898e+003	2.072550e-007	
1.278903e+003	2.080272e-007	
1.278908e+003	2.087990e-007	
1.278913e+003	2.095713e-007	
1.278918e+003	2.103437e-007	
1.278923e+003	2.111160e-007	
1.278928e+003	2.118882e-007	
1.278933e+003	2.126605e-007	
1.278938e+003	2.134328e-007	
1.278942e+003	2.142052e-007	
1.278947e+003	2.149776e-007	
1.278952e+003	2.157501e-007	
1.278957e+003	2.165223e-007	
1.278962e+003	2.172950e-007	
1.278967e+003	2.180678e-007	
1.278972e+003	2.188840e-007	
1.278977e+003	2.197586e-007	
1.278981e+003	2.206393e-007	
1.278986e+003	2.215198e-007	
1.278991e+003	2.224006e-007	
1.278996e+003	2.232811e-007	
1.279001e+003	2.241620e-007	
1.279006e+003	2.250423e-007	
1.279011e+003	2.259230e-007	
1.279016e+003	2.268044e-007	
1.279021e+003	2.276852e-007	
1.279025e+003	2.285661e-007	
1.279030e+003	2.294472e-007	
1.279035e+003	2.303283e-007	
1.279040e+003	2.312095e-007	
1.279045e+003	2.320908e-007	
1.279050e+003	2.329715e-007	
1.279055e+003	2.338531e-007	
1.279060e+003	2.347345e-007	
1.279064e+003	2.356157e-007	
1.279069e+003	2.364974e-007	
1.279074e+003	2.374847e-007	
1.279079e+003	2.384866e-007	
1.279084e+003	2.394897e-007	
1.279089e+003	2.404920e-007	
1.279094e+003	2.414947e-007	
1.279099e+003	2.424976e-007	
1.279104e+003	2.435002e-007	
1.279108e+003	2.445032e-007	
1.279113e+003	2.455058e-007	
1.279118e+003	2.465086e-007	
1.279123e+003	2.475118e-007	
1.279128e+003	2.485146e-007	
1.279133e+003	2.495177e-007	
1.279138e+003	2.505210e-007	
1.279143e+003	2.515243e-007	
1.279147e+003	2.525274e-007	
1.279152e+003	2.535310e-007	
1.279157e+003	2.545344e-007	
1.279162e+003	2.555379e-007	
1.279167e+003	2.565415e-007	
1.279172e+003	2.576099e-007	
1.279177e+003	2.587520e-007	
1.279182e+003	2.599038e-007	
1.279187e+003	2.610555e-007	
1.279191e+003	2.622073e-007	
1.279196e+003	2.633592e-007	
1.279201e+003	2.645110e-007	
1.279206e+003	2.656634e-007	
1.279211e+003	2.668155e-007	
1.279216e+003	2.679678e-007	
1.279221e+003	2.691202e-007	
1.279226e+003	2.702723e-007	
1.279230e+003	2.714248e-007	
1.279235e+003	2.725770e-007	
1.279240e+003	2.737298e-007	
1.279245e+003	2.748825e-007	
1.279250e+003	2.760353e-007	
1.279255e+003	2.771879e-007	
1.279260e+003	2.783404e-007	
1.279265e+003	2.794933e-007	
1.279270e+003	2.806503e-007	
1.279274e+003	2.819595e-007	
1.279279e+003	2.832909e-007	
1.279284e+003	2.846220e-007	
1.279289e+003	2.859527e-007	
1.279294e+003	2.872845e-007	
1.279299e+003	2.886162e-007	
1.279304e+003	2.899476e-007	
1.279309e+003	2.912791e-007	
1.279313e+003	2.926108e-007	
1.279318e+003	2.939425e-007	
1.279323e+003	2.952742e-007	
1.279328e+003	2.966061e-007	
1.279333e+003	2.979383e-007	
1.279338e+003	2.992698e-007	
1.279343e+003	3.006020e-007	
1.279348e+003	3.019340e-007	
1.279353e+003	3.032664e-007	
1.279357e+003	3.045990e-007	
1.279362e+003	3.059315e-007	
1.279367e+003	3.072640e-007	
1.279372e+003	3.087009e-007	
1.279377e+003	3.102372e-007	
1.279382e+003	3.117862e-007	
1.279387e+003	3.133353e-007	
1.279392e+003	3.148833e-007	
1.279396e+003	3.164327e-007	
1.279401e+003	3.179823e-007	
1.279406e+003	3.195318e-007	
1.279411e+003	3.210807e-007	
1.279416e+003	3.226300e-007	
1.279421e+003	3.241799e-007	
1.279426e+003	3.257292e-007	
1.279431e+003	3.272794e-007	
1.279436e+003	3.288291e-007	
1.279440e+003	3.303790e-007	
1.279445e+003	3.319285e-007	
1.279450e+003	3.334777e-007	
1.279455e+003	3.350286e-007	
1.279460e+003	3.365784e-007	
1.279465e+003	3.381298e-007	
1.279470e+003	3.397026e-007	
1.279475e+003	3.414829e-007	
1.279479e+003	3.433003e-007	
1.279484e+003	3.451170e-007	
1.279489e+003	3.469345e-007	
1.279494e+003	3.487516e-007	
1.279499e+003	3.505693e-007	
1.279504e+003	3.523869e-007	
1.279509e+003	3.542034e-007	
1.279514e+003	3.560214e-007	
1.279519e+003	3.578388e-007	
1.279523e+003	3.596568e-007	
1.279528e+003	3.614745e-007	
1.279533e+003	3.632921e-007	
1.279538e+003	3.651106e-007	
1.279543e+003	3.669283e-007	
1.279548e+003	3.687470e-007	
1.279553e+003	3.705654e-007	
1.279558e+003	3.723843e-007	
1.279562e+003	3.742026e-007	
1.279567e+003	3.760208e-007	
1.279572e+003	3.780147e-007	
1.279577e+003	3.801431e-007	
1.279582e+003	3.822908e-007	
1.279587e+003	3.844383e-007	
1.279592e+003	3.865861e-007	
1.279597e+003	3.887338e-007	
1.279602e+003	3.908818e-007	
1.279606e+003	3.930301e-007	
1.279611e+003	3.951785e-007	
1.279616e+003	3.973262e-007	
1.279621e+003	3.994749e-007	
1.279626e+003	4.016227e-007	
1.279631e+003	4.037715e-007	
1.279636e+003	4.059201e-007	
1.279641e+003	4.080686e-007	
1.279646e+003	4.102173e-007	
1.279650e+003	4.123661e-007	
1.279655e+003	4.145151e-007	
1.279660e+003	4.166636e-007	
1.279665e+003	4.188135e-007	
1.279670e+003	4.210146e-007	
1.279675e+003	4.235196e-007	
1.279680e+003	4.260856e-007	
1.279685e+003	4.286524e-007	
1.279689e+003	4.312189e-007	
1.279694e+003	4.337863e-007	
1.279699e+003	4.363529e-007	
1.279704e+003	4.389205e-007	
1.279709e+003	4.414871e-007	
1.279714e+003	4.440545e-007	
1.279719e+003	4.466218e-007	
1.279724e+003	4.491897e-007	
1.279729e+003	4.517576e-007	
1.279733e+003	4.543255e-007	
1.279738e+003	4.568930e-007	
1.279743e+003	4.594608e-007	
1.279748e+003	4.620286e-007	
1.279753e+003	4.645966e-007	
1.279758e+003	4.671640e-007	
1.279763e+003	4.697325e-007	
1.279768e+003	4.723007e-007	
1.279772e+003	4.751610e-007	
1.279777e+003	4.782252e-007	
1.279782e+003	4.813186e-007	
1.279787e+003	4.844133e-007	
1.279792e+003	4.875081e-007	
1.279797e+003	4.906013e-007	
1.279802e+003	4.936952e-007	
1.279807e+003	4.967897e-007	
1.279812e+003	4.998840e-007	
1.279816e+003	5.029779e-007	
1.279821e+003	5.060717e-007	
1.279826e+003	5.091661e-007	
1.279831e+003	5.122606e-007	
1.279836e+003	5.153552e-007	
1.279841e+003	5.184494e-007	
1.279846e+003	5.215436e-007	
1.279851e+003	5.246380e-007	
1.279855e+003	5.277333e-007	
1.279860e+003	5.308266e-007	
1.279865e+003	5.339215e-007	
1.279870e+003	5.371265e-007	
1.279875e+003	5.408002e-007	
1.279880e+003	5.445672e-007	
1.279885e+003	5.483345e-007	
1.279890e+003	5.521027e-007	
1.279895e+003	5.558692e-007	
1.279899e+003	5.596369e-007	
1.279904e+003	5.634043e-007	
1.279909e+003	5.671718e-007	
1.279914e+003	5.709385e-007	
1.279919e+003	5.747052e-007	
1.279924e+003	5.784726e-007	
1.279929e+003	5.822392e-007	
1.279934e+003	5.860062e-007	
1.279938e+003	5.897729e-007	
1.279943e+003	5.935395e-007	
1.279948e+003	5.973055e-007	
1.279953e+003	6.010716e-007	
1.279958e+003	6.048372e-007	
1.279963e+003	6.086034e-007	
1.279968e+003	6.123689e-007	
1.279973e+003	6.166576e-007	
1.279978e+003	6.212482e-007	
1.279982e+003	6.258821e-007	
1.279987e+003	6.305184e-007	
1.279992e+003	6.351528e-007	
1.279997e+003	6.397869e-007	
1.280002e+003	6.444229e-007	
1.280007e+003	6.490571e-007	
1.280012e+003	6.536907e-007	
1.280017e+003	6.583247e-007	
1.280021e+003	6.629566e-007	
1.280026e+003	6.675895e-007	
1.280031e+003	6.722227e-007	
1.280036e+003	6.768560e-007	
1.280041e+003	6.814874e-007	
1.280046e+003	6.861202e-007	
1.280051e+003	6.907505e-007	
1.280056e+003	6.953830e-007	
1.280061e+003	7.000136e-007	
1.280065e+003	7.046445e-007	
1.280070e+003	7.095231e-007	
1.280075e+003	7.151141e-007	
1.280080e+003	7.208678e-007	
1.280085e+003	7.266203e-007	
1.280090e+003	7.323744e-007	
1.280095e+003	7.381269e-007	
1.280100e+003	7.438800e-007	
1.280104e+003	7.496308e-007	
1.280109e+003	7.553838e-007	
1.280114e+003	7.611338e-007	
1.280119e+003	7.668846e-007	
1.280124e+003	7.726342e-007	
1.280129e+003	7.783838e-007	
1.280134e+003	7.841340e-007	
1.280139e+003	7.898836e-007	
1.280144e+003	7.956319e-007	
1.280148e+003	8.013811e-007	
1.280153e+003	8.071280e-007	
1.280158e+003	8.128744e-007	
1.280163e+003	8.186220e-007	
1.280168e+003	8.243686e-007	
1.280173e+003	8.310350e-007	
1.280178e+003	8.382000e-007	
1.280183e+003	8.454318e-007	
1.280188e+003	8.526616e-007	
1.280192e+003	8.598902e-007	
1.280197e+003	8.671199e-007	
1.280202e+003	8.743481e-007	
1.280207e+003	8.815764e-007	
1.280212e+003	8.888040e-007	
1.280217e+003	8.960308e-007	
1.280222e+003	9.032579e-007	
1.280227e+003	9.104835e-007	
1.280231e+003	9.177078e-007	
1.280236e+003	9.249321e-007	
1.280241e+003	9.321566e-007	
1.280246e+003	9.393804e-007	
1.280251e+003	9.466033e-007	
1.280256e+003	9.538255e-007	
1.280261e+003	9.610468e-007	
1.280266e+003	9.682682e-007	
1.280271e+003	9.759740e-007	
1.280275e+003	9.848279e-007	
1.280280e+003	9.939732e-007	
1.280285e+003	1.003117e-006	
1.280290e+003	1.012262e-006	
1.280295e+003	1.021406e-006	
1.280300e+003	1.030550e-006	
1.280305e+003	1.039692e-006	
1.280310e+003	1.048833e-006	
1.280314e+003	1.057975e-006	
1.280319e+003	1.067115e-006	
1.280324e+003	1.076254e-006	
1.280329e+003	1.085393e-006	
1.280334e+003	1.094532e-006	
1.280339e+003	1.103670e-006	
1.280344e+003	1.112807e-006	
1.280349e+003	1.121941e-006	
1.280354e+003	1.131079e-006	
1.280358e+003	1.140213e-006	
1.280363e+003	1.149348e-006	
1.280368e+003	1.158480e-006	
1.280373e+003	1.169220e-006	
1.280378e+003	1.180709e-006	
1.280383e+003	1.192278e-006	
1.280388e+003	1.203848e-006	
1.280393e+003	1.215417e-006	
1.280397e+003	1.226985e-006	
1.280402e+003	1.238553e-006	
1.280407e+003	1.250120e-006	
1.280412e+003	1.261689e-006	
1.280417e+003	1.273254e-006	
1.280422e+003	1.284819e-006	
1.280427e+003	1.296385e-006	
1.280432e+003	1.307948e-006	
1.280437e+003	1.319512e-006	
1.280441e+003	1.331075e-006	
1.280446e+003	1.342636e-006	
1.280451e+003	1.354195e-006	
1.280456e+003	1.365755e-006	
1.280461e+003	1.377315e-006	
1.280466e+003	1.388873e-006	
1.280471e+003	1.401313e-006	
1.280476e+003	1.415370e-006	
1.280480e+003	1.429864e-006	
1.280485e+003	1.444360e-006	
1.280490e+003	1.458855e-006	
1.280495e+003	1.473350e-006	
1.280500e+003	1.487840e-006	
1.280505e+003	1.502336e-006	
1.280510e+003	1.516830e-006	
1.280515e+003	1.531320e-006	
1.280520e+003	1.545812e-006	
1.280524e+003	1.560306e-006	
1.280529e+003	1.574795e-006	
1.280534e+003	1.589285e-006	
1.280539e+003	1.603774e-006	
1.280544e+003	1.618262e-006	
1.280549e+003	1.632751e-006	
1.280554e+003	1.647241e-006	
1.280559e+003	1.661726e-006	
1.280563e+003	1.676213e-006	
1.280568e+003	1.690699e-006	
1.280573e+003	1.707337e-006	
1.280578e+003	1.724865e-006	
1.280583e+003	1.742454e-006	
1.280588e+003	1.760041e-006	
1.280593e+003	1.777627e-006	
1.280598e+003	1.795213e-006	
1.280603e+003	1.812797e-006	
1.280607e+003	1.830385e-006	
1.280612e+003	1.847970e-006	
1.280617e+003	1.865551e-006	
1.280622e+003	1.883140e-006	
1.280627e+003	1.900726e-006	
1.280632e+003	1.918309e-006	
1.280637e+003	1.935894e-006	
1.280642e+003	1.953475e-006	
1.280646e+003	1.971060e-006	
1.280651e+003	1.988642e-006	
1.280656e+003	2.006224e-006	
1.280661e+003	2.023811e-006	
1.280666e+003	2.041393e-006	
1.280671e+003	2.059751e-006	
1.280676e+003	2.079349e-006	
1.280681e+003	2.099308e-006	
1.280686e+003	2.119267e-006	
1.280690e+003	2.139223e-006	
1.280695e+003	2.159182e-006	
1.280700e+003	2.179142e-006	
1.280705e+003	2.199098e-006	
1.280710e+003	2.219058e-006	
1.280715e+003	2.239016e-006	
1.280720e+003	2.258973e-006	
1.280725e+003	2.278933e-006	
1.280729e+003	2.298889e-006	
1.280734e+003	2.318849e-006	
1.280739e+003	2.338805e-006	
1.280744e+003	2.358765e-006	
1.280749e+003	2.378725e-006	
1.280754e+003	2.398680e-006	
1.280759e+003	2.418640e-006	
1.280764e+003	2.438601e-006	
1.280769e+003	2.458559e-006	
1.280773e+003	2.478303e-006	
1.280778e+003	2.497963e-006	
1.280783e+003	2.517617e-006	
1.280788e+003	2.537274e-006	
1.280793e+003	2.556932e-006	
1.280798e+003	2.576591e-006	
1.280803e+003	2.596252e-006	
1.280808e+003	2.615908e-006	
1.280812e+003	2.635568e-006	
1.280817e+003	2.655224e-006	
1.280822e+003	2.674885e-006	
1.280827e+003	2.694544e-006	
1.280832e+003	2.714198e-006	
1.280837e+003	2.733861e-006	
1.280842e+003	2.753525e-006	
1.280847e+003	2.773185e-006	
1.280852e+003	2.792845e-006	
1.280856e+003	2.812505e-006	
1.280861e+003	2.832167e-006	
1.280866e+003	2.851827e-006	
1.280871e+003	2.869604e-006	
1.280876e+003	2.884773e-006	
1.280881e+003	2.899235e-006	
1.280886e+003	2.913694e-006	
1.280891e+003	2.928153e-006	
1.280896e+003	2.942611e-006	
1.280900e+003	2.957073e-006	
1.280905e+003	2.971532e-006	
1.280910e+003	2.985991e-006	
1.280915e+003	3.000450e-006	
1.280920e+003	3.014914e-006	
1.280925e+003	3.029376e-006	
1.280930e+003	3.043837e-006	
1.280935e+003	3.058297e-006	
1.280939e+003	3.072760e-006	
1.280944e+003	3.087227e-006	
1.280949e+003	3.101692e-006	
1.280954e+003	3.116154e-006	
1.280959e+003	3.130619e-006	
1.280964e+003	3.145086e-006	
1.280969e+003	3.159162e-006	
1.280974e+003	3.165633e-006	
1.280979e+003	3.168918e-006	
1.280983e+003	3.172207e-006	
1.280988e+003	3.175498e-006	
1.280993e+003	3.178783e-006	
1.280998e+003	3.182073e-006	
1.281003e+003	3.185361e-006	
1.281008e+003	3.188655e-006	
1.281013e+003	3.191944e-006	
1.281018e+003	3.195233e-006	
1.281022e+003	3.198527e-006	
1.281027e+003	3.201822e-006	
1.281032e+003	3.205114e-006	
1.281037e+003	3.208407e-006	
1.281042e+003	3.211700e-006	
1.281047e+003	3.214994e-006	
1.281052e+003	3.218292e-006	
1.281057e+003	3.221584e-006	
1.281062e+003	3.224879e-006	
1.281066e+003	3.228179e-006	
1.281071e+003	3.220790e-006	
1.281076e+003	3.200921e-006	
1.281081e+003	3.177668e-006	
1.281086e+003	3.154417e-006	
1.281091e+003	3.131164e-006	
1.281096e+003	3.107913e-006	
1.281101e+003	3.084659e-006	
1.281105e+003	3.061409e-006	
1.281110e+003	3.038163e-006	
1.281115e+003	3.014912e-006	
1.281120e+003	2.991663e-006	
1.281125e+003	2.968411e-006	
1.281130e+003	2.945168e-006	
1.281135e+003	2.921921e-006	
1.281140e+003	2.898674e-006	
1.281145e+003	2.875427e-006	
1.281149e+003	2.852185e-006	
1.281154e+003	2.828941e-006	
1.281159e+003	2.805693e-006	
1.281164e+003	2.782446e-006	
1.281169e+003	2.758117e-006	
1.281174e+003	2.723460e-006	
1.281179e+003	2.684087e-006	
1.281184e+003	2.644708e-006	
1.281188e+003	2.605333e-006	
1.281193e+003	2.565963e-006	
1.281198e+003	2.526592e-006	
1.281203e+003	2.487217e-006	
1.281208e+003	2.447849e-006	
1.281213e+003	2.408478e-006	
1.281218e+003	2.369106e-006	
1.281223e+003	2.329735e-006	
1.281228e+003	2.290366e-006	
1.281232e+003	2.250995e-006	
1.281237e+003	2.211626e-006	
1.281242e+003	2.172256e-006	
1.281247e+003	2.132889e-006	
1.281252e+003	2.093521e-006	
1.281257e+003	2.054152e-006	
1.281262e+003	2.014785e-006	
1.281267e+003	1.975417e-006	
1.281271e+003	1.938199e-006	
1.281276e+003	1.903305e-006	
1.281281e+003	1.869030e-006	
1.281286e+003	1.834754e-006	
1.281291e+003	1.800482e-006	
1.281296e+003	1.766210e-006	
1.281301e+003	1.731937e-006	
1.281306e+003	1.697664e-006	
1.281311e+003	1.663392e-006	
1.281315e+003	1.629121e-006	
1.281320e+003	1.594847e-006	
1.281325e+003	1.560577e-006	
1.281330e+003	1.526304e-006	
1.281335e+003	1.492037e-006	
1.281340e+003	1.457764e-006	
1.281345e+003	1.423493e-006	
1.281350e+003	1.389223e-006	
1.281354e+003	1.354956e-006	
1.281359e+003	1.320685e-006	
1.281364e+003	1.286413e-006	
1.281369e+003	1.253371e-006	
1.281374e+003	1.227860e-006	
1.281379e+003	1.205687e-006	
1.281384e+003	1.183519e-006	
1.281389e+003	1.161349e-006	
1.281394e+003	1.139178e-006	
1.281398e+003	1.117010e-006	
1.281403e+003	1.094839e-006	
1.281408e+003	1.072670e-006	
1.281413e+003	1.050502e-006	
1.281418e+003	1.028334e-006	
1.281423e+003	1.006164e-006	
1.281428e+003	9.839947e-007	
1.281433e+003	9.618271e-007	
1.281438e+003	9.396592e-007	
1.281442e+003	9.174923e-007	
1.281447e+003	8.953239e-007	
1.281452e+003	8.731550e-007	
1.281457e+003	8.509874e-007	
1.281462e+003	8.288202e-007	
1.281467e+003	8.066520e-007	
1.281472e+003	7.890142e-007	
1.281477e+003	7.757550e-007	
1.281481e+003	7.635415e-007	
1.281486e+003	7.513262e-007	
1.281491e+003	7.391120e-007	
1.281496e+003	7.268982e-007	
1.281501e+003	7.146833e-007	
1.281506e+003	7.024700e-007	
1.281511e+003	6.902560e-007	
1.281516e+003	6.780427e-007	
1.281521e+003	6.658292e-007	
1.281525e+003	6.536151e-007	
1.281530e+003	6.414016e-007	
1.281535e+003	6.291886e-007	
1.281540e+003	6.169755e-007	
1.281545e+003	6.047621e-007	
1.281550e+003	5.925507e-007	
1.281555e+003	5.803375e-007	
1.281560e+003	5.681250e-007	
1.281564e+003	5.559118e-007	
1.281569e+003	5.446025e-007	
1.281574e+003	5.368876e-007	
1.281579e+003	5.308469e-007	
1.281584e+003	5.248068e-007	
1.281589e+003	5.187666e-007	
1.281594e+003	5.127264e-007	
1.281599e+003	5.066859e-007	
1.281604e+003	5.006456e-007	
1.281608e+003	4.946053e-007	
1.281613e+003	4.885655e-007	
1.281618e+003	4.825254e-007	
1.281623e+003	4.764861e-007	
1.281628e+003	4.704463e-007	
1.281633e+003	4.644069e-007	
1.281638e+003	4.583672e-007	
1.281643e+003	4.523285e-007	
1.281647e+003	4.462886e-007	
1.281652e+003	4.402495e-007	
1.281657e+003	4.342106e-007	
1.281662e+003	4.281716e-007	
1.281667e+003	4.221326e-007	
1.281672e+003	4.177034e-007	
1.281677e+003	4.147770e-007	
1.281682e+003	4.121727e-007	
1.281687e+003	4.095688e-007	
1.281691e+003	4.069650e-007	
1.281696e+003	4.043606e-007	
1.281701e+003	4.017571e-007	
1.281706e+003	3.991530e-007	
1.281711e+003	3.965493e-007	
1.281716e+003	3.939454e-007	
1.281721e+003	3.913418e-007	
1.281726e+003	3.887382e-007	
1.281730e+003	3.861352e-007	
1.281735e+003	3.835318e-007	
1.281740e+003	3.809286e-007	
1.281745e+003	3.783252e-007	
1.281750e+003	3.757221e-007	
1.281755e+003	3.731197e-007	
1.281760e+003	3.705167e-007	
1.281765e+003	3.679139e-007	
1.281770e+003	3.656376e-007	
1.281774e+003	3.644165e-007	
1.281779e+003	3.637122e-007	
1.281784e+003	3.630085e-007	
1.281789e+003	3.623040e-007	
1.281794e+003	3.615999e-007	
1.281799e+003	3.608955e-007	
1.281804e+003	3.601913e-007	
1.281809e+003	3.594878e-007	
1.281813e+003	3.587838e-007	
1.281818e+003	3.580801e-007	
1.281823e+003	3.573762e-007	
1.281828e+003	3.566723e-007	
1.281833e+003	3.559700e-007	
1.281838e+003	3.552660e-007	
1.281843e+003	3.545628e-007	
1.281848e+003	3.538595e-007	
1.281853e+003	3.531565e-007	
1.281857e+003	3.524538e-007	
1.281862e+003	3.517505e-007	
1.281867e+003	3.510477e-007	
1.281872e+003	3.508974e-007	
1.281877e+003	3.512166e-007	
1.281882e+003	3.516188e-007	
1.281887e+003	3.520213e-007	
1.281892e+003	3.524231e-007	
1.281896e+003	3.528259e-007	
1.281901e+003	3.532285e-007	
1.281906e+003	3.536309e-007	
1.281911e+003	3.540337e-007	
1.281916e+003	3.544364e-007	
1.281921e+003	3.548392e-007	
1.281926e+003	3.552420e-007	
1.281931e+003	3.556450e-007	
1.281936e+003	3.560488e-007	
1.281940e+003	3.564517e-007	
1.281945e+003	3.568548e-007	
1.281950e+003	3.572587e-007	
1.281955e+003	3.576623e-007	
1.281960e+003	3.580652e-007	
1.281965e+003	3.584693e-007	
1.281970e+003	3.590245e-007	
1.281975e+003	3.599634e-007	
1.281979e+003	3.610899e-007	
1.281984e+003	3.622170e-007	
1.281989e+003	3.633436e-007	
1.281994e+003	3.644704e-007	
1.281999e+003	3.655975e-007	
1.282004e+003	3.667242e-007	
1.282009e+003	3.678519e-007	
1.282014e+003	3.689789e-007	
1.282019e+003	3.701063e-007	
1.282023e+003	3.712339e-007	
1.282028e+003	3.723615e-007	
1.282033e+003	3.734892e-007	
1.282038e+003	3.746170e-007	
1.282043e+003	3.757451e-007	
1.282048e+003	3.768726e-007	
1.282053e+003	3.780007e-007	
1.282058e+003	3.791287e-007	
1.282062e+003	3.802572e-007	
1.282067e+003	3.813850e-007	
1.282072e+003	3.828054e-007	
1.282077e+003	3.844610e-007	
1.282082e+003	3.861457e-007	
1.282087e+003	3.878298e-007	
1.282092e+003	3.895144e-007	
1.282097e+003	3.911984e-007	
1.282102e+003	3.928837e-007	
1.282106e+003	3.945684e-007	
1.282111e+003	3.962527e-007	
1.282116e+003	3.979378e-007	
1.282121e+003	3.996225e-007	
1.282126e+003	4.013073e-007	
1.282131e+003	4.029924e-007	
1.282136e+003	4.046775e-007	
1.282141e+003	4.063625e-007	
1.282146e+003	4.080481e-007	
1.282150e+003	4.097339e-007	
1.282155e+003	4.114194e-007	
1.282160e+003	4.131051e-007	
1.282165e+003	4.147905e-007	
1.282170e+003	4.165950e-007	
1.282175e+003	4.186643e-007	
1.282180e+003	4.208650e-007	
1.282185e+003	4.230666e-007	
1.282189e+003	4.252675e-007	
1.282194e+003	4.274686e-007	
1.282199e+003	4.296702e-007	
1.282204e+003	4.318720e-007	
1.282209e+003	4.340735e-007	
1.282214e+003	4.362750e-007	
1.282219e+003	4.384765e-007	
1.282224e+003	4.406786e-007	
1.282229e+003	4.428804e-007	
1.282233e+003	4.450827e-007	
1.282238e+003	4.472849e-007	
1.282243e+003	4.494871e-007	
1.282248e+003	4.516892e-007	
1.282253e+003	4.538915e-007	
1.282258e+003	4.560941e-007	
1.282263e+003	4.582965e-007	
1.282268e+003	4.604992e-007	
1.282272e+003	4.629890e-007	
1.282277e+003	4.657151e-007	
1.282282e+003	4.684588e-007	
1.282287e+003	4.712016e-007	
1.282292e+003	4.739453e-007	
1.282297e+003	4.766895e-007	
1.282302e+003	4.794323e-007	
1.282307e+003	4.821763e-007	
1.282312e+003	4.849203e-007	
1.282316e+003	4.876638e-007	
1.282321e+003	4.904080e-007	
1.282326e+003	4.931516e-007	
1.282331e+003	4.958963e-007	
1.282336e+003	4.986409e-007	
1.282341e+003	5.013853e-007	
1.282346e+003	5.041296e-007	
1.282351e+003	5.068734e-007	
1.282355e+003	5.096188e-007	
1.282360e+003	5.123631e-007	
1.282365e+003	5.151074e-007	
1.282370e+003	5.180140e-007	
1.282375e+003	5.212365e-007	
1.282380e+003	5.246052e-007	
1.282385e+003	5.279741e-007	
1.282390e+003	5.313431e-007	
1.282395e+003	5.347120e-007	
1.282399e+003	5.380807e-007	
1.282404e+003	5.414491e-007	
1.282409e+003	5.448186e-007	
1.282414e+003	5.481874e-007	
1.282419e+003	5.515562e-007	
1.282424e+003	5.549260e-007	
1.282429e+003	5.582953e-007	
1.282434e+003	5.616643e-007	
1.282438e+003	5.650340e-007	
1.282443e+003	5.684032e-007	
1.282448e+003	5.717729e-007	
1.282453e+003	5.751422e-007	
1.282458e+003	5.785119e-007	
1.282463e+003	5.818818e-007	
1.282468e+003	5.852508e-007	
1.282473e+003	5.890381e-007	
1.282478e+003	5.931677e-007	
1.282482e+003	5.972966e-007	
1.282487e+003	6.014255e-007	
1.282492e+003	6.055549e-007	
1.282497e+003	6.096851e-007	
1.282502e+003	6.138145e-007	
1.282507e+003	6.179434e-007	
1.282512e+003	6.220733e-007	
1.282517e+003	6.262023e-007	
1.282521e+003	6.303310e-007	
1.282526e+003	6.344616e-007	
1.282531e+003	6.385911e-007	
1.282536e+003	6.427202e-007	
1.282541e+003	6.468497e-007	
1.282546e+003	6.509788e-007	
1.282551e+003	6.551082e-007	
1.282556e+003	6.592380e-007	
1.282561e+003	6.633668e-007	
1.282565e+003	6.674970e-007	
1.282570e+003	6.718981e-007	
1.282575e+003	6.767722e-007	
1.282580e+003	6.818487e-007	
1.282585e+003	6.869242e-007	
1.282590e+003	6.920010e-007	
1.282595e+003	6.970770e-007	
1.282600e+003	7.021521e-007	
1.282604e+003	7.072289e-007	
1.282609e+003	7.123041e-007	
1.282614e+003	7.173793e-007	
1.282619e+003	7.224549e-007	
1.282624e+003	7.275293e-007	
1.282629e+003	7.326055e-007	
1.282634e+003	7.376804e-007	
1.282639e+003	7.427544e-007	
1.282644e+003	7.478291e-007	
1.282648e+003	7.529027e-007	
1.282653e+003	7.579769e-007	
1.282658e+003	7.630508e-007	
1.282663e+003	7.681235e-007	
1.282668e+003	7.732284e-007	
1.282673e+003	7.789762e-007	
1.282678e+003	7.852768e-007	
1.282683e+003	7.915777e-007	
1.282688e+003	7.978790e-007	
1.282692e+003	8.041782e-007	
1.282697e+003	8.104786e-007	
1.282702e+003	8.167779e-007	
1.282707e+003	8.230766e-007	
1.282712e+003	8.293761e-007	
1.282717e+003	8.356740e-007	
1.282722e+003	8.419718e-007	
1.282727e+003	8.482696e-007	
1.282731e+003	8.545662e-007	
1.282736e+003	8.608633e-007	
1.282741e+003	8.671599e-007	
1.282746e+003	8.734553e-007	
1.282751e+003	8.797509e-007	
1.282756e+003	8.860449e-007	
1.282761e+003	8.923399e-007	
1.282766e+003	8.986335e-007	
1.282771e+003	9.054077e-007	
1.282775e+003	9.129736e-007	
1.282780e+003	9.208604e-007	
1.282785e+003	9.287463e-007	
1.282790e+003	9.366329e-007	
1.282795e+003	9.445176e-007	
1.282800e+003	9.524023e-007	
1.282805e+003	9.602870e-007	
1.282810e+003	9.681700e-007	
1.282814e+003	9.760527e-007	
1.282819e+003	9.839348e-007	
1.282824e+003	9.918161e-007	
1.282829e+003	9.996963e-007	
1.282834e+003	1.007576e-006	
1.282839e+003	1.015456e-006	
1.282844e+003	1.023334e-006	
1.282849e+003	1.031212e-006	
1.282854e+003	1.039090e-006	
1.282858e+003	1.046966e-006	
1.282863e+003	1.054842e-006	
1.282868e+003	1.062826e-006	
1.282873e+003	1.071886e-006	
1.282878e+003	1.081833e-006	
1.282883e+003	1.091778e-006	
1.282888e+003	1.101722e-006	
1.282893e+003	1.111665e-006	
1.282897e+003	1.121607e-006	
1.282902e+003	1.131549e-006	
1.282907e+003	1.141491e-006	
1.282912e+003	1.151431e-006	
1.282917e+003	1.161369e-006	
1.282922e+003	1.171307e-006	
1.282927e+003	1.181245e-006	
1.282932e+003	1.191181e-006	
1.282937e+003	1.201116e-006	
1.282941e+003	1.211051e-006	
1.282946e+003	1.220984e-006	
1.282951e+003	1.230916e-006	
1.282956e+003	1.240850e-006	
1.282961e+003	1.250781e-006	
1.282966e+003	1.260710e-006	
1.282971e+003	1.271517e-006	
1.282976e+003	1.283670e-006	
1.282980e+003	1.296292e-006	
1.282985e+003	1.308915e-006	
1.282990e+003	1.321536e-006	
1.282995e+003	1.334158e-006	
1.283000e+003	1.346777e-006	
1.283005e+003	1.359396e-006	
1.283010e+003	1.372013e-006	
1.283015e+003	1.384628e-006	
1.283020e+003	1.397243e-006	
1.283024e+003	1.409859e-006	
1.283029e+003	1.422472e-006	
1.283034e+003	1.435084e-006	
1.283039e+003	1.447696e-006	
1.283044e+003	1.460307e-006	
1.283049e+003	1.472914e-006	
1.283054e+003	1.485525e-006	
1.283059e+003	1.498130e-006	
1.283063e+003	1.510737e-006	
1.283068e+003	1.523642e-006	
1.283073e+003	1.538261e-006	
1.283078e+003	1.554294e-006	
1.283083e+003	1.570325e-006	
1.283088e+003	1.586355e-006	
1.283093e+003	1.602384e-006	
1.283098e+003	1.618413e-006	
1.283103e+003	1.634439e-006	
1.283107e+003	1.650466e-006	
1.283112e+003	1.666491e-006	
1.283117e+003	1.682515e-006	
1.283122e+003	1.698538e-006	
1.283127e+003	1.714558e-006	
1.283132e+003	1.730580e-006	
1.283137e+003	1.746599e-006	
1.283142e+003	1.762618e-006	
1.283146e+003	1.778636e-006	
1.283151e+003	1.794653e-006	
1.283156e+003	1.810668e-006	
1.283161e+003	1.826682e-006	
1.283166e+003	1.842696e-006	
1.283171e+003	1.860117e-006	
1.283176e+003	1.879699e-006	
1.283181e+003	1.899948e-006	
1.283186e+003	1.920194e-006	
1.283190e+003	1.940439e-006	
1.283195e+003	1.960684e-006	
1.283200e+003	1.980929e-006	
1.283205e+003	2.001173e-006	
1.283210e+003	2.021414e-006	
1.283215e+003	2.041655e-006	
1.283220e+003	2.061897e-006	
1.283225e+003	2.082135e-006	
1.283229e+003	2.102375e-006	
1.283234e+003	2.122614e-006	
1.283239e+003	2.142850e-006	
1.283244e+003	2.163087e-006	
1.283249e+003	2.183320e-006	
1.283254e+003	2.203556e-006	
1.283259e+003	2.223789e-006	
1.283264e+003	2.244023e-006	
1.283269e+003	2.264751e-006	
1.283273e+003	2.287735e-006	
1.283278e+003	2.312606e-006	
1.283283e+003	2.337478e-006	
1.283288e+003	2.362347e-006	
1.283293e+003	2.387215e-006	
1.283298e+003	2.412086e-006	
1.283303e+003	2.436954e-006	
1.283308e+003	2.461821e-006	
1.283312e+003	2.486691e-006	
1.283317e+003	2.511557e-006	
1.283322e+003	2.536423e-006	
1.283327e+003	2.561292e-006	
1.283332e+003	2.586156e-006	
1.283337e+003	2.611022e-006	
1.283342e+003	2.635886e-006	
1.283347e+003	2.660751e-006	
1.283352e+003	2.685616e-006	
1.283356e+003	2.710479e-006	
1.283361e+003	2.735342e-006	
1.283366e+003	2.760208e-006	
1.283371e+003	2.786452e-006	
1.283376e+003	2.814686e-006	
1.283381e+003	2.843433e-006	
1.283386e+003	2.872177e-006	
1.283391e+003	2.900922e-006	
1.283396e+003	2.929668e-006	
1.283400e+003	2.958412e-006	
1.283405e+003	2.987155e-006	
1.283410e+003	3.015901e-006	
1.283415e+003	3.044646e-006	
1.283420e+003	3.073389e-006	
1.283425e+003	3.102133e-006	
1.283430e+003	3.130876e-006	
1.283435e+003	3.159620e-006	
1.283439e+003	3.188368e-006	
1.283444e+003	3.217113e-006	
1.283449e+003	3.245858e-006	
1.283454e+003	3.274598e-006	
1.283459e+003	3.303344e-006	
1.283464e+003	3.332091e-006	
1.283469e+003	3.360916e-006	
1.283474e+003	3.390023e-006	
1.283479e+003	3.419362e-006	
1.283483e+003	3.448694e-006	
1.283488e+003	3.478030e-006	
1.283493e+003	3.507367e-006	
1.283498e+003	3.536705e-006	
1.283503e+003	3.566040e-006	
1.283508e+003	3.595378e-006	
1.283513e+003	3.624715e-006	
1.283518e+003	3.654056e-006	
1.283522e+003	3.683393e-006	
1.283527e+003	3.712732e-006	
1.283532e+003	3.742069e-006	
1.283537e+003	3.771409e-006	
1.283542e+003	3.800749e-006	
1.283547e+003	3.830090e-006	
1.283552e+003	3.859432e-006	
1.283557e+003	3.888773e-006	
1.283562e+003	3.918113e-006	
1.283566e+003	3.947455e-006	
1.283571e+003	3.974508e-006	
1.283576e+003	3.998270e-006	
1.283581e+003	4.021440e-006	
1.283586e+003	4.044608e-006	
1.283591e+003	4.067781e-006	
1.283596e+003	4.090952e-006	
1.283601e+003	4.114123e-006	
1.283605e+003	4.137297e-006	
1.283610e+003	4.160471e-006	
1.283615e+003	4.183643e-006	
1.283620e+003	4.206817e-006	
1.283625e+003	4.229992e-006	
1.283630e+003	4.253169e-006	
1.283635e+003	4.276348e-006	
1.283640e+003	4.299523e-006	
1.283645e+003	4.322700e-006	
1.283649e+003	4.345875e-006	
1.283654e+003	4.369057e-006	
1.283659e+003	4.392235e-006	
1.283664e+003	4.415417e-006	
1.283669e+003	4.436445e-006	
1.283674e+003	4.450566e-006	
1.283679e+003	4.459282e-006	
1.283684e+003	4.467994e-006	
1.283688e+003	4.476708e-006	
1.283693e+003	4.485425e-006	
1.283698e+003	4.494140e-006	
1.283703e+003	4.502859e-006	
1.283708e+003	4.511576e-006	
1.283713e+003	4.520293e-006	
1.283718e+003	4.529013e-006	
1.283723e+003	4.537732e-006	
1.283728e+003	4.546456e-006	
1.283732e+003	4.555179e-006	
1.283737e+003	4.563899e-006	
1.283742e+003	4.572622e-006	
1.283747e+003	4.581348e-006	
1.283752e+003	4.590074e-006	
1.283757e+003	4.598801e-006	
1.283762e+003	4.607527e-006	
1.283767e+003	4.616255e-006	
1.283771e+003	4.611758e-006	
1.283776e+003	4.587489e-006	
1.283781e+003	4.560663e-006	
1.283786e+003	4.533840e-006	
1.283791e+003	4.507015e-006	
1.283796e+003	4.480193e-006	
1.283801e+003	4.453369e-006	
1.283806e+003	4.426548e-006	
1.283811e+003	4.399727e-006	
1.283815e+003	4.372906e-006	
1.283820e+003	4.346087e-006	
1.283825e+003	4.319270e-006	
1.283830e+003	4.292453e-006	
1.283835e+003	4.265635e-006	
1.283840e+003	4.238819e-006	
1.283845e+003	4.212005e-006	
1.283850e+003	4.185189e-006	
1.283854e+003	4.158377e-006	
1.283859e+003	4.131564e-006	
1.283864e+003	4.104752e-006	
1.283869e+003	4.072671e-006	
1.283874e+003	4.025557e-006	
1.283879e+003	3.967748e-006	
1.283884e+003	3.909943e-006	
1.283889e+003	3.852139e-006	
1.283894e+003	3.794334e-006	
1.283898e+003	3.736530e-006	
1.283903e+003	3.678727e-006	
1.283908e+003	3.620925e-006	
1.283913e+003	3.563123e-006	
1.283918e+003	3.505322e-006	
1.283923e+003	3.447522e-006	
1.283928e+003	3.389722e-006	
1.283933e+003	3.331923e-006	
1.283938e+003	3.274125e-006	
1.283942e+003	3.216326e-006	
1.283947e+003	3.158529e-006	
1.283952e+003	3.100732e-006	
1.283957e+003	3.042938e-006	
1.283962e+003	2.985141e-006	
1.283967e+003	2.927347e-006	
1.283972e+003	2.870546e-006	
1.283977e+003	2.815290e-006	
1.283981e+003	2.760116e-006	
1.283986e+003	2.704940e-006	
1.283991e+003	2.649765e-006	
1.283996e+003	2.594592e-006	
1.284001e+003	2.539416e-006	
1.284006e+003	2.484244e-006	
1.284011e+003	2.429071e-006	
1.284016e+003	2.373901e-006	
1.284021e+003	2.318729e-006	
1.284025e+003	2.263556e-006	
1.284030e+003	2.208385e-006	
1.284035e+003	2.153215e-006	
1.284040e+003	2.098045e-006	
1.284045e+003	2.042874e-006	
1.284050e+003	1.987705e-006	
1.284055e+003	1.932537e-006	
1.284060e+003	1.877367e-006	
1.284064e+003	1.822199e-006	
1.284069e+003	1.770334e-006	
1.284074e+003	1.727074e-006	
1.284079e+003	1.689289e-006	
1.284084e+003	1.651506e-006	
1.284089e+003	1.613721e-006	
1.284094e+003	1.575938e-006	
1.284099e+003	1.538156e-006	
1.284104e+003	1.500373e-006	
1.284108e+003	1.462591e-006	
1.284113e+003	1.424808e-006	
1.284118e+003	1.387027e-006	
1.284123e+003	1.349245e-006	
1.284128e+003	1.311464e-006	
1.284133e+003	1.273683e-006	
1.284138e+003	1.235902e-006	
1.284143e+003	1.198121e-006	
1.284147e+003	1.160342e-006	
1.284152e+003	1.122562e-006	
1.284157e+003	1.084781e-006	
1.284162e+003	1.047002e-006	
1.284167e+003	1.009223e-006	
1.284172e+003	9.773513e-007	
1.284177e+003	9.553280e-007	
1.284182e+003	9.333047e-007	
1.284187e+003	9.112817e-007	
1.284191e+003	8.892585e-007	
1.284196e+003	8.672353e-007	
1.284201e+003	8.452129e-007	
1.284206e+003	8.231901e-007	
1.284211e+003	8.011679e-007	
1.284216e+003	7.791452e-007	
1.284221e+003	7.571235e-007	
1.284226e+003	7.351013e-007	
1.284230e+003	7.130793e-007	
1.284235e+003	6.910579e-007	
1.284240e+003	6.690362e-007	
1.284245e+003	6.470151e-007	
1.284250e+003	6.249939e-007	
1.284255e+003	6.029724e-007	
1.284260e+003	5.809520e-007	
1.284265e+003	5.589311e-007	
1.284270e+003	5.388970e-007	
1.284274e+003	5.239725e-007	
1.284279e+003	5.120442e-007	
1.284284e+003	5.001160e-007	
1.284289e+003	4.881881e-007	
1.284294e+003	4.762602e-007	
1.284299e+003	4.643323e-007	
1.284304e+003	4.524045e-007	
1.284309e+003	4.404770e-007	
1.284313e+003	4.285493e-007	
1.284318e+003	4.166217e-007	
1.284323e+003	4.046943e-007	
1.284328e+003	3.927671e-007	
1.284333e+003	3.808399e-007	
1.284338e+003	3.689124e-007	
1.284343e+003	3.569853e-007	
1.284348e+003	3.450583e-007	
1.284353e+003	3.331312e-007	
1.284357e+003	3.212042e-007	
1.284362e+003	3.092775e-007	
1.284367e+003	2.974561e-007	
1.284372e+003	2.878035e-007	
1.284377e+003	2.814748e-007	
1.284382e+003	2.751462e-007	
1.284387e+003	2.688176e-007	
1.284392e+003	2.624891e-007	
1.284396e+003	2.561607e-007	
1.284401e+003	2.498323e-007	
1.284406e+003	2.435039e-007	
1.284411e+003	2.371756e-007	
1.284416e+003	2.308473e-007	
1.284421e+003	2.245192e-007	
1.284426e+003	2.181910e-007	
1.284431e+003	2.118628e-007	
1.284436e+003	2.055347e-007	
1.284440e+003	1.992066e-007	
1.284445e+003	1.928787e-007	
1.284450e+003	1.865506e-007	
1.284455e+003	1.802228e-007	
1.284460e+003	1.738948e-007	
1.284465e+003	1.675669e-007	
1.284470e+003	1.618575e-007	
1.284475e+003	1.577094e-007	
1.284479e+003	1.543272e-007	
1.284484e+003	1.509446e-007	
1.284489e+003	1.475627e-007	
1.284494e+003	1.441805e-007	
1.284499e+003	1.407982e-007	
1.284504e+003	1.374161e-007	
1.284509e+003	1.340339e-007	
1.284514e+003	1.306518e-007	
1.284519e+003	1.272697e-007	
1.284523e+003	1.238875e-007	
1.284528e+003	1.205054e-007	
1.284533e+003	1.171234e-007	
1.284538e+003	1.137414e-007	
1.284543e+003	1.103594e-007	
1.284548e+003	1.069774e-007	
1.284553e+003	1.035954e-007	
1.284558e+003	1.002134e-007	
1.284562e+003	9.683153e-008	
1.284567e+003	9.351690e-008	
1.284572e+003	9.079804e-008	
1.284577e+003	8.895368e-008	
1.284582e+003	8.710931e-008	
1.284587e+003	8.526493e-008	
1.284592e+003	8.342071e-008	
1.284597e+003	8.157638e-008	
1.284602e+003	7.973203e-008	
1.284606e+003	7.788785e-008	
1.284611e+003	7.604349e-008	
1.284616e+003	7.419939e-008	
1.284621e+003	7.235512e-008	
1.284626e+003	7.051089e-008	
1.284631e+003	6.866671e-008	
1.284636e+003	6.682249e-008	
1.284641e+003	6.497831e-008	
1.284646e+003	6.313417e-008	
1.284650e+003	6.129000e-008	
1.284655e+003	5.944584e-008	
1.284660e+003	5.760169e-008	
1.284665e+003	5.575757e-008	
1.284670e+003	5.408453e-008	
1.284675e+003	5.285890e-008	
1.284680e+003	5.182461e-008	
1.284685e+003	5.079028e-008	
1.284689e+003	4.975599e-008	
1.284694e+003	4.872171e-008	
1.284699e+003	4.768744e-008	
1.284704e+003	4.665318e-008	
1.284709e+003	4.561891e-008	
1.284714e+003	4.458470e-008	
1.284719e+003	4.355045e-008	
1.284724e+003	4.251622e-008	
1.284729e+003	4.148198e-008	
1.284733e+003	4.044780e-008	
1.284738e+003	3.941355e-008	
1.284743e+003	3.837938e-008	
1.284748e+003	3.734518e-008	
1.284753e+003	3.631104e-008	
1.284758e+003	3.527686e-008	
1.284763e+003	3.424269e-008	
1.284768e+003	3.323331e-008	
1.284772e+003	3.239234e-008	
1.284777e+003	3.179414e-008	
1.284782e+003	3.119597e-008	
1.284787e+003	3.059779e-008	
1.284792e+003	2.999961e-008	
1.284797e+003	2.940147e-008	
1.284802e+003	2.880329e-008	
1.284807e+003	2.820513e-008	
1.284812e+003	2.760697e-008	
1.284816e+003	2.700884e-008	
1.284821e+003	2.641069e-008	
1.284826e+003	2.581255e-008	
1.284831e+003	2.521441e-008	
1.284836e+003	2.461629e-008	
1.284841e+003	2.401815e-008	
1.284846e+003	2.342005e-008	
1.284851e+003	2.282193e-008	
1.284855e+003	2.222382e-008	
1.284860e+003	2.162571e-008	
1.284865e+003	2.102762e-008	
1.284870e+003	2.048444e-008	
1.284875e+003	2.007893e-008	
1.284880e+003	1.972232e-008	
1.284885e+003	1.936571e-008	
1.284890e+003	1.900911e-008	
1.284895e+003	1.865252e-008	
1.284899e+003	1.829597e-008	
1.284904e+003	1.793938e-008	
1.284909e+003	1.758279e-008	
1.284914e+003	1.722621e-008	
1.284919e+003	1.686962e-008	
1.284924e+003	1.651305e-008	
1.284929e+003	1.615647e-008	
1.284934e+003	1.579990e-008	
1.284938e+003	1.544333e-008	
1.284943e+003	1.508676e-008	
1.284948e+003	1.473019e-008	
1.284953e+003	1.437363e-008	
1.284958e+003	1.401706e-008	
1.284963e+003	1.366052e-008	
1.284968e+003	1.331431e-008	
1.284973e+003	1.302327e-008	
1.284978e+003	1.280464e-008	
1.284982e+003	1.258602e-008	
1.284987e+003	1.236741e-008	
1.284992e+003	1.214879e-008	
1.284997e+003	1.193018e-008	
1.285002e+003	1.171157e-008	
1.285007e+003	1.149296e-008	
1.285012e+003	1.127435e-008	
1.285017e+003	1.105575e-008	
1.285021e+003	1.083714e-008	
1.285026e+003	1.061854e-008	
1.285031e+003	1.039993e-008	
1.285036e+003	1.018135e-008	
1.285041e+003	9.962745e-009	
1.285046e+003	9.744157e-009	
1.285051e+003	9.525562e-009	
1.285056e+003	9.306994e-009	
1.285061e+003	9.088405e-009	
1.285065e+003	8.869812e-009	
1.285070e+003	8.670098e-009	
1.285075e+003	8.519898e-009	
1.285080e+003	8.382483e-009	
1.285085e+003	8.245066e-009	
1.285090e+003	8.107654e-009	
1.285095e+003	7.970238e-009	
1.285100e+003	7.832823e-009	
1.285104e+003	7.695417e-009	
1.285109e+003	7.558012e-009	
1.285114e+003	7.420600e-009	
1.285119e+003	7.283197e-009	
1.285124e+003	7.145796e-009	
1.285129e+003	7.008390e-009	
1.285134e+003	6.870987e-009	
1.285139e+003	6.733588e-009	
1.285144e+003	6.596185e-009	
1.285148e+003	6.458788e-009	
1.285153e+003	6.321390e-009	
1.285158e+003	6.183994e-009	
1.285163e+003	6.046597e-009	
1.285168e+003	5.913217e-009	
1.285173e+003	5.799822e-009	
1.285178e+003	5.711147e-009	
1.285183e+003	5.622467e-009	
1.285188e+003	5.533796e-009	
1.285192e+003	5.445121e-009	
1.285197e+003	5.356452e-009	
1.285202e+003	5.267781e-009	
1.285207e+003	5.179105e-009	
1.285212e+003	5.090437e-009	
1.285217e+003	5.001767e-009	
1.285222e+003	4.913098e-009	
1.285227e+003	4.824434e-009	
1.285231e+003	4.735766e-009	
1.285236e+003	4.647111e-009	
1.285241e+003	4.558448e-009	
1.285246e+003	4.469782e-009	
1.285251e+003	4.381119e-009	
1.285256e+003	4.292456e-009	
1.285261e+003	4.203793e-009	
1.285266e+003	4.115130e-009	
1.285271e+003	4.033319e-009	
1.285275e+003	3.971021e-009	
1.285280e+003	3.912556e-009	
1.285285e+003	3.854090e-009	
1.285290e+003	3.795622e-009	
1.285295e+003	3.737157e-009	
1.285300e+003	3.678694e-009	
1.285305e+003	3.620231e-009	
1.285310e+003	3.561766e-009	
1.285314e+003	3.503303e-009	
1.285319e+003	3.444841e-009	
1.285324e+003	3.386380e-009	
1.285329e+003	3.327919e-009	
1.285334e+003	3.269456e-009	
1.285339e+003	3.210997e-009	
1.285344e+003	3.152538e-009	
1.285349e+003	3.094078e-009	
1.285354e+003	3.035620e-009	
1.285358e+003	2.977161e-009	
1.285363e+003	2.918703e-009	
1.285368e+003	2.862076e-009	
1.285373e+003	2.813683e-009	
1.285378e+003	2.774251e-009	
1.285383e+003	2.734823e-009	
1.285388e+003	2.695393e-009	
1.285393e+003	2.655965e-009	
1.285397e+003	2.616538e-009	
1.285402e+003	2.577110e-009	
1.285407e+003	2.537684e-009	
1.285412e+003	2.498255e-009	
1.285417e+003	2.458833e-009	
1.285422e+003	2.419405e-009	
1.285427e+003	2.379979e-009	
1.285432e+003	2.340555e-009	
1.285437e+003	2.301132e-009	
1.285441e+003	2.261707e-009	
1.285446e+003	2.222285e-009	
1.285451e+003	2.182861e-009	
1.285456e+003	2.143438e-009	
1.285461e+003	2.104015e-009	
1.285466e+003	2.064592e-009	
1.285471e+003	2.027969e-009	
1.285476e+003	2.000065e-009	
1.285480e+003	1.973093e-009	
1.285485e+003	1.946121e-009	
1.285490e+003	1.919150e-009	
1.285495e+003	1.892180e-009	
1.285500e+003	1.865209e-009	
1.285505e+003	1.838239e-009	
1.285510e+003	1.811268e-009	
1.285515e+003	1.784298e-009	
1.285520e+003	1.757330e-009	
1.285524e+003	1.730361e-009	
1.285529e+003	1.703392e-009	
1.285534e+003	1.676423e-009	
1.285539e+003	1.649454e-009	
1.285544e+003	1.622486e-009	
1.285549e+003	1.595519e-009	
1.285554e+003	1.568551e-009	
1.285559e+003	1.541585e-009	
1.285563e+003	1.514616e-009	
1.285568e+003	1.488512e-009	
1.285573e+003	1.466159e-009	
1.285578e+003	1.447303e-009	
1.285583e+003	1.428449e-009	
1.285588e+003	1.409596e-009	
1.285593e+003	1.390740e-009	
1.285598e+003	1.371887e-009	
1.285603e+003	1.353034e-009	
1.285607e+003	1.334179e-009	
1.285612e+003	1.315327e-009	
1.285617e+003	1.296472e-009	
1.285622e+003	1.277621e-009	
1.285627e+003	1.258767e-009	
1.285632e+003	1.239915e-009	
1.285637e+003	1.221063e-009	
1.285642e+003	1.202211e-009	
1.285646e+003	1.183358e-009	
1.285651e+003	1.164505e-009	
1.285656e+003	1.145653e-009	
1.285661e+003	1.126802e-009	
1.285666e+003	1.107950e-009	
1.285671e+003	1.090268e-009	
1.285676e+003	1.076672e-009	
1.285681e+003	1.063288e-009	
1.285686e+003	1.049905e-009	
1.285690e+003	1.036521e-009	
1.285695e+003	1.023138e-009	
1.285700e+003	1.009755e-009	
1.285705e+003	9.963710e-010	
1.285710e+003	9.829877e-010	
1.285715e+003	9.696052e-010	
1.285720e+003	9.562224e-010	
1.285725e+003	9.428395e-010	
1.285729e+003	9.294572e-010	
1.285734e+003	9.160746e-010	
1.285739e+003	9.026928e-010	
1.285744e+003	8.893104e-010	
1.285749e+003	8.759286e-010	
1.285754e+003	8.625459e-010	
1.285759e+003	8.491645e-010	
1.285764e+003	8.357829e-010	
1.285769e+003	8.227977e-010	
1.285773e+003	8.116138e-010	
1.285778e+003	8.019373e-010	
1.285783e+003	7.922616e-010	
1.285788e+003	7.825854e-010	
1.285793e+003	7.729085e-010	
1.285798e+003	7.632335e-010	
1.285803e+003	7.535579e-010	
1.285808e+003	7.438821e-010	
1.285812e+003	7.342066e-010	
1.285817e+003	7.245313e-010	
1.285822e+003	7.148558e-010	
1.285827e+003	7.051809e-010	
1.285832e+003	6.955048e-010	
1.285837e+003	6.858311e-010	
1.285842e+003	6.761560e-010	
1.285847e+003	6.664810e-010	
1.285852e+003	6.568064e-010	
1.285856e+003	6.471311e-010	
1.285861e+003	6.374573e-010	
1.285866e+003	6.277821e-010	
1.285871e+003	6.187032e-010	
1.285876e+003	6.116716e-010	
1.285881e+003	6.046399e-010	
1.285886e+003	5.976094e-010	
1.285891e+003	5.905783e-010	
1.285896e+003	5.835468e-010	
1.285900e+003	5.765162e-010	
1.285905e+003	5.694855e-010	
1.285910e+003	5.624549e-010	
1.285915e+003	5.554240e-010	
1.285920e+003	5.483933e-010	
1.285925e+003	5.413630e-010	
1.285930e+003	5.343325e-010	
1.285935e+003	5.273021e-010	
1.285939e+003	5.202718e-010	
1.285944e+003	5.132418e-010	
1.285949e+003	5.062114e-010	
1.285954e+003	4.991815e-010	
1.285959e+003	4.921514e-010	
1.285964e+003	4.851214e-010	
1.285969e+003	4.782952e-010	
1.285974e+003	4.724510e-010	
1.285979e+003	4.672733e-010	
1.285983e+003	4.620959e-010	
1.285988e+003	4.569186e-010	
1.285993e+003	4.517413e-010	
1.285998e+003	4.465639e-010	
1.286003e+003	4.413864e-010	
1.286008e+003	4.362098e-010	
1.286013e+003	4.310327e-010	
1.286018e+003	4.258558e-010	
1.286022e+003	4.206788e-010	
1.286027e+003	4.155015e-010	
1.286032e+003	4.103251e-010	
1.286037e+003	4.051483e-010	
1.286042e+003	3.999712e-010	
1.286047e+003	3.947946e-010	
1.286052e+003	3.896181e-010	
1.286057e+003	3.844416e-010	
1.286062e+003	3.792650e-010	
1.286066e+003	3.741070e-010	
1.286071e+003	3.692550e-010	
1.286076e+003	3.653259e-010	
1.286081e+003	3.613965e-010	
1.286086e+003	3.574675e-010	
1.286091e+003	3.535385e-010	
1.286096e+003	3.496095e-010	
1.286101e+003	3.456803e-010	
1.286105e+003	3.417516e-010	
1.286110e+003	3.378229e-010	
1.286115e+003	3.338936e-010	
1.286120e+003	3.299649e-010	
1.286125e+003	3.260363e-010	
1.286130e+003	3.221077e-010	
1.286135e+003	3.181788e-010	
1.286140e+003	3.142502e-010	
1.286145e+003	3.103214e-010	
1.286149e+003	3.063933e-010	
1.286154e+003	3.024641e-010	
1.286159e+003	2.985363e-010	
1.286164e+003	2.946075e-010	
1.286169e+003	2.907829e-010	
1.286174e+003	2.875173e-010	
1.286179e+003	2.845781e-010	
1.286184e+003	2.816389e-010	
1.286188e+003	2.786995e-010	
1.286193e+003	2.757602e-010	
1.286198e+003	2.728212e-010	
1.286203e+003	2.698820e-010	
1.286208e+003	2.669429e-010	
1.286213e+003	2.640038e-010	
1.286218e+003	2.610648e-010	
1.286223e+003	2.581257e-010	
1.286228e+003	2.551868e-010	
1.286232e+003	2.522478e-010	
1.286237e+003	2.493089e-010	
1.286242e+003	2.463701e-010	
1.286247e+003	2.434312e-010	
1.286252e+003	2.404923e-010	
1.286257e+003	2.375536e-010	
1.286262e+003	2.346147e-010	
1.286267e+003	2.316910e-010	
1.286271e+003	2.289406e-010	
1.286276e+003	2.266795e-010	
1.286281e+003	2.244184e-010	
1.286286e+003	2.221577e-010	
1.286291e+003	2.198966e-010	
1.286296e+003	2.176355e-010	
1.286301e+003	2.153745e-010	
1.286306e+003	2.131137e-010	
1.286311e+003	2.108530e-010	
1.286315e+003	2.085920e-010	
1.286320e+003	2.063311e-010	
1.286325e+003	2.040706e-010	
1.286330e+003	2.018095e-010	
1.286335e+003	1.995487e-010	
1.286340e+003	1.972882e-010	
1.286345e+003	1.950275e-010	
1.286350e+003	1.927666e-010	
1.286354e+003	1.905061e-010	
1.286359e+003	1.882453e-010	
1.286364e+003	1.859848e-010	
1.286369e+003	1.837808e-010	
1.286374e+003	1.818736e-010	
1.286379e+003	1.801099e-010	
1.286384e+003	1.783463e-010	
1.286389e+003	1.765827e-010	
1.286394e+003	1.748191e-010	
1.286398e+003	1.730555e-010	
1.286403e+003	1.712920e-010	
1.286408e+003	1.695284e-010	
1.286413e+003	1.677648e-010	
1.286418e+003	1.660015e-010	
1.286423e+003	1.642380e-010	
1.286428e+003	1.624745e-010	
1.286433e+003	1.607112e-010	
1.286438e+003	1.589476e-010	
1.286442e+003	1.571843e-010	
1.286447e+003	1.554210e-010	
1.286452e+003	1.536577e-010	
1.286457e+003	1.518944e-010	
1.286462e+003	1.501310e-010	
1.286467e+003	1.483799e-010	
1.286472e+003	1.467467e-010	
1.286477e+003	1.453899e-010	
1.286481e+003	1.440332e-010	
1.286486e+003	1.426766e-010	
1.286491e+003	1.413198e-010	
1.286496e+003	1.399632e-010	
1.286501e+003	1.386065e-010	
1.286506e+003	1.372498e-010	
1.286511e+003	1.358932e-010	
1.286516e+003	1.345367e-010	
1.286521e+003	1.331800e-010	
1.286525e+003	1.318235e-010	
1.286530e+003	1.304669e-010	
1.286535e+003	1.291103e-010	
1.286540e+003	1.277538e-010	
1.286545e+003	1.263973e-010	
1.286550e+003	1.250408e-010	
1.286555e+003	1.236843e-010	
1.286560e+003	1.223277e-010	
1.286564e+003	1.209713e-010	
1.286569e+003	1.196445e-010	
1.286574e+003	1.184967e-010	
1.286579e+003	1.174127e-010	
1.286584e+003	1.163286e-010	
1.286589e+003	1.152447e-010	
1.286594e+003	1.141606e-010	
1.286599e+003	1.130765e-010	
1.286604e+003	1.119925e-010	
1.286608e+003	1.109086e-010	
1.286613e+003	1.098246e-010	
1.286618e+003	1.087407e-010	
1.286623e+003	1.076566e-010	
1.286628e+003	1.065727e-010	
1.286633e+003	1.054887e-010	
1.286638e+003	1.044048e-010	
1.286643e+003	1.033209e-010	
1.286647e+003	1.022371e-010	
1.286652e+003	1.011531e-010	
1.286657e+003	1.000692e-010	
1.286662e+003	9.898536e-011	
1.286667e+003	9.790927e-011	
1.286672e+003	9.691040e-011	
1.286677e+003	9.607357e-011	
1.286682e+003	9.523674e-011	
1.286687e+003	9.440018e-011	
1.286691e+003	9.356341e-011	
1.286696e+003	9.272674e-011	
1.286701e+003	9.189008e-011	
1.286706e+003	9.105342e-011	
1.286711e+003	9.021674e-011	
1.286716e+003	8.938006e-011	
1.286721e+003	8.854344e-011	
1.286726e+003	8.770674e-011	
1.286730e+003	8.687016e-011	
1.286735e+003	8.603350e-011	
1.286740e+003	8.519697e-011	
1.286745e+003	8.436030e-011	
1.286750e+003	8.352375e-011	
1.286755e+003	8.268719e-011	
1.286760e+003	8.185052e-011	
1.286765e+003	8.101401e-011	
1.286770e+003	8.019060e-011	
1.286774e+003	7.946283e-011	
1.286779e+003	7.876187e-011	
1.286784e+003	7.806084e-011	
1.286789e+003	7.735976e-011	
1.286794e+003	7.665888e-011	
1.286799e+003	7.595775e-011	
1.286804e+003	7.525686e-011	
1.286809e+003	7.455584e-011	
1.286813e+003	7.385483e-011	
1.286818e+003	7.315391e-011	
1.286823e+003	7.245289e-011	
1.286828e+003	7.175194e-011	
1.286833e+003	7.105100e-011	
1.286838e+003	7.035005e-011	
1.286843e+003	6.964914e-011	
1.286848e+003	6.894821e-011	
1.286853e+003	6.824730e-011	
1.286857e+003	6.754638e-011	
1.286862e+003	6.684547e-011	
1.286867e+003	6.615131e-011	
1.286872e+003	6.552041e-011	
1.286877e+003	6.500014e-011	
1.286882e+003	6.447994e-011	
1.286887e+003	6.395971e-011	
1.286892e+003	6.343950e-011	
1.286896e+003	6.291928e-011	
1.286901e+003	6.239908e-011	
1.286906e+003	6.187886e-011	
1.286911e+003	6.135865e-011	
1.286916e+003	6.083849e-011	
1.286921e+003	6.031829e-011	
1.286926e+003	5.979812e-011	
1.286931e+003	5.927794e-011	
1.286936e+003	5.875781e-011	
1.286940e+003	5.823760e-011	
1.286945e+003	5.771741e-011	
1.286950e+003	5.719731e-011	
1.286955e+003	5.667711e-011	
1.286960e+003	5.615701e-011	
1.286965e+003	5.563686e-011	
1.286970e+003	5.512248e-011	
1.286975e+003	5.466095e-011	
1.286979e+003	5.420861e-011	
1.286984e+003	5.375626e-011	
1.286989e+003	5.330386e-011	
1.286994e+003	5.285149e-011	
1.286999e+003	5.239921e-011	
1.287004e+003	5.194683e-011	
1.287009e+003	5.149457e-011	
1.287014e+003	5.104217e-011	
1.287019e+003	5.058985e-011	
1.287023e+003	5.013756e-011	
1.287028e+003	4.968525e-011	
1.287033e+003	4.923296e-011	
1.287038e+003	4.878063e-011	
1.287043e+003	4.832832e-011	
1.287048e+003	4.787603e-011	
1.287053e+003	4.742372e-011	
1.287058e+003	4.697144e-011	
1.287062e+003	4.651914e-011	
1.287067e+003	4.607112e-011	
1.287072e+003	4.566842e-011	
1.287077e+003	4.532946e-011	
1.287082e+003	4.499053e-011	
1.287087e+003	4.465158e-011	
1.287092e+003	4.431262e-011	
1.287097e+003	4.397372e-011	
1.287102e+003	4.363476e-011	
1.287106e+003	4.329584e-011	
1.287111e+003	4.295692e-011	
1.287116e+003	4.261796e-011	
1.287121e+003	4.227906e-011	
1.287126e+003	4.194013e-011	
1.287131e+003	4.160123e-011	
1.287136e+003	4.126232e-011	
1.287141e+003	4.092340e-011	
1.287146e+003	4.058450e-011	
1.287150e+003	4.024560e-011	
1.287155e+003	3.990675e-011	
1.287160e+003	3.956784e-011	
1.287165e+003	3.922893e-011	
1.287170e+003	3.889310e-011	
1.287175e+003	3.859480e-011	
1.287180e+003	3.830069e-011	
1.287185e+003	3.800659e-011	
1.287189e+003	3.771246e-011	
1.287194e+003	3.741835e-011	
1.287199e+003	3.712427e-011	
1.287204e+003	3.683013e-011	
1.287209e+003	3.653606e-011	
1.287214e+003	3.624194e-011	
1.287219e+003	3.594785e-011	
1.287224e+003	3.565374e-011	
1.287229e+003	3.535967e-011	
1.287233e+003	3.506558e-011	
1.287238e+003	3.477150e-011	
1.287243e+003	3.447742e-011	
1.287248e+003	3.418335e-011	
1.287253e+003	3.388928e-011	
1.287258e+003	3.359521e-011	
1.287263e+003	3.330114e-011	
1.287268e+003	3.300850e-011	
1.287272e+003	3.273560e-011	
1.287277e+003	3.248670e-011	
1.287282e+003	3.223782e-011	
1.287287e+003	3.198891e-011	
1.287292e+003	3.174002e-011	
1.287297e+003	3.149114e-011	
1.287302e+003	3.124226e-011	
1.287307e+003	3.099340e-011	
1.287312e+003	3.074451e-011	
1.287316e+003	3.049564e-011	
1.287321e+003	3.024677e-011	
1.287326e+003	2.999791e-011	
1.287331e+003	2.974904e-011	
1.287336e+003	2.950017e-011	
1.287341e+003	2.925132e-011	
1.287346e+003	2.900246e-011	
1.287351e+003	2.875359e-011	
1.287355e+003	2.850475e-011	
1.287360e+003	2.825590e-011	
1.287365e+003	2.800704e-011	
1.287370e+003	2.776143e-011	
1.287375e+003	2.755566e-011	
1.287380e+003	2.735198e-011	
1.287385e+003	2.714831e-011	
1.287390e+003	2.694466e-011	
1.287395e+003	2.674099e-011	
1.287399e+003	2.653736e-011	
1.287404e+003	2.633369e-011	
1.287409e+003	2.613005e-011	
1.287414e+003	2.592642e-011	
1.287419e+003	2.572279e-011	
1.287424e+003	2.551917e-011	
1.287429e+003	2.531554e-011	
1.287434e+003	2.511192e-011	
1.287438e+003	2.490830e-011	
1.287443e+003	2.470471e-011	
1.287448e+003	2.450111e-011	
1.287453e+003	2.429752e-011	
1.287458e+003	2.409393e-011	
1.287463e+003	2.389034e-011	
1.287468e+003	2.368733e-011	
1.287473e+003	2.349560e-011	
1.287478e+003	2.331462e-011	
1.287482e+003	2.313363e-011	
1.287487e+003	2.295266e-011	
1.287492e+003	2.277168e-011	
1.287497e+003	2.259071e-011	
1.287502e+003	2.240975e-011	
1.287507e+003	2.222880e-011	
1.287512e+003	2.204784e-011	
1.287517e+003	2.186688e-011	
1.287521e+003	2.168595e-011	
1.287526e+003	2.150500e-011	
1.287531e+003	2.132406e-011	
1.287536e+003	2.114312e-011	
1.287541e+003	2.096221e-011	
1.287546e+003	2.078127e-011	
1.287551e+003	2.060035e-011	
1.287556e+003	2.041944e-011	
1.287561e+003	2.023851e-011	
1.287565e+003	2.005768e-011	
1.287570e+003	1.988011e-011	
1.287575e+003	1.974453e-011	
1.287580e+003	1.960897e-011	
1.287585e+003	1.947338e-011	
1.287590e+003	1.933783e-011	
1.287595e+003	1.920227e-011	
1.287600e+003	1.906670e-011	
1.287604e+003	1.893116e-011	
1.287609e+003	1.879561e-011	
1.287614e+003	1.866006e-011	
1.287619e+003	1.852453e-011	
1.287624e+003	1.838900e-011	
1.287629e+003	1.825345e-011	
1.287634e+003	1.811792e-011	
1.287639e+003	1.798240e-011	
1.287644e+003	1.784686e-011	
1.287648e+003	1.771135e-011	
1.287653e+003	1.757583e-011	
1.287658e+003	1.744033e-011	
1.287663e+003	1.730481e-011	
1.287668e+003	1.716962e-011	
1.287673e+003	1.704670e-011	
1.287678e+003	1.693361e-011	
1.287683e+003	1.682054e-011	
1.287688e+003	1.670745e-011	
1.287692e+003	1.659439e-011	
1.287697e+003	1.648131e-011	
1.287702e+003	1.636825e-011	
1.287707e+003	1.625518e-011	
1.287712e+003	1.614212e-011	
1.287717e+003	1.602906e-011	
1.287722e+003	1.591601e-011	
1.287727e+003	1.580296e-011	
1.287731e+003	1.568991e-011	
1.287736e+003	1.557687e-011	
1.287741e+003	1.546382e-011	
1.287746e+003	1.535079e-011	
1.287751e+003	1.523775e-011	
1.287756e+003	1.512472e-011	
1.287761e+003	1.501170e-011	
1.287766e+003	1.489871e-011	
1.287771e+003	1.478790e-011	
1.287775e+003	1.469746e-011	
1.287780e+003	1.460703e-011	
1.287785e+003	1.451660e-011	
1.287790e+003	1.442617e-011	
1.287795e+003	1.433574e-011	
1.287800e+003	1.424531e-011	
1.287805e+003	1.415489e-011	
1.287810e+003	1.406447e-011	
1.287814e+003	1.397406e-011	
1.287819e+003	1.388365e-011	
1.287824e+003	1.379323e-011	
1.287829e+003	1.370283e-011	
1.287834e+003	1.361243e-011	
1.287839e+003	1.352202e-011	
1.287844e+003	1.343162e-011	
1.287849e+003	1.334122e-011	
1.287854e+003	1.325083e-011	
1.287858e+003	1.316044e-011	
1.287863e+003	1.307005e-011	
1.287868e+003	1.297966e-011	
1.287873e+003	1.288929e-011	
1.287878e+003	1.279891e-011	
1.287883e+003	1.270853e-011	
1.287888e+003	1.261816e-011	
1.287893e+003	1.252779e-011	
1.287897e+003	1.243742e-011	
1.287902e+003	1.234705e-011	
1.287907e+003	1.225669e-011	
1.287912e+003	1.216633e-011	
1.287917e+003	1.207598e-011	
1.287922e+003	1.198562e-011	
1.287927e+003	1.189527e-011	
1.287932e+003	1.180491e-011	
1.287937e+003	1.171457e-011	
1.287941e+003	1.162422e-011	
1.287946e+003	1.153388e-011	
1.287951e+003	1.144354e-011	
1.287956e+003	1.135320e-011	
1.287961e+003	1.126286e-011	
1.287966e+003	1.117253e-011	
1.287971e+003	1.108558e-011	
1.287976e+003	1.101783e-011	
1.287980e+003	1.095008e-011	
1.287985e+003	1.088233e-011	
1.287990e+003	1.081459e-011	
1.287995e+003	1.074685e-011	
