# format  : curve #1.x (tab) curve #1.y (tab) curve #2.x (tab) curve #2.y (tab) ...
# title   : Simulated Spectrum
# abscissa: Energy [eV]
# ordinate: Intensity [counts]
#==========================================================================================================
# Curve #1 (x,y): Config ##: 1
# Reference: W.S.M. Werner, W. Smekal and C. J. Powell, Simulation of Electron Spectra for Surface Analysis (SESSA V2.0) National Institute of Standards and Technology, Gaithersburg, MD (2010), 
# Reliability: 
# Remarks: 
#==========================================================================================================
1.278000e+003	5.592263e-008	
1.278005e+003	5.607564e-008	
1.278010e+003	5.622872e-008	
1.278015e+003	5.638185e-008	
1.278020e+003	5.653489e-008	
1.278024e+003	5.668793e-008	
1.278029e+003	5.684095e-008	
1.278034e+003	5.699395e-008	
1.278039e+003	5.714689e-008	
1.278044e+003	5.730001e-008	
1.278049e+003	5.745289e-008	
1.278054e+003	5.760586e-008	
1.278059e+003	5.775894e-008	
1.278063e+003	5.791187e-008	
1.278068e+003	5.806499e-008	
1.278073e+003	5.822566e-008	
1.278078e+003	5.839000e-008	
1.278083e+003	5.855403e-008	
1.278088e+003	5.871846e-008	
1.278093e+003	5.888285e-008	
1.278098e+003	5.904720e-008	
1.278103e+003	5.921141e-008	
1.278107e+003	5.937556e-008	
1.278112e+003	5.953967e-008	
1.278117e+003	5.970399e-008	
1.278122e+003	5.986821e-008	
1.278127e+003	6.003232e-008	
1.278132e+003	6.019658e-008	
1.278137e+003	6.036074e-008	
1.278142e+003	6.052504e-008	
1.278146e+003	6.068925e-008	
1.278151e+003	6.085340e-008	
1.278156e+003	6.101765e-008	
1.278161e+003	6.118185e-008	
1.278166e+003	6.134601e-008	
1.278171e+003	6.151262e-008	
1.278176e+003	6.168980e-008	
1.278181e+003	6.186698e-008	
1.278186e+003	6.204433e-008	
1.278190e+003	6.222145e-008	
1.278195e+003	6.239880e-008	
1.278200e+003	6.257613e-008	
1.278205e+003	6.275339e-008	
1.278210e+003	6.293063e-008	
1.278215e+003	6.310787e-008	
1.278220e+003	6.328502e-008	
1.278225e+003	6.346230e-008	
1.278229e+003	6.363943e-008	
1.278234e+003	6.381659e-008	
1.278239e+003	6.399369e-008	
1.278244e+003	6.417094e-008	
1.278249e+003	6.434806e-008	
1.278254e+003	6.452507e-008	
1.278259e+003	6.470234e-008	
1.278264e+003	6.487951e-008	
1.278269e+003	6.505663e-008	
1.278273e+003	6.524447e-008	
1.278278e+003	6.543645e-008	
1.278283e+003	6.562872e-008	
1.278288e+003	6.582081e-008	
1.278293e+003	6.601301e-008	
1.278298e+003	6.620504e-008	
1.278303e+003	6.639711e-008	
1.278308e+003	6.658933e-008	
1.278312e+003	6.678113e-008	
1.278317e+003	6.697339e-008	
1.278322e+003	6.716535e-008	
1.278327e+003	6.735743e-008	
1.278332e+003	6.754939e-008	
1.278337e+003	6.774142e-008	
1.278342e+003	6.793348e-008	
1.278347e+003	6.812561e-008	
1.278352e+003	6.831755e-008	
1.278356e+003	6.850952e-008	
1.278361e+003	6.870146e-008	
1.278366e+003	6.889343e-008	
1.278371e+003	6.908949e-008	
1.278376e+003	6.929819e-008	
1.278381e+003	6.950718e-008	
1.278386e+003	6.971611e-008	
1.278391e+003	6.992503e-008	
1.278396e+003	7.013400e-008	
1.278400e+003	7.034301e-008	
1.278405e+003	7.055200e-008	
1.278410e+003	7.076095e-008	
1.278415e+003	7.096997e-008	
1.278420e+003	7.117884e-008	
1.278425e+003	7.138766e-008	
1.278430e+003	7.159663e-008	
1.278435e+003	7.180551e-008	
1.278439e+003	7.201440e-008	
1.278444e+003	7.222339e-008	
1.278449e+003	7.243231e-008	
1.278454e+003	7.264116e-008	
1.278459e+003	7.285012e-008	
1.278464e+003	7.305889e-008	
1.278469e+003	7.326777e-008	
1.278474e+003	7.349175e-008	
1.278479e+003	7.372031e-008	
1.278483e+003	7.394904e-008	
1.278488e+003	7.417783e-008	
1.278493e+003	7.440648e-008	
1.278498e+003	7.463520e-008	
1.278503e+003	7.486401e-008	
1.278508e+003	7.509269e-008	
1.278513e+003	7.532133e-008	
1.278518e+003	7.555018e-008	
1.278522e+003	7.577879e-008	
1.278527e+003	7.600741e-008	
1.278532e+003	7.623615e-008	
1.278537e+003	7.646469e-008	
1.278542e+003	7.669328e-008	
1.278547e+003	7.692203e-008	
1.278552e+003	7.715039e-008	
1.278557e+003	7.737896e-008	
1.278562e+003	7.760726e-008	
1.278566e+003	7.783584e-008	
1.278571e+003	7.807143e-008	
1.278576e+003	7.832201e-008	
1.278581e+003	7.857322e-008	
1.278586e+003	7.882434e-008	
1.278591e+003	7.907560e-008	
1.278596e+003	7.932691e-008	
1.278601e+003	7.957808e-008	
1.278605e+003	7.982914e-008	
1.278610e+003	8.008036e-008	
1.278615e+003	8.033167e-008	
1.278620e+003	8.058277e-008	
1.278625e+003	8.083387e-008	
1.278630e+003	8.108496e-008	
1.278635e+003	8.133627e-008	
1.278640e+003	8.158734e-008	
1.278645e+003	8.183854e-008	
1.278649e+003	8.208968e-008	
1.278654e+003	8.234093e-008	
1.278659e+003	8.259205e-008	
1.278664e+003	8.284315e-008	
1.278669e+003	8.309404e-008	
1.278674e+003	8.336656e-008	
1.278679e+003	8.364434e-008	
1.278684e+003	8.392250e-008	
1.278688e+003	8.420061e-008	
1.278693e+003	8.447879e-008	
1.278698e+003	8.475703e-008	
1.278703e+003	8.503513e-008	
1.278708e+003	8.531310e-008	
1.278713e+003	8.559147e-008	
1.278718e+003	8.586957e-008	
1.278723e+003	8.614776e-008	
1.278728e+003	8.642563e-008	
1.278732e+003	8.670403e-008	
1.278737e+003	8.698203e-008	
1.278742e+003	8.726024e-008	
1.278747e+003	8.753820e-008	
1.278752e+003	8.781645e-008	
1.278757e+003	8.809451e-008	
1.278762e+003	8.837268e-008	
1.278767e+003	8.865081e-008	
1.278771e+003	8.894003e-008	
1.278776e+003	8.924810e-008	
1.278781e+003	8.955772e-008	
1.278786e+003	8.986733e-008	
1.278791e+003	9.017708e-008	
1.278796e+003	9.048672e-008	
1.278801e+003	9.079637e-008	
1.278806e+003	9.110634e-008	
1.278811e+003	9.141607e-008	
1.278815e+003	9.172575e-008	
1.278820e+003	9.203568e-008	
1.278825e+003	9.234549e-008	
1.278830e+003	9.265493e-008	
1.278835e+003	9.296499e-008	
1.278840e+003	9.327482e-008	
1.278845e+003	9.358456e-008	
1.278850e+003	9.389444e-008	
1.278854e+003	9.420435e-008	
1.278859e+003	9.451431e-008	
1.278864e+003	9.482430e-008	
1.278869e+003	9.513413e-008	
1.278874e+003	9.548167e-008	
1.278879e+003	9.583632e-008	
1.278884e+003	9.619138e-008	
1.278889e+003	9.654654e-008	
1.278894e+003	9.690171e-008	
1.278898e+003	9.725675e-008	
1.278903e+003	9.761184e-008	
1.278908e+003	9.796696e-008	
1.278913e+003	9.832220e-008	
1.278918e+003	9.867747e-008	
1.278923e+003	9.903253e-008	
1.278928e+003	9.938790e-008	
1.278933e+003	9.974320e-008	
1.278938e+003	1.000986e-007	
1.278942e+003	1.004539e-007	
1.278947e+003	1.008093e-007	
1.278952e+003	1.011646e-007	
1.278957e+003	1.015201e-007	
1.278962e+003	1.018756e-007	
1.278967e+003	1.022312e-007	
1.278972e+003	1.026063e-007	
1.278977e+003	1.030085e-007	
1.278981e+003	1.034132e-007	
1.278986e+003	1.038182e-007	
1.278991e+003	1.042228e-007	
1.278996e+003	1.046276e-007	
1.279001e+003	1.050326e-007	
1.279006e+003	1.054375e-007	
1.279011e+003	1.058424e-007	
1.279016e+003	1.062476e-007	
1.279021e+003	1.066524e-007	
1.279025e+003	1.070575e-007	
1.279030e+003	1.074626e-007	
1.279035e+003	1.078676e-007	
1.279040e+003	1.082730e-007	
1.279045e+003	1.086779e-007	
1.279050e+003	1.090835e-007	
1.279055e+003	1.094885e-007	
1.279060e+003	1.098939e-007	
1.279064e+003	1.102993e-007	
1.279069e+003	1.107045e-007	
1.279074e+003	1.111584e-007	
1.279079e+003	1.116187e-007	
1.279084e+003	1.120794e-007	
1.279089e+003	1.125401e-007	
1.279094e+003	1.130007e-007	
1.279099e+003	1.134616e-007	
1.279104e+003	1.139223e-007	
1.279108e+003	1.143831e-007	
1.279113e+003	1.148440e-007	
1.279118e+003	1.153050e-007	
1.279123e+003	1.157659e-007	
1.279128e+003	1.162270e-007	
1.279133e+003	1.166882e-007	
1.279138e+003	1.171491e-007	
1.279143e+003	1.176103e-007	
1.279147e+003	1.180715e-007	
1.279152e+003	1.185328e-007	
1.279157e+003	1.189940e-007	
1.279162e+003	1.194553e-007	
1.279167e+003	1.199168e-007	
1.279172e+003	1.204078e-007	
1.279177e+003	1.209325e-007	
1.279182e+003	1.214615e-007	
1.279187e+003	1.219907e-007	
1.279191e+003	1.225195e-007	
1.279196e+003	1.230487e-007	
1.279201e+003	1.235779e-007	
1.279206e+003	1.241070e-007	
1.279211e+003	1.246365e-007	
1.279216e+003	1.251656e-007	
1.279221e+003	1.256951e-007	
1.279226e+003	1.262245e-007	
1.279230e+003	1.267540e-007	
1.279235e+003	1.272837e-007	
1.279240e+003	1.278134e-007	
1.279245e+003	1.283430e-007	
1.279250e+003	1.288727e-007	
1.279255e+003	1.294024e-007	
1.279260e+003	1.299324e-007	
1.279265e+003	1.304620e-007	
1.279270e+003	1.309940e-007	
1.279274e+003	1.315953e-007	
1.279279e+003	1.322061e-007	
1.279284e+003	1.328173e-007	
1.279289e+003	1.334289e-007	
1.279294e+003	1.340400e-007	
1.279299e+003	1.346514e-007	
1.279304e+003	1.352628e-007	
1.279309e+003	1.358741e-007	
1.279313e+003	1.364860e-007	
1.279318e+003	1.370974e-007	
1.279323e+003	1.377090e-007	
1.279328e+003	1.383208e-007	
1.279333e+003	1.389326e-007	
1.279338e+003	1.395443e-007	
1.279343e+003	1.401564e-007	
1.279348e+003	1.407682e-007	
1.279353e+003	1.413803e-007	
1.279357e+003	1.419924e-007	
1.279362e+003	1.426045e-007	
1.279367e+003	1.432167e-007	
1.279372e+003	1.438763e-007	
1.279377e+003	1.445815e-007	
1.279382e+003	1.452926e-007	
1.279387e+003	1.460034e-007	
1.279392e+003	1.467143e-007	
1.279396e+003	1.474255e-007	
1.279401e+003	1.481365e-007	
1.279406e+003	1.488476e-007	
1.279411e+003	1.495584e-007	
1.279416e+003	1.502697e-007	
1.279421e+003	1.509812e-007	
1.279426e+003	1.516923e-007	
1.279431e+003	1.524042e-007	
1.279436e+003	1.531157e-007	
1.279440e+003	1.538271e-007	
1.279445e+003	1.545389e-007	
1.279450e+003	1.552507e-007	
1.279455e+003	1.559623e-007	
1.279460e+003	1.566740e-007	
1.279465e+003	1.573861e-007	
1.279470e+003	1.581088e-007	
1.279475e+003	1.589254e-007	
1.279479e+003	1.597596e-007	
1.279484e+003	1.605928e-007	
1.279489e+003	1.614262e-007	
1.279494e+003	1.622602e-007	
1.279499e+003	1.630941e-007	
1.279504e+003	1.639278e-007	
1.279509e+003	1.647621e-007	
1.279514e+003	1.655963e-007	
1.279519e+003	1.664301e-007	
1.279523e+003	1.672643e-007	
1.279528e+003	1.680986e-007	
1.279533e+003	1.689329e-007	
1.279538e+003	1.697670e-007	
1.279543e+003	1.706014e-007	
1.279548e+003	1.714363e-007	
1.279553e+003	1.722706e-007	
1.279558e+003	1.731055e-007	
1.279562e+003	1.739403e-007	
1.279567e+003	1.747751e-007	
1.279572e+003	1.756895e-007	
1.279577e+003	1.766655e-007	
1.279582e+003	1.776502e-007	
1.279587e+003	1.786350e-007	
1.279592e+003	1.796200e-007	
1.279597e+003	1.806056e-007	
1.279602e+003	1.815904e-007	
1.279606e+003	1.825752e-007	
1.279611e+003	1.835605e-007	
1.279616e+003	1.845458e-007	
1.279621e+003	1.855308e-007	
1.279626e+003	1.865163e-007	
1.279631e+003	1.875024e-007	
1.279636e+003	1.884878e-007	
1.279641e+003	1.894731e-007	
1.279646e+003	1.904587e-007	
1.279650e+003	1.914447e-007	
1.279655e+003	1.924302e-007	
1.279660e+003	1.934161e-007	
1.279665e+003	1.944025e-007	
1.279670e+003	1.954121e-007	
1.279675e+003	1.965599e-007	
1.279680e+003	1.977363e-007	
1.279685e+003	1.989128e-007	
1.279689e+003	2.000892e-007	
1.279694e+003	2.012654e-007	
1.279699e+003	2.024426e-007	
1.279704e+003	2.036190e-007	
1.279709e+003	2.047960e-007	
1.279714e+003	2.059730e-007	
1.279719e+003	2.071498e-007	
1.279724e+003	2.083266e-007	
1.279729e+003	2.095033e-007	
1.279733e+003	2.106807e-007	
1.279738e+003	2.118576e-007	
1.279743e+003	2.130347e-007	
1.279748e+003	2.142124e-007	
1.279753e+003	2.153895e-007	
1.279758e+003	2.165667e-007	
1.279763e+003	2.177439e-007	
1.279768e+003	2.189216e-007	
1.279772e+003	2.202320e-007	
1.279777e+003	2.216354e-007	
1.279782e+003	2.230527e-007	
1.279787e+003	2.244701e-007	
1.279792e+003	2.258873e-007	
1.279797e+003	2.273042e-007	
1.279802e+003	2.287219e-007	
1.279807e+003	2.301387e-007	
1.279812e+003	2.315560e-007	
1.279816e+003	2.329737e-007	
1.279821e+003	2.343908e-007	
1.279826e+003	2.358084e-007	
1.279831e+003	2.372257e-007	
1.279836e+003	2.386433e-007	
1.279841e+003	2.400606e-007	
1.279846e+003	2.414782e-007	
1.279851e+003	2.428952e-007	
1.279855e+003	2.443128e-007	
1.279860e+003	2.457298e-007	
1.279865e+003	2.471476e-007	
1.279870e+003	2.486158e-007	
1.279875e+003	2.502971e-007	
1.279880e+003	2.520209e-007	
1.279885e+003	2.537453e-007	
1.279890e+003	2.554692e-007	
1.279895e+003	2.571931e-007	
1.279899e+003	2.589176e-007	
1.279904e+003	2.606417e-007	
1.279909e+003	2.623655e-007	
1.279914e+003	2.640897e-007	
1.279919e+003	2.658136e-007	
1.279924e+003	2.675373e-007	
1.279929e+003	2.692607e-007	
1.279934e+003	2.709845e-007	
1.279938e+003	2.727082e-007	
1.279943e+003	2.744318e-007	
1.279948e+003	2.761553e-007	
1.279953e+003	2.778786e-007	
1.279958e+003	2.796019e-007	
1.279963e+003	2.813249e-007	
1.279968e+003	2.830480e-007	
1.279973e+003	2.850086e-007	
1.279978e+003	2.871078e-007	
1.279982e+003	2.892270e-007	
1.279987e+003	2.913458e-007	
1.279992e+003	2.934645e-007	
1.279997e+003	2.955830e-007	
1.280002e+003	2.977015e-007	
1.280007e+003	2.998192e-007	
1.280012e+003	3.019378e-007	
1.280017e+003	3.040554e-007	
1.280021e+003	3.061732e-007	
1.280026e+003	3.082909e-007	
1.280031e+003	3.104083e-007	
1.280036e+003	3.125248e-007	
1.280041e+003	3.146421e-007	
1.280046e+003	3.167589e-007	
1.280051e+003	3.188753e-007	
1.280056e+003	3.209919e-007	
1.280061e+003	3.231078e-007	
1.280065e+003	3.252236e-007	
1.280070e+003	3.274523e-007	
1.280075e+003	3.300054e-007	
1.280080e+003	3.326326e-007	
1.280085e+003	3.352592e-007	
1.280090e+003	3.378870e-007	
1.280095e+003	3.405132e-007	
1.280100e+003	3.431396e-007	
1.280104e+003	3.457658e-007	
1.280109e+003	3.483913e-007	
1.280114e+003	3.510170e-007	
1.280119e+003	3.536421e-007	
1.280124e+003	3.562665e-007	
1.280129e+003	3.588910e-007	
1.280134e+003	3.615154e-007	
1.280139e+003	3.641390e-007	
1.280144e+003	3.667625e-007	
1.280148e+003	3.693857e-007	
1.280153e+003	3.720085e-007	
1.280158e+003	3.746303e-007	
1.280163e+003	3.772530e-007	
1.280168e+003	3.798750e-007	
1.280173e+003	3.829162e-007	
1.280178e+003	3.861844e-007	
1.280183e+003	3.894814e-007	
1.280188e+003	3.927793e-007	
1.280192e+003	3.960770e-007	
1.280197e+003	3.993728e-007	
1.280202e+003	4.026699e-007	
1.280207e+003	4.059657e-007	
1.280212e+003	4.092612e-007	
1.280217e+003	4.125561e-007	
1.280222e+003	4.158509e-007	
1.280227e+003	4.191446e-007	
1.280231e+003	4.224389e-007	
1.280236e+003	4.257323e-007	
1.280241e+003	4.290248e-007	
1.280246e+003	4.323176e-007	
1.280251e+003	4.356092e-007	
1.280256e+003	4.389007e-007	
1.280261e+003	4.421915e-007	
1.280266e+003	4.454819e-007	
1.280271e+003	4.489931e-007	
1.280275e+003	4.530280e-007	
1.280280e+003	4.571952e-007	
1.280285e+003	4.613617e-007	
1.280290e+003	4.655280e-007	
1.280295e+003	4.696943e-007	
1.280300e+003	4.738594e-007	
1.280305e+003	4.780236e-007	
1.280310e+003	4.821885e-007	
1.280314e+003	4.863522e-007	
1.280319e+003	4.905157e-007	
1.280324e+003	4.946786e-007	
1.280329e+003	4.988406e-007	
1.280334e+003	5.030022e-007	
1.280339e+003	5.071634e-007	
1.280344e+003	5.113243e-007	
1.280349e+003	5.154845e-007	
1.280354e+003	5.196438e-007	
1.280358e+003	5.238031e-007	
1.280363e+003	5.279620e-007	
1.280368e+003	5.321201e-007	
1.280373e+003	5.370100e-007	
1.280378e+003	5.422411e-007	
1.280383e+003	5.475094e-007	
1.280388e+003	5.527777e-007	
1.280393e+003	5.580448e-007	
1.280397e+003	5.633115e-007	
1.280402e+003	5.685777e-007	
1.280407e+003	5.738431e-007	
1.280412e+003	5.791083e-007	
1.280417e+003	5.843731e-007	
1.280422e+003	5.896371e-007	
1.280427e+003	5.949011e-007	
1.280432e+003	6.001632e-007	
1.280437e+003	6.054258e-007	
1.280441e+003	6.106869e-007	
1.280446e+003	6.159495e-007	
1.280451e+003	6.212114e-007	
1.280456e+003	6.264707e-007	
1.280461e+003	6.317312e-007	
1.280466e+003	6.369902e-007	
1.280471e+003	6.426517e-007	
1.280476e+003	6.490491e-007	
1.280480e+003	6.556475e-007	
1.280485e+003	6.622434e-007	
1.280490e+003	6.688406e-007	
1.280495e+003	6.754361e-007	
1.280500e+003	6.820316e-007	
1.280505e+003	6.886272e-007	
1.280510e+003	6.952228e-007	
1.280515e+003	7.018182e-007	
1.280520e+003	7.084119e-007	
1.280524e+003	7.150050e-007	
1.280529e+003	7.215991e-007	
1.280534e+003	7.281918e-007	
1.280539e+003	7.347837e-007	
1.280544e+003	7.413757e-007	
1.280549e+003	7.479677e-007	
1.280554e+003	7.545591e-007	
1.280559e+003	7.611501e-007	
1.280563e+003	7.677405e-007	
1.280568e+003	7.743319e-007	
1.280573e+003	7.819019e-007	
1.280578e+003	7.898792e-007	
1.280583e+003	7.978829e-007	
1.280588e+003	8.058853e-007	
1.280593e+003	8.138884e-007	
1.280598e+003	8.218914e-007	
1.280603e+003	8.298944e-007	
1.280607e+003	8.378960e-007	
1.280612e+003	8.458976e-007	
1.280617e+003	8.538988e-007	
1.280622e+003	8.619007e-007	
1.280627e+003	8.699020e-007	
1.280632e+003	8.779031e-007	
1.280637e+003	8.859037e-007	
1.280642e+003	8.939044e-007	
1.280646e+003	9.019047e-007	
1.280651e+003	9.099055e-007	
1.280656e+003	9.179063e-007	
1.280661e+003	9.259066e-007	
1.280666e+003	9.339070e-007	
1.280671e+003	9.422598e-007	
1.280676e+003	9.511788e-007	
1.280681e+003	9.602604e-007	
1.280686e+003	9.693433e-007	
1.280690e+003	9.784262e-007	
1.280695e+003	9.875081e-007	
1.280700e+003	9.965914e-007	
1.280705e+003	1.005674e-006	
1.280710e+003	1.014756e-006	
1.280715e+003	1.023838e-006	
1.280720e+003	1.032920e-006	
1.280725e+003	1.042004e-006	
1.280729e+003	1.051086e-006	
1.280734e+003	1.060169e-006	
1.280739e+003	1.069251e-006	
1.280744e+003	1.078334e-006	
1.280749e+003	1.087417e-006	
1.280754e+003	1.096500e-006	
1.280759e+003	1.105584e-006	
1.280764e+003	1.114666e-006	
1.280769e+003	1.123750e-006	
1.280773e+003	1.132735e-006	
1.280778e+003	1.141682e-006	
1.280783e+003	1.150628e-006	
1.280788e+003	1.159572e-006	
1.280793e+003	1.168520e-006	
1.280798e+003	1.177465e-006	
1.280803e+003	1.186412e-006	
1.280808e+003	1.195358e-006	
1.280812e+003	1.204304e-006	
1.280817e+003	1.213251e-006	
1.280822e+003	1.222197e-006	
1.280827e+003	1.231147e-006	
1.280832e+003	1.240094e-006	
1.280837e+003	1.249040e-006	
1.280842e+003	1.257989e-006	
1.280847e+003	1.266938e-006	
1.280852e+003	1.275886e-006	
1.280856e+003	1.284835e-006	
1.280861e+003	1.293784e-006	
1.280866e+003	1.302733e-006	
1.280871e+003	1.310823e-006	
1.280876e+003	1.317727e-006	
1.280881e+003	1.324303e-006	
1.280886e+003	1.330882e-006	
1.280891e+003	1.337462e-006	
1.280896e+003	1.344043e-006	
1.280900e+003	1.350620e-006	
1.280905e+003	1.357198e-006	
1.280910e+003	1.363777e-006	
1.280915e+003	1.370358e-006	
1.280920e+003	1.376939e-006	
1.280925e+003	1.383517e-006	
1.280930e+003	1.390100e-006	
1.280935e+003	1.396683e-006	
1.280939e+003	1.403264e-006	
1.280944e+003	1.409846e-006	
1.280949e+003	1.416427e-006	
1.280954e+003	1.423011e-006	
1.280959e+003	1.429594e-006	
1.280964e+003	1.436175e-006	
1.280969e+003	1.442581e-006	
1.280974e+003	1.445524e-006	
1.280979e+003	1.447012e-006	
1.280983e+003	1.448503e-006	
1.280988e+003	1.449992e-006	
1.280993e+003	1.451482e-006	
1.280998e+003	1.452975e-006	
1.281003e+003	1.454463e-006	
1.281008e+003	1.455957e-006	
1.281013e+003	1.457449e-006	
1.281018e+003	1.458940e-006	
1.281022e+003	1.460434e-006	
1.281027e+003	1.461927e-006	
1.281032e+003	1.463420e-006	
1.281037e+003	1.464914e-006	
1.281042e+003	1.466407e-006	
1.281047e+003	1.467903e-006	
1.281052e+003	1.469398e-006	
1.281057e+003	1.470894e-006	
1.281062e+003	1.472389e-006	
1.281066e+003	1.473887e-006	
1.281071e+003	1.470513e-006	
1.281076e+003	1.461450e-006	
1.281081e+003	1.450849e-006	
1.281086e+003	1.440244e-006	
1.281091e+003	1.429642e-006	
1.281096e+003	1.419040e-006	
1.281101e+003	1.408437e-006	
1.281105e+003	1.397837e-006	
1.281110e+003	1.387234e-006	
1.281115e+003	1.376633e-006	
1.281120e+003	1.366035e-006	
1.281125e+003	1.355435e-006	
1.281130e+003	1.344835e-006	
1.281135e+003	1.334237e-006	
1.281140e+003	1.323637e-006	
1.281145e+003	1.313037e-006	
1.281149e+003	1.302440e-006	
1.281154e+003	1.291841e-006	
1.281159e+003	1.281245e-006	
1.281164e+003	1.270648e-006	
1.281169e+003	1.259556e-006	
1.281174e+003	1.243755e-006	
1.281179e+003	1.225809e-006	
1.281184e+003	1.207861e-006	
1.281188e+003	1.189914e-006	
1.281193e+003	1.171967e-006	
1.281198e+003	1.154021e-006	
1.281203e+003	1.136074e-006	
1.281208e+003	1.118127e-006	
1.281213e+003	1.100183e-006	
1.281218e+003	1.082236e-006	
1.281223e+003	1.064292e-006	
1.281228e+003	1.046345e-006	
1.281232e+003	1.028401e-006	
1.281237e+003	1.010458e-006	
1.281242e+003	9.925132e-007	
1.281247e+003	9.745689e-007	
1.281252e+003	9.566249e-007	
1.281257e+003	9.386825e-007	
1.281262e+003	9.207394e-007	
1.281267e+003	9.027967e-007	
1.281271e+003	8.858332e-007	
1.281276e+003	8.699287e-007	
1.281281e+003	8.543078e-007	
1.281286e+003	8.386869e-007	
1.281291e+003	8.230660e-007	
1.281296e+003	8.074453e-007	
1.281301e+003	7.918258e-007	
1.281306e+003	7.762057e-007	
1.281311e+003	7.605852e-007	
1.281315e+003	7.449661e-007	
1.281320e+003	7.293464e-007	
1.281325e+003	7.137270e-007	
1.281330e+003	6.981072e-007	
1.281335e+003	6.824894e-007	
1.281340e+003	6.668702e-007	
1.281345e+003	6.512522e-007	
1.281350e+003	6.356333e-007	
1.281354e+003	6.200156e-007	
1.281359e+003	6.043977e-007	
1.281364e+003	5.887804e-007	
1.281369e+003	5.737205e-007	
1.281374e+003	5.620939e-007	
1.281379e+003	5.519908e-007	
1.281384e+003	5.418875e-007	
1.281389e+003	5.317848e-007	
1.281394e+003	5.216821e-007	
1.281398e+003	5.115792e-007	
1.281403e+003	5.014771e-007	
1.281408e+003	4.913746e-007	
1.281413e+003	4.812724e-007	
1.281418e+003	4.711695e-007	
1.281423e+003	4.610675e-007	
1.281428e+003	4.509654e-007	
1.281433e+003	4.408638e-007	
1.281438e+003	4.307620e-007	
1.281442e+003	4.206609e-007	
1.281447e+003	4.105590e-007	
1.281452e+003	4.004581e-007	
1.281457e+003	3.903563e-007	
1.281462e+003	3.802552e-007	
1.281467e+003	3.701538e-007	
1.281472e+003	3.621175e-007	
1.281477e+003	3.560760e-007	
1.281481e+003	3.505106e-007	
1.281486e+003	3.449459e-007	
1.281491e+003	3.393813e-007	
1.281496e+003	3.338162e-007	
1.281501e+003	3.282521e-007	
1.281506e+003	3.226879e-007	
1.281511e+003	3.171237e-007	
1.281516e+003	3.115595e-007	
1.281521e+003	3.059952e-007	
1.281525e+003	3.004312e-007	
1.281530e+003	2.948676e-007	
1.281535e+003	2.893036e-007	
1.281540e+003	2.837399e-007	
1.281545e+003	2.781761e-007	
1.281550e+003	2.726121e-007	
1.281555e+003	2.670486e-007	
1.281560e+003	2.614850e-007	
1.281564e+003	2.559217e-007	
1.281569e+003	2.507697e-007	
1.281574e+003	2.472563e-007	
1.281579e+003	2.445060e-007	
1.281584e+003	2.417555e-007	
1.281589e+003	2.390053e-007	
1.281594e+003	2.362552e-007	
1.281599e+003	2.335051e-007	
1.281604e+003	2.307552e-007	
1.281608e+003	2.280052e-007	
1.281613e+003	2.252553e-007	
1.281618e+003	2.225054e-007	
1.281623e+003	2.197556e-007	
1.281628e+003	2.170056e-007	
1.281633e+003	2.142562e-007	
1.281638e+003	2.115066e-007	
1.281643e+003	2.087571e-007	
1.281647e+003	2.060076e-007	
1.281652e+003	2.032585e-007	
1.281657e+003	2.005092e-007	
1.281662e+003	1.977597e-007	
1.281667e+003	1.950106e-007	
1.281672e+003	1.929951e-007	
1.281677e+003	1.916640e-007	
1.281682e+003	1.904811e-007	
1.281687e+003	1.892973e-007	
1.281691e+003	1.881137e-007	
1.281696e+003	1.869298e-007	
1.281701e+003	1.857468e-007	
1.281706e+003	1.845630e-007	
1.281711e+003	1.833796e-007	
1.281716e+003	1.821965e-007	
1.281721e+003	1.810135e-007	
1.281726e+003	1.798303e-007	
1.281730e+003	1.786472e-007	
1.281735e+003	1.774641e-007	
1.281740e+003	1.762811e-007	
1.281745e+003	1.750979e-007	
1.281750e+003	1.739151e-007	
1.281755e+003	1.727323e-007	
1.281760e+003	1.715498e-007	
1.281765e+003	1.703672e-007	
1.281770e+003	1.693333e-007	
1.281774e+003	1.687806e-007	
1.281779e+003	1.684632e-007	
1.281784e+003	1.681458e-007	
1.281789e+003	1.678288e-007	
1.281794e+003	1.675115e-007	
1.281799e+003	1.671944e-007	
1.281804e+003	1.668775e-007	
1.281809e+003	1.665600e-007	
1.281813e+003	1.662434e-007	
1.281818e+003	1.659265e-007	
1.281823e+003	1.656100e-007	
1.281828e+003	1.652932e-007	
1.281833e+003	1.649763e-007	
1.281838e+003	1.646596e-007	
1.281843e+003	1.643430e-007	
1.281848e+003	1.640267e-007	
1.281853e+003	1.637102e-007	
1.281857e+003	1.633937e-007	
1.281862e+003	1.630778e-007	
1.281867e+003	1.627616e-007	
1.281872e+003	1.626971e-007	
1.281877e+003	1.628467e-007	
1.281882e+003	1.630342e-007	
1.281887e+003	1.632217e-007	
1.281892e+003	1.634095e-007	
1.281896e+003	1.635970e-007	
1.281901e+003	1.637846e-007	
1.281906e+003	1.639726e-007	
1.281911e+003	1.641605e-007	
1.281916e+003	1.643484e-007	
1.281921e+003	1.645365e-007	
1.281926e+003	1.647247e-007	
1.281931e+003	1.649126e-007	
1.281936e+003	1.651007e-007	
1.281940e+003	1.652891e-007	
1.281945e+003	1.654774e-007	
1.281950e+003	1.656659e-007	
1.281955e+003	1.658546e-007	
1.281960e+003	1.660431e-007	
1.281965e+003	1.662317e-007	
1.281970e+003	1.664897e-007	
1.281975e+003	1.669223e-007	
1.281979e+003	1.674402e-007	
1.281984e+003	1.679589e-007	
1.281989e+003	1.684771e-007	
1.281994e+003	1.689956e-007	
1.281999e+003	1.695137e-007	
1.282004e+003	1.700324e-007	
1.282009e+003	1.705511e-007	
1.282014e+003	1.710697e-007	
1.282019e+003	1.715887e-007	
1.282023e+003	1.721073e-007	
1.282028e+003	1.726262e-007	
1.282033e+003	1.731452e-007	
1.282038e+003	1.736645e-007	
1.282043e+003	1.741832e-007	
1.282048e+003	1.747025e-007	
1.282053e+003	1.752218e-007	
1.282058e+003	1.757411e-007	
1.282062e+003	1.762604e-007	
1.282067e+003	1.767801e-007	
1.282072e+003	1.774325e-007	
1.282077e+003	1.781926e-007	
1.282082e+003	1.789654e-007	
1.282087e+003	1.797385e-007	
1.282092e+003	1.805113e-007	
1.282097e+003	1.812843e-007	
1.282102e+003	1.820576e-007	
1.282106e+003	1.828310e-007	
1.282111e+003	1.836040e-007	
1.282116e+003	1.843774e-007	
1.282121e+003	1.851509e-007	
1.282126e+003	1.859242e-007	
1.282131e+003	1.866978e-007	
1.282136e+003	1.874716e-007	
1.282141e+003	1.882453e-007	
1.282146e+003	1.890188e-007	
1.282150e+003	1.897929e-007	
1.282155e+003	1.905667e-007	
1.282160e+003	1.913405e-007	
1.282165e+003	1.921145e-007	
1.282170e+003	1.929427e-007	
1.282175e+003	1.938918e-007	
1.282180e+003	1.949008e-007	
1.282185e+003	1.959100e-007	
1.282189e+003	1.969189e-007	
1.282194e+003	1.979279e-007	
1.282199e+003	1.989372e-007	
1.282204e+003	1.999466e-007	
1.282209e+003	2.009559e-007	
1.282214e+003	2.019655e-007	
1.282219e+003	2.029748e-007	
1.282224e+003	2.039846e-007	
1.282229e+003	2.049942e-007	
1.282233e+003	2.060040e-007	
1.282238e+003	2.070136e-007	
1.282243e+003	2.080234e-007	
1.282248e+003	2.090335e-007	
1.282253e+003	2.100432e-007	
1.282258e+003	2.110534e-007	
1.282263e+003	2.120638e-007	
1.282268e+003	2.130739e-007	
1.282272e+003	2.142152e-007	
1.282277e+003	2.154637e-007	
1.282282e+003	2.167206e-007	
1.282287e+003	2.179773e-007	
1.282292e+003	2.192340e-007	
1.282297e+003	2.204911e-007	
1.282302e+003	2.217480e-007	
1.282307e+003	2.230048e-007	
1.282312e+003	2.242618e-007	
1.282316e+003	2.255189e-007	
1.282321e+003	2.267765e-007	
1.282326e+003	2.280335e-007	
1.282331e+003	2.292908e-007	
1.282336e+003	2.305480e-007	
1.282341e+003	2.318054e-007	
1.282346e+003	2.330633e-007	
1.282351e+003	2.343206e-007	
1.282355e+003	2.355783e-007	
1.282360e+003	2.368360e-007	
1.282365e+003	2.380937e-007	
1.282370e+003	2.394251e-007	
1.282375e+003	2.409008e-007	
1.282380e+003	2.424429e-007	
1.282385e+003	2.439851e-007	
1.282390e+003	2.455272e-007	
1.282395e+003	2.470696e-007	
1.282399e+003	2.486119e-007	
1.282404e+003	2.501544e-007	
1.282409e+003	2.516966e-007	
1.282414e+003	2.532394e-007	
1.282419e+003	2.547820e-007	
1.282424e+003	2.563243e-007	
1.282429e+003	2.578669e-007	
1.282434e+003	2.594098e-007	
1.282438e+003	2.609525e-007	
1.282443e+003	2.624953e-007	
1.282448e+003	2.640381e-007	
1.282453e+003	2.655808e-007	
1.282458e+003	2.671237e-007	
1.282463e+003	2.686665e-007	
1.282468e+003	2.702093e-007	
1.282473e+003	2.719427e-007	
1.282478e+003	2.738319e-007	
1.282482e+003	2.757213e-007	
1.282487e+003	2.776103e-007	
1.282492e+003	2.794997e-007	
1.282497e+003	2.813888e-007	
1.282502e+003	2.832780e-007	
1.282507e+003	2.851673e-007	
1.282512e+003	2.870565e-007	
1.282517e+003	2.889459e-007	
1.282521e+003	2.908350e-007	
1.282526e+003	2.927242e-007	
1.282531e+003	2.946137e-007	
1.282536e+003	2.965026e-007	
1.282541e+003	2.983916e-007	
1.282546e+003	3.002807e-007	
1.282551e+003	3.021698e-007	
1.282556e+003	3.040585e-007	
1.282561e+003	3.059479e-007	
1.282565e+003	3.078371e-007	
1.282570e+003	3.098501e-007	
1.282575e+003	3.120781e-007	
1.282580e+003	3.143993e-007	
1.282585e+003	3.167195e-007	
1.282590e+003	3.190403e-007	
1.282595e+003	3.213607e-007	
1.282600e+003	3.236803e-007	
1.282604e+003	3.260008e-007	
1.282609e+003	3.283209e-007	
1.282614e+003	3.306406e-007	
1.282619e+003	3.329607e-007	
1.282624e+003	3.352805e-007	
1.282629e+003	3.375997e-007	
1.282634e+003	3.399194e-007	
1.282639e+003	3.422384e-007	
1.282644e+003	3.445575e-007	
1.282648e+003	3.468767e-007	
1.282653e+003	3.491952e-007	
1.282658e+003	3.515134e-007	
1.282663e+003	3.538321e-007	
1.282668e+003	3.561648e-007	
1.282673e+003	3.587902e-007	
1.282678e+003	3.616676e-007	
1.282683e+003	3.645452e-007	
1.282688e+003	3.674224e-007	
1.282692e+003	3.702994e-007	
1.282697e+003	3.731761e-007	
1.282702e+003	3.760528e-007	
1.282707e+003	3.789287e-007	
1.282712e+003	3.818048e-007	
1.282717e+003	3.846801e-007	
1.282722e+003	3.875554e-007	
1.282727e+003	3.904305e-007	
1.282731e+003	3.933054e-007	
1.282736e+003	3.961798e-007	
1.282741e+003	3.990538e-007	
1.282746e+003	4.019272e-007	
1.282751e+003	4.048008e-007	
1.282756e+003	4.076738e-007	
1.282761e+003	4.105464e-007	
1.282766e+003	4.134187e-007	
1.282771e+003	4.165098e-007	
1.282775e+003	4.199614e-007	
1.282780e+003	4.235594e-007	
1.282785e+003	4.271567e-007	
1.282790e+003	4.307531e-007	
1.282795e+003	4.343499e-007	
1.282800e+003	4.379461e-007	
1.282805e+003	4.415420e-007	
1.282810e+003	4.451369e-007	
1.282814e+003	4.487314e-007	
1.282819e+003	4.523258e-007	
1.282824e+003	4.559196e-007	
1.282829e+003	4.595130e-007	
1.282834e+003	4.631056e-007	
1.282839e+003	4.666976e-007	
1.282844e+003	4.702899e-007	
1.282849e+003	4.738808e-007	
1.282854e+003	4.774713e-007	
1.282858e+003	4.810615e-007	
1.282863e+003	4.846510e-007	
1.282868e+003	4.882897e-007	
1.282873e+003	4.924187e-007	
1.282878e+003	4.969512e-007	
1.282883e+003	5.014829e-007	
1.282888e+003	5.060142e-007	
1.282893e+003	5.105445e-007	
1.282897e+003	5.150751e-007	
1.282902e+003	5.196040e-007	
1.282907e+003	5.241329e-007	
1.282912e+003	5.286609e-007	
1.282917e+003	5.331882e-007	
1.282922e+003	5.377148e-007	
1.282927e+003	5.422411e-007	
1.282932e+003	5.467669e-007	
1.282937e+003	5.512916e-007	
1.282941e+003	5.558153e-007	
1.282946e+003	5.603388e-007	
1.282951e+003	5.648620e-007	
1.282956e+003	5.693840e-007	
1.282961e+003	5.739051e-007	
1.282966e+003	5.784259e-007	
1.282971e+003	5.833450e-007	
1.282976e+003	5.888778e-007	
1.282980e+003	5.946259e-007	
1.282985e+003	6.003712e-007	
1.282990e+003	6.061181e-007	
1.282995e+003	6.118625e-007	
1.283000e+003	6.176073e-007	
1.283005e+003	6.233507e-007	
1.283010e+003	6.290935e-007	
1.283015e+003	6.348358e-007	
1.283020e+003	6.405782e-007	
1.283024e+003	6.463188e-007	
1.283029e+003	6.520581e-007	
1.283034e+003	6.577971e-007	
1.283039e+003	6.635354e-007	
1.283044e+003	6.692737e-007	
1.283049e+003	6.750107e-007	
1.283054e+003	6.807462e-007	
1.283059e+003	6.864815e-007	
1.283063e+003	6.922159e-007	
1.283068e+003	6.980864e-007	
1.283073e+003	7.047371e-007	
1.283078e+003	7.120325e-007	
1.283083e+003	7.193280e-007	
1.283088e+003	7.266207e-007	
1.283093e+003	7.339137e-007	
1.283098e+003	7.412060e-007	
1.283103e+003	7.484967e-007	
1.283107e+003	7.557877e-007	
1.283112e+003	7.630766e-007	
1.283117e+003	7.703658e-007	
1.283122e+003	7.776540e-007	
1.283127e+003	7.849411e-007	
1.283132e+003	7.922280e-007	
1.283137e+003	7.995139e-007	
1.283142e+003	8.067983e-007	
1.283146e+003	8.140829e-007	
1.283151e+003	8.213660e-007	
1.283156e+003	8.286487e-007	
1.283161e+003	8.359297e-007	
1.283166e+003	8.432108e-007	
1.283171e+003	8.511337e-007	
1.283176e+003	8.600408e-007	
1.283181e+003	8.692505e-007	
1.283186e+003	8.784596e-007	
1.283190e+003	8.876690e-007	
1.283195e+003	8.968768e-007	
1.283200e+003	9.060836e-007	
1.283205e+003	9.152907e-007	
1.283210e+003	9.244961e-007	
1.283215e+003	9.337020e-007	
1.283220e+003	9.429061e-007	
1.283225e+003	9.521098e-007	
1.283229e+003	9.613130e-007	
1.283234e+003	9.705160e-007	
1.283239e+003	9.797179e-007	
1.283244e+003	9.889194e-007	
1.283249e+003	9.981206e-007	
1.283254e+003	1.007320e-006	
1.283259e+003	1.016520e-006	
1.283264e+003	1.025720e-006	
1.283269e+003	1.035144e-006	
1.283273e+003	1.045596e-006	
1.283278e+003	1.056909e-006	
1.283283e+003	1.068221e-006	
1.283288e+003	1.079533e-006	
1.283293e+003	1.090845e-006	
1.283298e+003	1.102155e-006	
1.283303e+003	1.113465e-006	
1.283308e+003	1.124775e-006	
1.283312e+003	1.136084e-006	
1.283317e+003	1.147394e-006	
1.283322e+003	1.158702e-006	
1.283327e+003	1.170011e-006	
1.283332e+003	1.181320e-006	
1.283337e+003	1.192626e-006	
1.283342e+003	1.203933e-006	
1.283347e+003	1.215241e-006	
1.283352e+003	1.226549e-006	
1.283356e+003	1.237855e-006	
1.283361e+003	1.249164e-006	
1.283366e+003	1.260468e-006	
1.283371e+003	1.272405e-006	
1.283376e+003	1.285248e-006	
1.283381e+003	1.298325e-006	
1.283386e+003	1.311399e-006	
1.283391e+003	1.324474e-006	
1.283396e+003	1.337549e-006	
1.283400e+003	1.350625e-006	
1.283405e+003	1.363699e-006	
1.283410e+003	1.376775e-006	
1.283415e+003	1.389848e-006	
1.283420e+003	1.402924e-006	
1.283425e+003	1.415998e-006	
1.283430e+003	1.429074e-006	
1.283435e+003	1.442148e-006	
1.283439e+003	1.455223e-006	
1.283444e+003	1.468297e-006	
1.283449e+003	1.481372e-006	
1.283454e+003	1.494449e-006	
1.283459e+003	1.507522e-006	
1.283464e+003	1.520599e-006	
1.283469e+003	1.533710e-006	
1.283474e+003	1.546951e-006	
1.283479e+003	1.560296e-006	
1.283483e+003	1.573641e-006	
1.283488e+003	1.586985e-006	
1.283493e+003	1.600331e-006	
1.283498e+003	1.613677e-006	
1.283503e+003	1.627023e-006	
1.283508e+003	1.640369e-006	
1.283513e+003	1.653714e-006	
1.283518e+003	1.667061e-006	
1.283522e+003	1.680407e-006	
1.283527e+003	1.693754e-006	
1.283532e+003	1.707101e-006	
1.283537e+003	1.720449e-006	
1.283542e+003	1.733798e-006	
1.283547e+003	1.747145e-006	
1.283552e+003	1.760494e-006	
1.283557e+003	1.773844e-006	
1.283562e+003	1.787193e-006	
1.283566e+003	1.800542e-006	
1.283571e+003	1.812848e-006	
1.283576e+003	1.823655e-006	
1.283581e+003	1.834192e-006	
1.283586e+003	1.844728e-006	
1.283591e+003	1.855267e-006	
1.283596e+003	1.865806e-006	
1.283601e+003	1.876343e-006	
1.283605e+003	1.886882e-006	
1.283610e+003	1.897421e-006	
1.283615e+003	1.907963e-006	
1.283620e+003	1.918503e-006	
1.283625e+003	1.929043e-006	
1.283630e+003	1.939584e-006	
1.283635e+003	1.950125e-006	
1.283640e+003	1.960669e-006	
1.283645e+003	1.971212e-006	
1.283649e+003	1.981756e-006	
1.283654e+003	1.992299e-006	
1.283659e+003	2.002843e-006	
1.283664e+003	2.013389e-006	
1.283669e+003	2.022954e-006	
1.283674e+003	2.029369e-006	
1.283679e+003	2.033322e-006	
1.283684e+003	2.037274e-006	
1.283688e+003	2.041226e-006	
1.283693e+003	2.045181e-006	
1.283698e+003	2.049136e-006	
1.283703e+003	2.053090e-006	
1.283708e+003	2.057047e-006	
1.283713e+003	2.061002e-006	
1.283718e+003	2.064959e-006	
1.283723e+003	2.068916e-006	
1.283728e+003	2.072873e-006	
1.283732e+003	2.076833e-006	
1.283737e+003	2.080792e-006	
1.283742e+003	2.084751e-006	
1.283747e+003	2.088712e-006	
1.283752e+003	2.092673e-006	
1.283757e+003	2.096634e-006	
1.283762e+003	2.100597e-006	
1.283767e+003	2.104559e-006	
1.283771e+003	2.102496e-006	
1.283776e+003	2.091420e-006	
1.283781e+003	2.079179e-006	
1.283786e+003	2.066940e-006	
1.283791e+003	2.054701e-006	
1.283796e+003	2.042462e-006	
1.283801e+003	2.030224e-006	
1.283806e+003	2.017987e-006	
1.283811e+003	2.005751e-006	
1.283815e+003	1.993514e-006	
1.283820e+003	1.981279e-006	
1.283825e+003	1.969043e-006	
1.283830e+003	1.956809e-006	
1.283835e+003	1.944575e-006	
1.283840e+003	1.932342e-006	
1.283845e+003	1.920110e-006	
1.283850e+003	1.907879e-006	
1.283854e+003	1.895647e-006	
1.283859e+003	1.883416e-006	
1.283864e+003	1.871185e-006	
1.283869e+003	1.856554e-006	
1.283874e+003	1.835071e-006	
1.283879e+003	1.808716e-006	
1.283884e+003	1.782361e-006	
1.283889e+003	1.756007e-006	
1.283894e+003	1.729653e-006	
1.283898e+003	1.703299e-006	
1.283903e+003	1.676946e-006	
1.283908e+003	1.650594e-006	
1.283913e+003	1.624241e-006	
1.283918e+003	1.597889e-006	
1.283923e+003	1.571539e-006	
1.283928e+003	1.545188e-006	
1.283933e+003	1.518838e-006	
1.283938e+003	1.492488e-006	
1.283942e+003	1.466140e-006	
1.283947e+003	1.439791e-006	
1.283952e+003	1.413442e-006	
1.283957e+003	1.387095e-006	
1.283962e+003	1.360746e-006	
1.283967e+003	1.334401e-006	
1.283972e+003	1.308507e-006	
1.283977e+003	1.283318e-006	
1.283981e+003	1.258165e-006	
1.283986e+003	1.233013e-006	
1.283991e+003	1.207860e-006	
1.283996e+003	1.182709e-006	
1.284001e+003	1.157558e-006	
1.284006e+003	1.132407e-006	
1.284011e+003	1.107256e-006	
1.284016e+003	1.082106e-006	
1.284021e+003	1.056956e-006	
1.284025e+003	1.031806e-006	
1.284030e+003	1.006657e-006	
1.284035e+003	9.815079e-007	
1.284040e+003	9.563594e-007	
1.284045e+003	9.312113e-007	
1.284050e+003	9.060630e-007	
1.284055e+003	8.809153e-007	
1.284060e+003	8.557678e-007	
1.284064e+003	8.306205e-007	
1.284069e+003	8.069791e-007	
1.284074e+003	7.872592e-007	
1.284079e+003	7.700353e-007	
1.284084e+003	7.528111e-007	
1.284089e+003	7.355879e-007	
1.284094e+003	7.183646e-007	
1.284099e+003	7.011419e-007	
1.284104e+003	6.839190e-007	
1.284108e+003	6.666965e-007	
1.284113e+003	6.494741e-007	
1.284118e+003	6.322518e-007	
1.284123e+003	6.150303e-007	
1.284128e+003	5.978085e-007	
1.284133e+003	5.805875e-007	
1.284138e+003	5.633659e-007	
1.284143e+003	5.461449e-007	
1.284147e+003	5.289236e-007	
1.284152e+003	5.117028e-007	
1.284157e+003	4.944822e-007	
1.284162e+003	4.772615e-007	
1.284167e+003	4.600409e-007	
1.284172e+003	4.455136e-007	
1.284177e+003	4.354741e-007	
1.284182e+003	4.254351e-007	
1.284187e+003	4.153960e-007	
1.284191e+003	4.053571e-007	
1.284196e+003	3.953180e-007	
1.284201e+003	3.852793e-007	
1.284206e+003	3.752406e-007	
1.284211e+003	3.652023e-007	
1.284216e+003	3.551637e-007	
1.284221e+003	3.451255e-007	
1.284226e+003	3.350874e-007	
1.284230e+003	3.250493e-007	
1.284235e+003	3.150115e-007	
1.284240e+003	3.049736e-007	
1.284245e+003	2.949363e-007	
1.284250e+003	2.848986e-007	
1.284255e+003	2.748611e-007	
1.284260e+003	2.648236e-007	
1.284265e+003	2.547860e-007	
1.284270e+003	2.456544e-007	
1.284274e+003	2.388514e-007	
1.284279e+003	2.334139e-007	
1.284284e+003	2.279765e-007	
1.284289e+003	2.225392e-007	
1.284294e+003	2.171020e-007	
1.284299e+003	2.116649e-007	
1.284304e+003	2.062277e-007	
1.284309e+003	2.007908e-007	
1.284313e+003	1.953536e-007	
1.284318e+003	1.899168e-007	
1.284323e+003	1.844800e-007	
1.284328e+003	1.790432e-007	
1.284333e+003	1.736064e-007	
1.284338e+003	1.681697e-007	
1.284343e+003	1.627330e-007	
1.284348e+003	1.572965e-007	
1.284353e+003	1.518600e-007	
1.284357e+003	1.464237e-007	
1.284362e+003	1.409872e-007	
1.284367e+003	1.355987e-007	
1.284372e+003	1.311987e-007	
1.284377e+003	1.283138e-007	
1.284382e+003	1.254289e-007	
1.284387e+003	1.225439e-007	
1.284392e+003	1.196591e-007	
1.284396e+003	1.167743e-007	
1.284401e+003	1.138895e-007	
1.284406e+003	1.110048e-007	
1.284411e+003	1.081201e-007	
1.284416e+003	1.052354e-007	
1.284421e+003	1.023508e-007	
1.284426e+003	9.946616e-008	
1.284431e+003	9.658160e-008	
1.284436e+003	9.369703e-008	
1.284440e+003	9.081250e-008	
1.284445e+003	8.792800e-008	
1.284450e+003	8.504350e-008	
1.284455e+003	8.215912e-008	
1.284460e+003	7.927471e-008	
1.284465e+003	7.639027e-008	
1.284470e+003	7.378790e-008	
1.284475e+003	7.189696e-008	
1.284479e+003	7.035505e-008	
1.284484e+003	6.881313e-008	
1.284489e+003	6.727127e-008	
1.284494e+003	6.572940e-008	
1.284499e+003	6.418757e-008	
1.284504e+003	6.264577e-008	
1.284509e+003	6.110395e-008	
1.284514e+003	5.956220e-008	
1.284519e+003	5.802044e-008	
1.284523e+003	5.647870e-008	
1.284528e+003	5.493697e-008	
1.284533e+003	5.339527e-008	
1.284538e+003	5.185357e-008	
1.284543e+003	5.031189e-008	
1.284548e+003	4.877025e-008	
1.284553e+003	4.722860e-008	
1.284558e+003	4.568694e-008	
1.284562e+003	4.414533e-008	
1.284567e+003	4.263440e-008	
1.284572e+003	4.139497e-008	
1.284577e+003	4.055415e-008	
1.284582e+003	3.971332e-008	
1.284587e+003	3.887249e-008	
1.284592e+003	3.803170e-008	
1.284597e+003	3.719095e-008	
1.284602e+003	3.635019e-008	
1.284606e+003	3.550940e-008	
1.284611e+003	3.466863e-008	
1.284616e+003	3.382790e-008	
1.284621e+003	3.298714e-008	
1.284626e+003	3.214641e-008	
1.284631e+003	3.130568e-008	
1.284636e+003	3.046497e-008	
1.284641e+003	2.962425e-008	
1.284646e+003	2.878356e-008	
1.284650e+003	2.794287e-008	
1.284655e+003	2.710220e-008	
1.284660e+003	2.626152e-008	
1.284665e+003	2.542086e-008	
1.284670e+003	2.465818e-008	
1.284675e+003	2.409941e-008	
1.284680e+003	2.362785e-008	
1.284685e+003	2.315631e-008	
1.284689e+003	2.268476e-008	
1.284694e+003	2.221323e-008	
1.284699e+003	2.174170e-008	
1.284704e+003	2.127017e-008	
1.284709e+003	2.079866e-008	
1.284714e+003	2.032714e-008	
1.284719e+003	1.985563e-008	
1.284724e+003	1.938413e-008	
1.284729e+003	1.891264e-008	
1.284733e+003	1.844117e-008	
1.284738e+003	1.796970e-008	
1.284743e+003	1.749821e-008	
1.284748e+003	1.702674e-008	
1.284753e+003	1.655528e-008	
1.284758e+003	1.608382e-008	
1.284763e+003	1.561235e-008	
1.284768e+003	1.515220e-008	
1.284772e+003	1.476880e-008	
1.284777e+003	1.449607e-008	
1.284782e+003	1.422334e-008	
1.284787e+003	1.395061e-008	
1.284792e+003	1.367788e-008	
1.284797e+003	1.340516e-008	
1.284802e+003	1.313245e-008	
1.284807e+003	1.285973e-008	
1.284812e+003	1.258703e-008	
1.284816e+003	1.231433e-008	
1.284821e+003	1.204162e-008	
1.284826e+003	1.176892e-008	
1.284831e+003	1.149623e-008	
1.284836e+003	1.122354e-008	
1.284841e+003	1.095085e-008	
1.284846e+003	1.067817e-008	
1.284851e+003	1.040549e-008	
1.284855e+003	1.013281e-008	
1.284860e+003	9.860122e-009	
1.284865e+003	9.587461e-009	
1.284870e+003	9.339830e-009	
1.284875e+003	9.154963e-009	
1.284880e+003	8.992371e-009	
1.284885e+003	8.829774e-009	
1.284890e+003	8.667192e-009	
1.284895e+003	8.504603e-009	
1.284899e+003	8.342020e-009	
1.284904e+003	8.179436e-009	
1.284909e+003	8.016857e-009	
1.284914e+003	7.854280e-009	
1.284919e+003	7.691702e-009	
1.284924e+003	7.529134e-009	
1.284929e+003	7.366560e-009	
1.284934e+003	7.203992e-009	
1.284938e+003	7.041425e-009	
1.284943e+003	6.878858e-009	
1.284948e+003	6.716298e-009	
1.284953e+003	6.553736e-009	
1.284958e+003	6.391174e-009	
1.284963e+003	6.228619e-009	
1.284968e+003	6.070782e-009	
1.284973e+003	5.938090e-009	
1.284978e+003	5.838404e-009	
1.284982e+003	5.738725e-009	
1.284987e+003	5.639046e-009	
1.284992e+003	5.539369e-009	
1.284997e+003	5.439691e-009	
1.285002e+003	5.340015e-009	
1.285007e+003	5.240340e-009	
1.285012e+003	5.140666e-009	
1.285017e+003	5.041001e-009	
1.285021e+003	4.941330e-009	
1.285026e+003	4.841662e-009	
1.285031e+003	4.741997e-009	
1.285036e+003	4.642339e-009	
1.285041e+003	4.542676e-009	
1.285046e+003	4.443014e-009	
1.285051e+003	4.343350e-009	
1.285056e+003	4.243691e-009	
1.285061e+003	4.144031e-009	
1.285065e+003	4.044373e-009	
1.285070e+003	3.953316e-009	
1.285075e+003	3.884832e-009	
1.285080e+003	3.822175e-009	
1.285085e+003	3.759517e-009	
1.285090e+003	3.696861e-009	
1.285095e+003	3.634208e-009	
1.285100e+003	3.571554e-009	
1.285104e+003	3.508901e-009	
1.285109e+003	3.446250e-009	
1.285114e+003	3.383599e-009	
1.285119e+003	3.320948e-009	
1.285124e+003	3.258301e-009	
1.285129e+003	3.195653e-009	
1.285134e+003	3.133005e-009	
1.285139e+003	3.070359e-009	
1.285144e+003	3.007713e-009	
1.285148e+003	2.945066e-009	
1.285153e+003	2.882425e-009	
1.285158e+003	2.819782e-009	
1.285163e+003	2.757138e-009	
1.285168e+003	2.696329e-009	
1.285173e+003	2.644623e-009	
1.285178e+003	2.604190e-009	
1.285183e+003	2.563756e-009	
1.285188e+003	2.523324e-009	
1.285192e+003	2.482890e-009	
1.285197e+003	2.442456e-009	
1.285202e+003	2.402026e-009	
1.285207e+003	2.361597e-009	
1.285212e+003	2.321172e-009	
1.285217e+003	2.280742e-009	
1.285222e+003	2.240313e-009	
1.285227e+003	2.199886e-009	
1.285231e+003	2.159459e-009	
1.285236e+003	2.119031e-009	
1.285241e+003	2.078605e-009	
1.285246e+003	2.038178e-009	
1.285251e+003	1.997754e-009	
1.285256e+003	1.957329e-009	
1.285261e+003	1.916905e-009	
1.285266e+003	1.876480e-009	
1.285271e+003	1.839178e-009	
1.285275e+003	1.810771e-009	
1.285280e+003	1.784112e-009	
1.285285e+003	1.757453e-009	
1.285290e+003	1.730792e-009	
1.285295e+003	1.704134e-009	
1.285300e+003	1.677475e-009	
1.285305e+003	1.650816e-009	
1.285310e+003	1.624159e-009	
1.285314e+003	1.597502e-009	
1.285319e+003	1.570845e-009	
1.285324e+003	1.544189e-009	
1.285329e+003	1.517533e-009	
1.285334e+003	1.490879e-009	
1.285339e+003	1.464222e-009	
1.285344e+003	1.437566e-009	
1.285349e+003	1.410913e-009	
1.285354e+003	1.384259e-009	
1.285358e+003	1.357605e-009	
1.285363e+003	1.330951e-009	
1.285368e+003	1.305133e-009	
1.285373e+003	1.283065e-009	
1.285378e+003	1.265085e-009	
1.285383e+003	1.247105e-009	
1.285388e+003	1.229127e-009	
1.285393e+003	1.211148e-009	
1.285397e+003	1.193170e-009	
1.285402e+003	1.175192e-009	
1.285407e+003	1.157212e-009	
1.285412e+003	1.139233e-009	
1.285417e+003	1.121256e-009	
1.285422e+003	1.103279e-009	
1.285427e+003	1.085302e-009	
1.285432e+003	1.067325e-009	
1.285437e+003	1.049349e-009	
1.285441e+003	1.031373e-009	
1.285446e+003	1.013396e-009	
1.285451e+003	9.954211e-010	
1.285456e+003	9.774458e-010	
1.285461e+003	9.594703e-010	
1.285466e+003	9.414955e-010	
1.285471e+003	9.247973e-010	
1.285476e+003	9.120721e-010	
1.285480e+003	8.997733e-010	
1.285485e+003	8.874735e-010	
1.285490e+003	8.751750e-010	
1.285495e+003	8.628765e-010	
1.285500e+003	8.505784e-010	
1.285505e+003	8.382801e-010	
1.285510e+003	8.259822e-010	
1.285515e+003	8.136834e-010	
1.285520e+003	8.013860e-010	
1.285524e+003	7.890892e-010	
1.285529e+003	7.767909e-010	
1.285534e+003	7.644943e-010	
1.285539e+003	7.521971e-010	
1.285544e+003	7.399005e-010	
1.285549e+003	7.276041e-010	
1.285554e+003	7.153078e-010	
1.285559e+003	7.030119e-010	
1.285563e+003	6.907158e-010	
1.285568e+003	6.788125e-010	
1.285573e+003	6.686195e-010	
1.285578e+003	6.600217e-010	
1.285583e+003	6.514236e-010	
1.285588e+003	6.428255e-010	
1.285593e+003	6.342277e-010	
1.285598e+003	6.256299e-010	
1.285603e+003	6.170325e-010	
1.285607e+003	6.084351e-010	
1.285612e+003	5.998386e-010	
1.285617e+003	5.912416e-010	
1.285622e+003	5.826440e-010	
1.285627e+003	5.740479e-010	
1.285632e+003	5.654512e-010	
1.285637e+003	5.568550e-010	
1.285642e+003	5.482584e-010	
1.285646e+003	5.396622e-010	
1.285651e+003	5.310664e-010	
1.285656e+003	5.224704e-010	
1.285661e+003	5.138744e-010	
1.285666e+003	5.052789e-010	
1.285671e+003	4.972158e-010	
1.285676e+003	4.910157e-010	
1.285681e+003	4.849119e-010	
1.285686e+003	4.788086e-010	
1.285690e+003	4.727054e-010	
1.285695e+003	4.666020e-010	
1.285700e+003	4.604991e-010	
1.285705e+003	4.543959e-010	
1.285710e+003	4.482930e-010	
1.285715e+003	4.421904e-010	
1.285720e+003	4.360876e-010	
1.285725e+003	4.299852e-010	
1.285729e+003	4.238827e-010	
1.285734e+003	4.177800e-010	
1.285739e+003	4.116784e-010	
1.285744e+003	4.055757e-010	
1.285749e+003	3.994736e-010	
1.285754e+003	3.933721e-010	
1.285759e+003	3.872698e-010	
1.285764e+003	3.811678e-010	
1.285769e+003	3.752469e-010	
1.285773e+003	3.701469e-010	
1.285778e+003	3.657334e-010	
1.285783e+003	3.613210e-010	
1.285788e+003	3.569084e-010	
1.285793e+003	3.524959e-010	
1.285798e+003	3.480834e-010	
1.285803e+003	3.436713e-010	
1.285808e+003	3.392585e-010	
1.285812e+003	3.348463e-010	
1.285817e+003	3.304341e-010	
1.285822e+003	3.260217e-010	
1.285827e+003	3.216096e-010	
1.285832e+003	3.171980e-010	
1.285837e+003	3.127859e-010	
1.285842e+003	3.083740e-010	
1.285847e+003	3.039625e-010	
1.285852e+003	2.995507e-010	
1.285856e+003	2.951391e-010	
1.285861e+003	2.907276e-010	
1.285866e+003	2.863160e-010	
1.285871e+003	2.821757e-010	
1.285876e+003	2.789689e-010	
1.285881e+003	2.757624e-010	
1.285886e+003	2.725560e-010	
1.285891e+003	2.693491e-010	
1.285896e+003	2.661428e-010	
1.285900e+003	2.629364e-010	
1.285905e+003	2.597299e-010	
1.285910e+003	2.565237e-010	
1.285915e+003	2.533173e-010	
1.285920e+003	2.501113e-010	
1.285925e+003	2.469052e-010	
1.285930e+003	2.436989e-010	
1.285935e+003	2.404930e-010	
1.285939e+003	2.372871e-010	
1.285944e+003	2.340812e-010	
1.285949e+003	2.308753e-010	
1.285954e+003	2.276694e-010	
1.285959e+003	2.244636e-010	
1.285964e+003	2.212581e-010	
1.285969e+003	2.181451e-010	
1.285974e+003	2.154798e-010	
1.285979e+003	2.131186e-010	
1.285983e+003	2.107573e-010	
1.285988e+003	2.083959e-010	
1.285993e+003	2.060348e-010	
1.285998e+003	2.036735e-010	
1.286003e+003	2.013127e-010	
1.286008e+003	1.989515e-010	
1.286013e+003	1.965904e-010	
1.286018e+003	1.942296e-010	
1.286022e+003	1.918685e-010	
1.286027e+003	1.895075e-010	
1.286032e+003	1.871469e-010	
1.286037e+003	1.847860e-010	
1.286042e+003	1.824253e-010	
1.286047e+003	1.800644e-010	
1.286052e+003	1.777038e-010	
1.286057e+003	1.753431e-010	
1.286062e+003	1.729826e-010	
1.286066e+003	1.706305e-010	
1.286071e+003	1.684177e-010	
1.286076e+003	1.666256e-010	
1.286081e+003	1.648336e-010	
1.286086e+003	1.630416e-010	
1.286091e+003	1.612498e-010	
1.286096e+003	1.594578e-010	
1.286101e+003	1.576658e-010	
1.286105e+003	1.558741e-010	
1.286110e+003	1.540821e-010	
1.286115e+003	1.522903e-010	
1.286120e+003	1.504986e-010	
1.286125e+003	1.487069e-010	
1.286130e+003	1.469152e-010	
1.286135e+003	1.451236e-010	
1.286140e+003	1.433319e-010	
1.286145e+003	1.415403e-010	
1.286149e+003	1.397488e-010	
1.286154e+003	1.379572e-010	
1.286159e+003	1.361657e-010	
1.286164e+003	1.343742e-010	
1.286169e+003	1.326300e-010	
1.286174e+003	1.311406e-010	
1.286179e+003	1.298000e-010	
1.286184e+003	1.284594e-010	
1.286188e+003	1.271188e-010	
1.286193e+003	1.257783e-010	
1.286198e+003	1.244378e-010	
1.286203e+003	1.230973e-010	
1.286208e+003	1.217568e-010	
1.286213e+003	1.204163e-010	
1.286218e+003	1.190760e-010	
1.286223e+003	1.177355e-010	
1.286228e+003	1.163952e-010	
1.286232e+003	1.150548e-010	
1.286237e+003	1.137145e-010	
1.286242e+003	1.123741e-010	
1.286247e+003	1.110339e-010	
1.286252e+003	1.096937e-010	
1.286257e+003	1.083532e-010	
1.286262e+003	1.070131e-010	
1.286267e+003	1.056797e-010	
1.286271e+003	1.044254e-010	
1.286276e+003	1.033942e-010	
1.286281e+003	1.023628e-010	
1.286286e+003	1.013316e-010	
1.286291e+003	1.003003e-010	
1.286296e+003	9.926908e-011	
1.286301e+003	9.823786e-011	
1.286306e+003	9.720652e-011	
1.286311e+003	9.617544e-011	
1.286315e+003	9.514440e-011	
1.286320e+003	9.411314e-011	
1.286325e+003	9.308216e-011	
1.286330e+003	9.205100e-011	
1.286335e+003	9.101996e-011	
1.286340e+003	8.998884e-011	
1.286345e+003	8.895783e-011	
1.286350e+003	8.792673e-011	
1.286354e+003	8.689581e-011	
1.286359e+003	8.586479e-011	
1.286364e+003	8.483389e-011	
1.286369e+003	8.382864e-011	
1.286374e+003	8.295872e-011	
1.286379e+003	8.215436e-011	
1.286384e+003	8.134986e-011	
1.286389e+003	8.054549e-011	
1.286394e+003	7.974103e-011	
1.286398e+003	7.893666e-011	
1.286403e+003	7.813237e-011	
1.286408e+003	7.732803e-011	
1.286413e+003	7.652367e-011	
1.286418e+003	7.571939e-011	
1.286423e+003	7.491505e-011	
1.286428e+003	7.411072e-011	
1.286433e+003	7.330647e-011	
1.286438e+003	7.250217e-011	
1.286442e+003	7.169792e-011	
1.286447e+003	7.089372e-011	
1.286452e+003	7.008945e-011	
1.286457e+003	6.928524e-011	
1.286462e+003	6.848105e-011	
1.286467e+003	6.768242e-011	
1.286472e+003	6.693755e-011	
1.286477e+003	6.631865e-011	
1.286481e+003	6.569981e-011	
1.286486e+003	6.508096e-011	
1.286491e+003	6.446212e-011	
1.286496e+003	6.384329e-011	
1.286501e+003	6.322453e-011	
1.286506e+003	6.260571e-011	
1.286511e+003	6.198688e-011	
1.286516e+003	6.136817e-011	
1.286521e+003	6.074937e-011	
1.286525e+003	6.013063e-011	
1.286530e+003	5.951187e-011	
1.286535e+003	5.889322e-011	
1.286540e+003	5.827439e-011	
1.286545e+003	5.765574e-011	
1.286550e+003	5.703703e-011	
1.286555e+003	5.641831e-011	
1.286560e+003	5.579969e-011	
1.286564e+003	5.518096e-011	
1.286569e+003	5.457590e-011	
1.286574e+003	5.405231e-011	
1.286579e+003	5.355782e-011	
1.286584e+003	5.306332e-011	
1.286589e+003	5.256884e-011	
1.286594e+003	5.207440e-011	
1.286599e+003	5.157988e-011	
1.286604e+003	5.108546e-011	
1.286608e+003	5.059100e-011	
1.286613e+003	5.009656e-011	
1.286618e+003	4.960212e-011	
1.286623e+003	4.910769e-011	
1.286628e+003	4.861329e-011	
1.286633e+003	4.811890e-011	
1.286638e+003	4.762448e-011	
1.286643e+003	4.713014e-011	
1.286647e+003	4.663575e-011	
1.286652e+003	4.614140e-011	
1.286657e+003	4.564703e-011	
1.286662e+003	4.515265e-011	
1.286667e+003	4.466188e-011	
1.286672e+003	4.420620e-011	
1.286677e+003	4.382455e-011	
1.286682e+003	4.344284e-011	
1.286687e+003	4.306117e-011	
1.286691e+003	4.267944e-011	
1.286696e+003	4.229779e-011	
1.286701e+003	4.191612e-011	
1.286706e+003	4.153448e-011	
1.286711e+003	4.115283e-011	
1.286716e+003	4.077118e-011	
1.286721e+003	4.038954e-011	
1.286726e+003	4.000788e-011	
1.286730e+003	3.962630e-011	
1.286735e+003	3.924465e-011	
1.286740e+003	3.886307e-011	
1.286745e+003	3.848145e-011	
1.286750e+003	3.809986e-011	
1.286755e+003	3.771825e-011	
1.286760e+003	3.733667e-011	
1.286765e+003	3.695509e-011	
1.286770e+003	3.657951e-011	
1.286774e+003	3.624756e-011	
1.286779e+003	3.592777e-011	
1.286784e+003	3.560798e-011	
1.286789e+003	3.528819e-011	
1.286794e+003	3.496843e-011	
1.286799e+003	3.464865e-011	
1.286804e+003	3.432889e-011	
1.286809e+003	3.400910e-011	
1.286813e+003	3.368937e-011	
1.286818e+003	3.336960e-011	
1.286823e+003	3.304985e-011	
1.286828e+003	3.273012e-011	
1.286833e+003	3.241040e-011	
1.286838e+003	3.209067e-011	
1.286843e+003	3.177094e-011	
1.286848e+003	3.145121e-011	
1.286853e+003	3.113150e-011	
1.286857e+003	3.081178e-011	
1.286862e+003	3.049209e-011	
1.286867e+003	3.017547e-011	
1.286872e+003	2.988766e-011	
1.286877e+003	2.965032e-011	
1.286882e+003	2.941298e-011	
1.286887e+003	2.917562e-011	
1.286892e+003	2.893829e-011	
1.286896e+003	2.870094e-011	
1.286901e+003	2.846362e-011	
1.286906e+003	2.822626e-011	
1.286911e+003	2.798895e-011	
1.286916e+003	2.775162e-011	
1.286921e+003	2.751431e-011	
1.286926e+003	2.727699e-011	
1.286931e+003	2.703969e-011	
1.286936e+003	2.680238e-011	
1.286940e+003	2.656507e-011	
1.286945e+003	2.632779e-011	
1.286950e+003	2.609049e-011	
1.286955e+003	2.585319e-011	
1.286960e+003	2.561592e-011	
1.286965e+003	2.537863e-011	
1.286970e+003	2.514398e-011	
1.286975e+003	2.493343e-011	
1.286979e+003	2.472705e-011	
1.286984e+003	2.452066e-011	
1.286989e+003	2.431428e-011	
1.286994e+003	2.410790e-011	
1.286999e+003	2.390153e-011	
1.287004e+003	2.369517e-011	
1.287009e+003	2.348881e-011	
1.287014e+003	2.328244e-011	
1.287019e+003	2.307609e-011	
1.287023e+003	2.286974e-011	
1.287028e+003	2.266339e-011	
1.287033e+003	2.245706e-011	
1.287038e+003	2.225070e-011	
1.287043e+003	2.204436e-011	
1.287048e+003	2.183802e-011	
1.287053e+003	2.163168e-011	
1.287058e+003	2.142538e-011	
1.287062e+003	2.121904e-011	
1.287067e+003	2.101465e-011	
1.287072e+003	2.083093e-011	
1.287077e+003	2.067625e-011	
1.287082e+003	2.052159e-011	
1.287087e+003	2.036692e-011	
1.287092e+003	2.021226e-011	
1.287097e+003	2.005760e-011	
1.287102e+003	1.990294e-011	
1.287106e+003	1.974830e-011	
1.287111e+003	1.959364e-011	
1.287116e+003	1.943900e-011	
1.287121e+003	1.928433e-011	
1.287126e+003	1.912970e-011	
1.287131e+003	1.897506e-011	
1.287136e+003	1.882043e-011	
1.287141e+003	1.866579e-011	
1.287146e+003	1.851115e-011	
1.287150e+003	1.835654e-011	
1.287155e+003	1.820190e-011	
1.287160e+003	1.804728e-011	
1.287165e+003	1.789265e-011	
1.287170e+003	1.773942e-011	
1.287175e+003	1.760331e-011	
1.287180e+003	1.746910e-011	
1.287185e+003	1.733489e-011	
1.287189e+003	1.720068e-011	
1.287194e+003	1.706648e-011	
1.287199e+003	1.693227e-011	
1.287204e+003	1.679807e-011	
1.287209e+003	1.666387e-011	
1.287214e+003	1.652967e-011	
1.287219e+003	1.639548e-011	
1.287224e+003	1.626128e-011	
1.287229e+003	1.612710e-011	
1.287233e+003	1.599290e-011	
1.287238e+003	1.585872e-011	
1.287243e+003	1.572453e-011	
1.287248e+003	1.559035e-011	
1.287253e+003	1.545617e-011	
1.287258e+003	1.532199e-011	
1.287263e+003	1.518782e-011	
1.287268e+003	1.505430e-011	
1.287272e+003	1.492976e-011	
1.287277e+003	1.481618e-011	
1.287282e+003	1.470260e-011	
1.287287e+003	1.458902e-011	
1.287292e+003	1.447545e-011	
1.287297e+003	1.436187e-011	
1.287302e+003	1.424830e-011	
1.287307e+003	1.413472e-011	
1.287312e+003	1.402115e-011	
1.287316e+003	1.390759e-011	
1.287321e+003	1.379402e-011	
1.287326e+003	1.368045e-011	
1.287331e+003	1.356689e-011	
1.287336e+003	1.345333e-011	
1.287341e+003	1.333977e-011	
1.287346e+003	1.322622e-011	
1.287351e+003	1.311266e-011	
1.287355e+003	1.299910e-011	
1.287360e+003	1.288555e-011	
1.287365e+003	1.277200e-011	
1.287370e+003	1.265992e-011	
1.287375e+003	1.256601e-011	
1.287380e+003	1.247305e-011	
1.287385e+003	1.238010e-011	
1.287390e+003	1.228715e-011	
1.287395e+003	1.219421e-011	
1.287399e+003	1.210127e-011	
1.287404e+003	1.200834e-011	
1.287409e+003	1.191540e-011	
1.287414e+003	1.182247e-011	
1.287419e+003	1.172955e-011	
1.287424e+003	1.163663e-011	
1.287429e+003	1.154371e-011	
1.287434e+003	1.145079e-011	
1.287438e+003	1.135788e-011	
1.287443e+003	1.126498e-011	
1.287448e+003	1.117207e-011	
1.287453e+003	1.107917e-011	
1.287458e+003	1.098628e-011	
1.287463e+003	1.089338e-011	
1.287468e+003	1.080076e-011	
1.287473e+003	1.071328e-011	
1.287478e+003	1.063069e-011	
1.287482e+003	1.054811e-011	
1.287487e+003	1.046553e-011	
1.287492e+003	1.038295e-011	
1.287497e+003	1.030038e-011	
1.287502e+003	1.021780e-011	
1.287507e+003	1.013524e-011	
1.287512e+003	1.005268e-011	
1.287517e+003	9.970116e-012	
1.287521e+003	9.887555e-012	
1.287526e+003	9.805001e-012	
1.287531e+003	9.722447e-012	
1.287536e+003	9.639907e-012	
1.287541e+003	9.557357e-012	
1.287546e+003	9.474817e-012	
1.287551e+003	9.392276e-012	
1.287556e+003	9.309736e-012	
1.287561e+003	9.227214e-012	
1.287565e+003	9.144707e-012	
1.287570e+003	9.063703e-012	
1.287575e+003	9.001838e-012	
1.287580e+003	8.939978e-012	
1.287585e+003	8.878116e-012	
1.287590e+003	8.816261e-012	
1.287595e+003	8.754406e-012	
1.287600e+003	8.692554e-012	
1.287604e+003	8.630706e-012	
1.287609e+003	8.568857e-012	
1.287614e+003	8.507017e-012	
1.287619e+003	8.445176e-012	
1.287624e+003	8.383341e-012	
1.287629e+003	8.321503e-012	
1.287634e+003	8.259672e-012	
1.287639e+003	8.197847e-012	
1.287644e+003	8.136018e-012	
1.287648e+003	8.074197e-012	
1.287653e+003	8.012373e-012	
1.287658e+003	7.950555e-012	
1.287663e+003	7.888737e-012	
1.287668e+003	7.827068e-012	
1.287673e+003	7.770992e-012	
1.287678e+003	7.719395e-012	
1.287683e+003	7.667807e-012	
1.287688e+003	7.616223e-012	
1.287692e+003	7.564638e-012	
1.287697e+003	7.513054e-012	
1.287702e+003	7.461472e-012	
1.287707e+003	7.409898e-012	
1.287712e+003	7.358323e-012	
1.287717e+003	7.306747e-012	
1.287722e+003	7.255181e-012	
1.287727e+003	7.203612e-012	
1.287731e+003	7.152046e-012	
1.287736e+003	7.100485e-012	
1.287741e+003	7.048924e-012	
1.287746e+003	6.997367e-012	
1.287751e+003	6.945811e-012	
1.287756e+003	6.894256e-012	
1.287761e+003	6.842707e-012	
1.287766e+003	6.791175e-012	
1.287771e+003	6.740638e-012	
1.287775e+003	6.699385e-012	
1.287780e+003	6.658135e-012	
1.287785e+003	6.616886e-012	
1.287790e+003	6.575640e-012	
1.287795e+003	6.534395e-012	
1.287800e+003	6.493154e-012	
1.287805e+003	6.451913e-012	
1.287810e+003	6.410677e-012	
1.287814e+003	6.369441e-012	
1.287819e+003	6.328208e-012	
1.287824e+003	6.286976e-012	
1.287829e+003	6.245746e-012	
1.287834e+003	6.204520e-012	
1.287839e+003	6.163295e-012	
1.287844e+003	6.122069e-012	
1.287849e+003	6.080848e-012	
1.287854e+003	6.039630e-012	
1.287858e+003	5.998411e-012	
1.287863e+003	5.957197e-012	
1.287868e+003	5.915984e-012	
1.287873e+003	5.874772e-012	
1.287878e+003	5.833565e-012	
1.287883e+003	5.792360e-012	
1.287888e+003	5.751154e-012	
1.287893e+003	5.709950e-012	
1.287897e+003	5.668750e-012	
1.287902e+003	5.627552e-012	
1.287907e+003	5.586355e-012	
1.287912e+003	5.545160e-012	
1.287917e+003	5.503966e-012	
1.287922e+003	5.462774e-012	
1.287927e+003	5.421584e-012	
1.287932e+003	5.380397e-012	
1.287937e+003	5.339211e-012	
1.287941e+003	5.298026e-012	
1.287946e+003	5.256844e-012	
1.287951e+003	5.215663e-012	
1.287956e+003	5.174483e-012	
1.287961e+003	5.133305e-012	
1.287966e+003	5.092129e-012	
1.287971e+003	5.052499e-012	
1.287976e+003	5.021616e-012	
1.287980e+003	4.990736e-012	
1.287985e+003	4.959857e-012	
1.287990e+003	4.928980e-012	
1.287995e+003	4.898104e-012	
