# format  : curve #1.x (tab) curve #1.y (tab) curve #2.x (tab) curve #2.y (tab) ...
# title   : Simulated Spectrum
# abscissa: Energy [eV]
# ordinate: Intensity [counts]
#==========================================================================================================
# Curve #1 (x,y): Config ##: 1
# Reference: W.S.M. Werner, W. Smekal and C. J. Powell, Simulation of Electron Spectra for Surface Analysis (SESSA V2.0) National Institute of Standards and Technology, Gaithersburg, MD (2010), 
# Reliability: 
# Remarks: 
#==========================================================================================================
1.278000e+003	7.904242e-008	
1.278005e+003	7.926725e-008	
1.278010e+003	7.949168e-008	
1.278015e+003	7.971649e-008	
1.278020e+003	7.994094e-008	
1.278024e+003	8.016563e-008	
1.278029e+003	8.039031e-008	
1.278034e+003	8.061502e-008	
1.278039e+003	8.083958e-008	
1.278044e+003	8.106432e-008	
1.278049e+003	8.128873e-008	
1.278054e+003	8.151351e-008	
1.278059e+003	8.173804e-008	
1.278063e+003	8.196288e-008	
1.278068e+003	8.218741e-008	
1.278073e+003	8.242386e-008	
1.278078e+003	8.266595e-008	
1.278083e+003	8.290793e-008	
1.278088e+003	8.315011e-008	
1.278093e+003	8.339224e-008	
1.278098e+003	8.363458e-008	
1.278103e+003	8.387649e-008	
1.278107e+003	8.411850e-008	
1.278112e+003	8.436066e-008	
1.278117e+003	8.460263e-008	
1.278122e+003	8.484461e-008	
1.278127e+003	8.508665e-008	
1.278132e+003	8.532867e-008	
1.278137e+003	8.557077e-008	
1.278142e+003	8.581291e-008	
1.278146e+003	8.605525e-008	
1.278151e+003	8.629721e-008	
1.278156e+003	8.653928e-008	
1.278161e+003	8.678148e-008	
1.278166e+003	8.702342e-008	
1.278171e+003	8.726978e-008	
1.278176e+003	8.753171e-008	
1.278181e+003	8.779406e-008	
1.278186e+003	8.805649e-008	
1.278190e+003	8.831902e-008	
1.278195e+003	8.858138e-008	
1.278200e+003	8.884383e-008	
1.278205e+003	8.910654e-008	
1.278210e+003	8.936875e-008	
1.278215e+003	8.963134e-008	
1.278220e+003	8.989385e-008	
1.278225e+003	9.015615e-008	
1.278229e+003	9.041862e-008	
1.278234e+003	9.068111e-008	
1.278239e+003	9.094351e-008	
1.278244e+003	9.120586e-008	
1.278249e+003	9.146815e-008	
1.278254e+003	9.173059e-008	
1.278259e+003	9.199288e-008	
1.278264e+003	9.225538e-008	
1.278269e+003	9.251771e-008	
1.278273e+003	9.279672e-008	
1.278278e+003	9.308231e-008	
1.278283e+003	9.336812e-008	
1.278288e+003	9.365368e-008	
1.278293e+003	9.393909e-008	
1.278298e+003	9.422499e-008	
1.278303e+003	9.451055e-008	
1.278308e+003	9.479610e-008	
1.278312e+003	9.508176e-008	
1.278317e+003	9.536751e-008	
1.278322e+003	9.565306e-008	
1.278327e+003	9.593867e-008	
1.278332e+003	9.622436e-008	
1.278337e+003	9.651000e-008	
1.278342e+003	9.679565e-008	
1.278347e+003	9.708133e-008	
1.278352e+003	9.736695e-008	
1.278356e+003	9.765247e-008	
1.278361e+003	9.793822e-008	
1.278366e+003	9.822381e-008	
1.278371e+003	9.851598e-008	
1.278376e+003	9.882724e-008	
1.278381e+003	9.913944e-008	
1.278386e+003	9.945155e-008	
1.278391e+003	9.976357e-008	
1.278396e+003	1.000754e-007	
1.278400e+003	1.003876e-007	
1.278405e+003	1.006996e-007	
1.278410e+003	1.010116e-007	
1.278415e+003	1.013235e-007	
1.278420e+003	1.016356e-007	
1.278425e+003	1.019478e-007	
1.278430e+003	1.022598e-007	
1.278435e+003	1.025716e-007	
1.278439e+003	1.028836e-007	
1.278444e+003	1.031957e-007	
1.278449e+003	1.035075e-007	
1.278454e+003	1.038195e-007	
1.278459e+003	1.041317e-007	
1.278464e+003	1.044438e-007	
1.278469e+003	1.047557e-007	
1.278474e+003	1.050910e-007	
1.278479e+003	1.054335e-007	
1.278483e+003	1.057765e-007	
1.278488e+003	1.061193e-007	
1.278493e+003	1.064621e-007	
1.278498e+003	1.068052e-007	
1.278503e+003	1.071481e-007	
1.278508e+003	1.074908e-007	
1.278513e+003	1.078336e-007	
1.278518e+003	1.081764e-007	
1.278522e+003	1.085192e-007	
1.278527e+003	1.088619e-007	
1.278532e+003	1.092048e-007	
1.278537e+003	1.095476e-007	
1.278542e+003	1.098902e-007	
1.278547e+003	1.102331e-007	
1.278552e+003	1.105758e-007	
1.278557e+003	1.109186e-007	
1.278562e+003	1.112615e-007	
1.278566e+003	1.116043e-007	
1.278571e+003	1.119579e-007	
1.278576e+003	1.123345e-007	
1.278581e+003	1.127125e-007	
1.278586e+003	1.130903e-007	
1.278591e+003	1.134681e-007	
1.278596e+003	1.138459e-007	
1.278601e+003	1.142237e-007	
1.278605e+003	1.146015e-007	
1.278610e+003	1.149792e-007	
1.278615e+003	1.153572e-007	
1.278620e+003	1.157347e-007	
1.278625e+003	1.161130e-007	
1.278630e+003	1.164903e-007	
1.278635e+003	1.168683e-007	
1.278640e+003	1.172461e-007	
1.278645e+003	1.176238e-007	
1.278649e+003	1.180015e-007	
1.278654e+003	1.183796e-007	
1.278659e+003	1.187571e-007	
1.278664e+003	1.191353e-007	
1.278669e+003	1.195132e-007	
1.278674e+003	1.199238e-007	
1.278679e+003	1.203431e-007	
1.278684e+003	1.207628e-007	
1.278688e+003	1.211823e-007	
1.278693e+003	1.216022e-007	
1.278698e+003	1.220219e-007	
1.278703e+003	1.224417e-007	
1.278708e+003	1.228612e-007	
1.278713e+003	1.232811e-007	
1.278718e+003	1.237007e-007	
1.278723e+003	1.241204e-007	
1.278728e+003	1.245400e-007	
1.278732e+003	1.249598e-007	
1.278737e+003	1.253795e-007	
1.278742e+003	1.257992e-007	
1.278747e+003	1.262189e-007	
1.278752e+003	1.266388e-007	
1.278757e+003	1.270583e-007	
1.278762e+003	1.274781e-007	
1.278767e+003	1.278978e-007	
1.278771e+003	1.283345e-007	
1.278776e+003	1.288006e-007	
1.278781e+003	1.292692e-007	
1.278786e+003	1.297378e-007	
1.278791e+003	1.302066e-007	
1.278796e+003	1.306752e-007	
1.278801e+003	1.311437e-007	
1.278806e+003	1.316122e-007	
1.278811e+003	1.320810e-007	
1.278815e+003	1.325493e-007	
1.278820e+003	1.330180e-007	
1.278825e+003	1.334865e-007	
1.278830e+003	1.339552e-007	
1.278835e+003	1.344237e-007	
1.278840e+003	1.348925e-007	
1.278845e+003	1.353611e-007	
1.278850e+003	1.358297e-007	
1.278854e+003	1.362983e-007	
1.278859e+003	1.367671e-007	
1.278864e+003	1.372355e-007	
1.278869e+003	1.377043e-007	
1.278874e+003	1.382307e-007	
1.278879e+003	1.387688e-007	
1.278884e+003	1.393071e-007	
1.278889e+003	1.398457e-007	
1.278894e+003	1.403837e-007	
1.278898e+003	1.409223e-007	
1.278903e+003	1.414606e-007	
1.278908e+003	1.419991e-007	
1.278913e+003	1.425372e-007	
1.278918e+003	1.430758e-007	
1.278923e+003	1.436142e-007	
1.278928e+003	1.441525e-007	
1.278933e+003	1.446909e-007	
1.278938e+003	1.452295e-007	
1.278942e+003	1.457679e-007	
1.278947e+003	1.463065e-007	
1.278952e+003	1.468448e-007	
1.278957e+003	1.473832e-007	
1.278962e+003	1.479217e-007	
1.278967e+003	1.484602e-007	
1.278972e+003	1.490293e-007	
1.278977e+003	1.496397e-007	
1.278981e+003	1.502541e-007	
1.278986e+003	1.508688e-007	
1.278991e+003	1.514837e-007	
1.278996e+003	1.520982e-007	
1.279001e+003	1.527125e-007	
1.279006e+003	1.533272e-007	
1.279011e+003	1.539420e-007	
1.279016e+003	1.545569e-007	
1.279021e+003	1.551713e-007	
1.279025e+003	1.557861e-007	
1.279030e+003	1.564008e-007	
1.279035e+003	1.570154e-007	
1.279040e+003	1.576300e-007	
1.279045e+003	1.582443e-007	
1.279050e+003	1.588593e-007	
1.279055e+003	1.594741e-007	
1.279060e+003	1.600885e-007	
1.279064e+003	1.607030e-007	
1.279069e+003	1.613180e-007	
1.279074e+003	1.620073e-007	
1.279079e+003	1.627070e-007	
1.279084e+003	1.634073e-007	
1.279089e+003	1.641075e-007	
1.279094e+003	1.648075e-007	
1.279099e+003	1.655074e-007	
1.279104e+003	1.662076e-007	
1.279108e+003	1.669077e-007	
1.279113e+003	1.676080e-007	
1.279118e+003	1.683079e-007	
1.279123e+003	1.690081e-007	
1.279128e+003	1.697083e-007	
1.279133e+003	1.704081e-007	
1.279138e+003	1.711083e-007	
1.279143e+003	1.718085e-007	
1.279147e+003	1.725086e-007	
1.279152e+003	1.732087e-007	
1.279157e+003	1.739088e-007	
1.279162e+003	1.746089e-007	
1.279167e+003	1.753090e-007	
1.279172e+003	1.760549e-007	
1.279177e+003	1.768529e-007	
1.279182e+003	1.776578e-007	
1.279187e+003	1.784622e-007	
1.279191e+003	1.792669e-007	
1.279196e+003	1.800714e-007	
1.279201e+003	1.808762e-007	
1.279206e+003	1.816808e-007	
1.279211e+003	1.824855e-007	
1.279216e+003	1.832902e-007	
1.279221e+003	1.840952e-007	
1.279226e+003	1.848995e-007	
1.279230e+003	1.857042e-007	
1.279235e+003	1.865087e-007	
1.279240e+003	1.873134e-007	
1.279245e+003	1.881180e-007	
1.279250e+003	1.889228e-007	
1.279255e+003	1.897275e-007	
1.279260e+003	1.905322e-007	
1.279265e+003	1.913370e-007	
1.279270e+003	1.921444e-007	
1.279274e+003	1.930596e-007	
1.279279e+003	1.939897e-007	
1.279284e+003	1.949201e-007	
1.279289e+003	1.958505e-007	
1.279294e+003	1.967807e-007	
1.279299e+003	1.977111e-007	
1.279304e+003	1.986414e-007	
1.279309e+003	1.995718e-007	
1.279313e+003	2.005022e-007	
1.279318e+003	2.014325e-007	
1.279323e+003	2.023628e-007	
1.279328e+003	2.032931e-007	
1.279333e+003	2.042236e-007	
1.279338e+003	2.051541e-007	
1.279343e+003	2.060844e-007	
1.279348e+003	2.070148e-007	
1.279353e+003	2.079453e-007	
1.279357e+003	2.088756e-007	
1.279362e+003	2.098062e-007	
1.279367e+003	2.107368e-007	
1.279372e+003	2.117407e-007	
1.279377e+003	2.128149e-007	
1.279382e+003	2.138976e-007	
1.279387e+003	2.149807e-007	
1.279392e+003	2.160635e-007	
1.279396e+003	2.171463e-007	
1.279401e+003	2.182295e-007	
1.279406e+003	2.193126e-007	
1.279411e+003	2.203957e-007	
1.279416e+003	2.214787e-007	
1.279421e+003	2.225617e-007	
1.279426e+003	2.236448e-007	
1.279431e+003	2.247276e-007	
1.279436e+003	2.258106e-007	
1.279440e+003	2.268936e-007	
1.279445e+003	2.279766e-007	
1.279450e+003	2.290599e-007	
1.279455e+003	2.301429e-007	
1.279460e+003	2.312262e-007	
1.279465e+003	2.323092e-007	
1.279470e+003	2.334084e-007	
1.279475e+003	2.346542e-007	
1.279479e+003	2.359250e-007	
1.279484e+003	2.371962e-007	
1.279489e+003	2.384671e-007	
1.279494e+003	2.397383e-007	
1.279499e+003	2.410093e-007	
1.279504e+003	2.422806e-007	
1.279509e+003	2.435515e-007	
1.279514e+003	2.448226e-007	
1.279519e+003	2.460937e-007	
1.279523e+003	2.473649e-007	
1.279528e+003	2.486361e-007	
1.279533e+003	2.499073e-007	
1.279538e+003	2.511784e-007	
1.279543e+003	2.524498e-007	
1.279548e+003	2.537210e-007	
1.279553e+003	2.549924e-007	
1.279558e+003	2.562636e-007	
1.279562e+003	2.575350e-007	
1.279567e+003	2.588062e-007	
1.279572e+003	2.602007e-007	
1.279577e+003	2.616912e-007	
1.279582e+003	2.631941e-007	
1.279587e+003	2.646972e-007	
1.279592e+003	2.662001e-007	
1.279597e+003	2.677034e-007	
1.279602e+003	2.692067e-007	
1.279606e+003	2.707100e-007	
1.279611e+003	2.722128e-007	
1.279616e+003	2.737160e-007	
1.279621e+003	2.752191e-007	
1.279626e+003	2.767226e-007	
1.279631e+003	2.782256e-007	
1.279636e+003	2.797291e-007	
1.279641e+003	2.812324e-007	
1.279646e+003	2.827354e-007	
1.279650e+003	2.842389e-007	
1.279655e+003	2.857422e-007	
1.279660e+003	2.872453e-007	
1.279665e+003	2.887487e-007	
1.279670e+003	2.902886e-007	
1.279675e+003	2.920424e-007	
1.279680e+003	2.938402e-007	
1.279685e+003	2.956377e-007	
1.279689e+003	2.974355e-007	
1.279694e+003	2.992327e-007	
1.279699e+003	3.010309e-007	
1.279704e+003	3.028283e-007	
1.279709e+003	3.046264e-007	
1.279714e+003	3.064241e-007	
1.279719e+003	3.082216e-007	
1.279724e+003	3.100199e-007	
1.279729e+003	3.118174e-007	
1.279733e+003	3.136153e-007	
1.279738e+003	3.154134e-007	
1.279743e+003	3.172106e-007	
1.279748e+003	3.190090e-007	
1.279753e+003	3.208069e-007	
1.279758e+003	3.226050e-007	
1.279763e+003	3.244027e-007	
1.279768e+003	3.262008e-007	
1.279772e+003	3.282053e-007	
1.279777e+003	3.303526e-007	
1.279782e+003	3.325212e-007	
1.279787e+003	3.346898e-007	
1.279792e+003	3.368580e-007	
1.279797e+003	3.390269e-007	
1.279802e+003	3.411953e-007	
1.279807e+003	3.433641e-007	
1.279812e+003	3.455328e-007	
1.279816e+003	3.477012e-007	
1.279821e+003	3.498698e-007	
1.279826e+003	3.520391e-007	
1.279831e+003	3.542071e-007	
1.279836e+003	3.563757e-007	
1.279841e+003	3.585447e-007	
1.279846e+003	3.607132e-007	
1.279851e+003	3.628820e-007	
1.279855e+003	3.650511e-007	
1.279860e+003	3.672198e-007	
1.279865e+003	3.693884e-007	
1.279870e+003	3.716354e-007	
1.279875e+003	3.742123e-007	
1.279880e+003	3.768557e-007	
1.279885e+003	3.794988e-007	
1.279890e+003	3.821425e-007	
1.279895e+003	3.847860e-007	
1.279899e+003	3.874286e-007	
1.279904e+003	3.900723e-007	
1.279909e+003	3.927161e-007	
1.279914e+003	3.953591e-007	
1.279919e+003	3.980024e-007	
1.279924e+003	4.006454e-007	
1.279929e+003	4.032889e-007	
1.279934e+003	4.059326e-007	
1.279938e+003	4.085756e-007	
1.279943e+003	4.112190e-007	
1.279948e+003	4.138620e-007	
1.279953e+003	4.165053e-007	
1.279958e+003	4.191486e-007	
1.279963e+003	4.217916e-007	
1.279968e+003	4.244347e-007	
1.279973e+003	4.274454e-007	
1.279978e+003	4.306713e-007	
1.279982e+003	4.339275e-007	
1.279987e+003	4.371838e-007	
1.279992e+003	4.404403e-007	
1.279997e+003	4.436962e-007	
1.280002e+003	4.469523e-007	
1.280007e+003	4.502083e-007	
1.280012e+003	4.534647e-007	
1.280017e+003	4.567210e-007	
1.280021e+003	4.599769e-007	
1.280026e+003	4.632328e-007	
1.280031e+003	4.664890e-007	
1.280036e+003	4.697446e-007	
1.280041e+003	4.730006e-007	
1.280046e+003	4.762565e-007	
1.280051e+003	4.795116e-007	
1.280056e+003	4.827683e-007	
1.280061e+003	4.860235e-007	
1.280065e+003	4.892790e-007	
1.280070e+003	4.927093e-007	
1.280075e+003	4.966418e-007	
1.280080e+003	5.006909e-007	
1.280085e+003	5.047390e-007	
1.280090e+003	5.087865e-007	
1.280095e+003	5.128343e-007	
1.280100e+003	5.168823e-007	
1.280104e+003	5.209304e-007	
1.280109e+003	5.249782e-007	
1.280114e+003	5.290263e-007	
1.280119e+003	5.330740e-007	
1.280124e+003	5.371215e-007	
1.280129e+003	5.411687e-007	
1.280134e+003	5.452167e-007	
1.280139e+003	5.492635e-007	
1.280144e+003	5.533111e-007	
1.280148e+003	5.573578e-007	
1.280153e+003	5.614049e-007	
1.280158e+003	5.654518e-007	
1.280163e+003	5.694986e-007	
1.280168e+003	5.735459e-007	
1.280173e+003	5.782425e-007	
1.280178e+003	5.832899e-007	
1.280183e+003	5.883843e-007	
1.280188e+003	5.934791e-007	
1.280192e+003	5.985736e-007	
1.280197e+003	6.036690e-007	
1.280202e+003	6.087630e-007	
1.280207e+003	6.138577e-007	
1.280212e+003	6.189514e-007	
1.280217e+003	6.240457e-007	
1.280222e+003	6.291395e-007	
1.280227e+003	6.342337e-007	
1.280231e+003	6.393270e-007	
1.280236e+003	6.444215e-007	
1.280241e+003	6.495139e-007	
1.280246e+003	6.546076e-007	
1.280251e+003	6.597011e-007	
1.280256e+003	6.647938e-007	
1.280261e+003	6.698868e-007	
1.280266e+003	6.749802e-007	
1.280271e+003	6.804149e-007	
1.280275e+003	6.866601e-007	
1.280280e+003	6.931117e-007	
1.280285e+003	6.995634e-007	
1.280290e+003	7.060140e-007	
1.280295e+003	7.124651e-007	
1.280300e+003	7.189163e-007	
1.280305e+003	7.253665e-007	
1.280310e+003	7.318169e-007	
1.280314e+003	7.382685e-007	
1.280319e+003	7.447187e-007	
1.280324e+003	7.511695e-007	
1.280329e+003	7.576193e-007	
1.280334e+003	7.640696e-007	
1.280339e+003	7.705197e-007	
1.280344e+003	7.769696e-007	
1.280349e+003	7.834197e-007	
1.280354e+003	7.898698e-007	
1.280358e+003	7.963189e-007	
1.280363e+003	8.027685e-007	
1.280368e+003	8.092176e-007	
1.280373e+003	8.168005e-007	
1.280378e+003	8.249125e-007	
1.280383e+003	8.330812e-007	
1.280388e+003	8.412504e-007	
1.280393e+003	8.494193e-007	
1.280397e+003	8.575894e-007	
1.280402e+003	8.657579e-007	
1.280407e+003	8.739269e-007	
1.280412e+003	8.820954e-007	
1.280417e+003	8.902643e-007	
1.280422e+003	8.984320e-007	
1.280427e+003	9.066004e-007	
1.280432e+003	9.147691e-007	
1.280437e+003	9.229379e-007	
1.280441e+003	9.311054e-007	
1.280446e+003	9.392729e-007	
1.280451e+003	9.474412e-007	
1.280456e+003	9.556101e-007	
1.280461e+003	9.637770e-007	
1.280466e+003	9.719448e-007	
1.280471e+003	9.807343e-007	
1.280476e+003	9.906626e-007	
1.280480e+003	1.000904e-006	
1.280485e+003	1.011143e-006	
1.280490e+003	1.021383e-006	
1.280495e+003	1.031623e-006	
1.280500e+003	1.041861e-006	
1.280505e+003	1.052102e-006	
1.280510e+003	1.062340e-006	
1.280515e+003	1.072580e-006	
1.280520e+003	1.082819e-006	
1.280524e+003	1.093058e-006	
1.280529e+003	1.103296e-006	
1.280534e+003	1.113536e-006	
1.280539e+003	1.123775e-006	
1.280544e+003	1.134012e-006	
1.280549e+003	1.144252e-006	
1.280554e+003	1.154490e-006	
1.280559e+003	1.164728e-006	
1.280563e+003	1.174966e-006	
1.280568e+003	1.185205e-006	
1.280573e+003	1.196958e-006	
1.280578e+003	1.209343e-006	
1.280583e+003	1.221769e-006	
1.280588e+003	1.234195e-006	
1.280593e+003	1.246621e-006	
1.280598e+003	1.259046e-006	
1.280603e+003	1.271473e-006	
1.280607e+003	1.283899e-006	
1.280612e+003	1.296325e-006	
1.280617e+003	1.308750e-006	
1.280622e+003	1.321176e-006	
1.280627e+003	1.333601e-006	
1.280632e+003	1.346027e-006	
1.280637e+003	1.358451e-006	
1.280642e+003	1.370876e-006	
1.280646e+003	1.383303e-006	
1.280651e+003	1.395728e-006	
1.280656e+003	1.408153e-006	
1.280661e+003	1.420578e-006	
1.280666e+003	1.433003e-006	
1.280671e+003	1.445974e-006	
1.280676e+003	1.459821e-006	
1.280681e+003	1.473921e-006	
1.280686e+003	1.488021e-006	
1.280690e+003	1.502121e-006	
1.280695e+003	1.516221e-006	
1.280700e+003	1.530320e-006	
1.280705e+003	1.544420e-006	
1.280710e+003	1.558520e-006	
1.280715e+003	1.572621e-006	
1.280720e+003	1.586723e-006	
1.280725e+003	1.600823e-006	
1.280729e+003	1.614923e-006	
1.280734e+003	1.629023e-006	
1.280739e+003	1.643124e-006	
1.280744e+003	1.657223e-006	
1.280749e+003	1.671323e-006	
1.280754e+003	1.685424e-006	
1.280759e+003	1.699523e-006	
1.280764e+003	1.713623e-006	
1.280769e+003	1.727724e-006	
1.280773e+003	1.741673e-006	
1.280778e+003	1.755562e-006	
1.280783e+003	1.769451e-006	
1.280788e+003	1.783337e-006	
1.280793e+003	1.797225e-006	
1.280798e+003	1.811112e-006	
1.280803e+003	1.824999e-006	
1.280808e+003	1.838886e-006	
1.280812e+003	1.852773e-006	
1.280817e+003	1.866661e-006	
1.280822e+003	1.880548e-006	
1.280827e+003	1.894434e-006	
1.280832e+003	1.908322e-006	
1.280837e+003	1.922210e-006	
1.280842e+003	1.936098e-006	
1.280847e+003	1.949987e-006	
1.280852e+003	1.963875e-006	
1.280856e+003	1.977763e-006	
1.280861e+003	1.991651e-006	
1.280866e+003	2.005538e-006	
1.280871e+003	2.018096e-006	
1.280876e+003	2.028818e-006	
1.280881e+003	2.039035e-006	
1.280886e+003	2.049252e-006	
1.280891e+003	2.059468e-006	
1.280896e+003	2.069689e-006	
1.280900e+003	2.079905e-006	
1.280905e+003	2.090125e-006	
1.280910e+003	2.100343e-006	
1.280915e+003	2.110561e-006	
1.280920e+003	2.120779e-006	
1.280925e+003	2.130997e-006	
1.280930e+003	2.141216e-006	
1.280935e+003	2.151433e-006	
1.280939e+003	2.161652e-006	
1.280944e+003	2.171869e-006	
1.280949e+003	2.182089e-006	
1.280954e+003	2.192305e-006	
1.280959e+003	2.202524e-006	
1.280964e+003	2.212742e-006	
1.280969e+003	2.222687e-006	
1.280974e+003	2.227269e-006	
1.280979e+003	2.229605e-006	
1.280983e+003	2.231940e-006	
1.280988e+003	2.234275e-006	
1.280993e+003	2.236609e-006	
1.280998e+003	2.238945e-006	
1.281003e+003	2.241279e-006	
1.281008e+003	2.243615e-006	
1.281013e+003	2.245950e-006	
1.281018e+003	2.248285e-006	
1.281022e+003	2.250622e-006	
1.281027e+003	2.252958e-006	
1.281032e+003	2.255297e-006	
1.281037e+003	2.257631e-006	
1.281042e+003	2.259968e-006	
1.281047e+003	2.262304e-006	
1.281052e+003	2.264640e-006	
1.281057e+003	2.266978e-006	
1.281062e+003	2.269314e-006	
1.281066e+003	2.271651e-006	
1.281071e+003	2.266451e-006	
1.281076e+003	2.252451e-006	
1.281081e+003	2.236064e-006	
1.281086e+003	2.219675e-006	
1.281091e+003	2.203289e-006	
1.281096e+003	2.186905e-006	
1.281101e+003	2.170518e-006	
1.281105e+003	2.154132e-006	
1.281110e+003	2.137745e-006	
1.281115e+003	2.121359e-006	
1.281120e+003	2.104973e-006	
1.281125e+003	2.088586e-006	
1.281130e+003	2.072200e-006	
1.281135e+003	2.055813e-006	
1.281140e+003	2.039427e-006	
1.281145e+003	2.023040e-006	
1.281149e+003	2.006654e-006	
1.281154e+003	1.990268e-006	
1.281159e+003	1.973884e-006	
1.281164e+003	1.957499e-006	
1.281169e+003	1.940347e-006	
1.281174e+003	1.915914e-006	
1.281179e+003	1.888152e-006	
1.281184e+003	1.860393e-006	
1.281188e+003	1.832631e-006	
1.281193e+003	1.804869e-006	
1.281198e+003	1.777107e-006	
1.281203e+003	1.749346e-006	
1.281208e+003	1.721586e-006	
1.281213e+003	1.693825e-006	
1.281218e+003	1.666063e-006	
1.281223e+003	1.638304e-006	
1.281228e+003	1.610545e-006	
1.281232e+003	1.582785e-006	
1.281237e+003	1.555024e-006	
1.281242e+003	1.527262e-006	
1.281247e+003	1.499500e-006	
1.281252e+003	1.471741e-006	
1.281257e+003	1.443983e-006	
1.281262e+003	1.416223e-006	
1.281267e+003	1.388463e-006	
1.281271e+003	1.362218e-006	
1.281276e+003	1.337611e-006	
1.281281e+003	1.313441e-006	
1.281286e+003	1.289272e-006	
1.281291e+003	1.265103e-006	
1.281296e+003	1.240935e-006	
1.281301e+003	1.216767e-006	
1.281306e+003	1.192597e-006	
1.281311e+003	1.168430e-006	
1.281315e+003	1.144262e-006	
1.281320e+003	1.120093e-006	
1.281325e+003	1.095925e-006	
1.281330e+003	1.071757e-006	
1.281335e+003	1.047589e-006	
1.281340e+003	1.023421e-006	
1.281345e+003	9.992531e-007	
1.281350e+003	9.750845e-007	
1.281354e+003	9.509166e-007	
1.281359e+003	9.267482e-007	
1.281364e+003	9.025799e-007	
1.281369e+003	8.792746e-007	
1.281374e+003	8.612828e-007	
1.281379e+003	8.456466e-007	
1.281384e+003	8.300107e-007	
1.281389e+003	8.143751e-007	
1.281394e+003	7.987386e-007	
1.281398e+003	7.831017e-007	
1.281403e+003	7.674656e-007	
1.281408e+003	7.518292e-007	
1.281413e+003	7.361929e-007	
1.281418e+003	7.205602e-007	
1.281423e+003	7.049244e-007	
1.281428e+003	6.892884e-007	
1.281433e+003	6.736519e-007	
1.281438e+003	6.580151e-007	
1.281442e+003	6.423784e-007	
1.281447e+003	6.267418e-007	
1.281452e+003	6.111064e-007	
1.281457e+003	5.954726e-007	
1.281462e+003	5.798368e-007	
1.281467e+003	5.642014e-007	
1.281472e+003	5.517589e-007	
1.281477e+003	5.424050e-007	
1.281481e+003	5.337880e-007	
1.281486e+003	5.251703e-007	
1.281491e+003	5.165525e-007	
1.281496e+003	5.079359e-007	
1.281501e+003	4.993184e-007	
1.281506e+003	4.907010e-007	
1.281511e+003	4.820843e-007	
1.281516e+003	4.734671e-007	
1.281521e+003	4.648492e-007	
1.281525e+003	4.562329e-007	
1.281530e+003	4.476153e-007	
1.281535e+003	4.389981e-007	
1.281540e+003	4.303818e-007	
1.281545e+003	4.217643e-007	
1.281550e+003	4.131472e-007	
1.281555e+003	4.045301e-007	
1.281560e+003	3.959128e-007	
1.281564e+003	3.872961e-007	
1.281569e+003	3.793157e-007	
1.281574e+003	3.738703e-007	
1.281579e+003	3.696053e-007	
1.281584e+003	3.653406e-007	
1.281589e+003	3.610762e-007	
1.281594e+003	3.568106e-007	
1.281599e+003	3.525461e-007	
1.281604e+003	3.482818e-007	
1.281608e+003	3.440164e-007	
1.281613e+003	3.397520e-007	
1.281618e+003	3.354871e-007	
1.281623e+003	3.312225e-007	
1.281628e+003	3.269575e-007	
1.281633e+003	3.226930e-007	
1.281638e+003	3.184284e-007	
1.281643e+003	3.141639e-007	
1.281647e+003	3.098987e-007	
1.281652e+003	3.056341e-007	
1.281657e+003	3.013700e-007	
1.281662e+003	2.971057e-007	
1.281667e+003	2.928410e-007	
1.281672e+003	2.897112e-007	
1.281677e+003	2.876412e-007	
1.281682e+003	2.857986e-007	
1.281687e+003	2.839555e-007	
1.281691e+003	2.821127e-007	
1.281696e+003	2.802699e-007	
1.281701e+003	2.784270e-007	
1.281706e+003	2.765841e-007	
1.281711e+003	2.747412e-007	
1.281716e+003	2.728982e-007	
1.281721e+003	2.710558e-007	
1.281726e+003	2.692127e-007	
1.281730e+003	2.673699e-007	
1.281735e+003	2.655272e-007	
1.281740e+003	2.636842e-007	
1.281745e+003	2.618414e-007	
1.281750e+003	2.599987e-007	
1.281755e+003	2.581562e-007	
1.281760e+003	2.563133e-007	
1.281765e+003	2.544705e-007	
1.281770e+003	2.528580e-007	
1.281774e+003	2.519898e-007	
1.281779e+003	2.514854e-007	
1.281784e+003	2.509810e-007	
1.281789e+003	2.504770e-007	
1.281794e+003	2.499728e-007	
1.281799e+003	2.494684e-007	
1.281804e+003	2.489642e-007	
1.281809e+003	2.484600e-007	
1.281813e+003	2.479558e-007	
1.281818e+003	2.474515e-007	
1.281823e+003	2.469473e-007	
1.281828e+003	2.464431e-007	
1.281833e+003	2.459391e-007	
1.281838e+003	2.454350e-007	
1.281843e+003	2.449308e-007	
1.281848e+003	2.444267e-007	
1.281853e+003	2.439226e-007	
1.281857e+003	2.434186e-007	
1.281862e+003	2.429144e-007	
1.281867e+003	2.424104e-007	
1.281872e+003	2.422961e-007	
1.281877e+003	2.425126e-007	
1.281882e+003	2.427877e-007	
1.281887e+003	2.430625e-007	
1.281892e+003	2.433379e-007	
1.281896e+003	2.436129e-007	
1.281901e+003	2.438880e-007	
1.281906e+003	2.441629e-007	
1.281911e+003	2.444384e-007	
1.281916e+003	2.447137e-007	
1.281921e+003	2.449886e-007	
1.281926e+003	2.452637e-007	
1.281931e+003	2.455391e-007	
1.281936e+003	2.458142e-007	
1.281940e+003	2.460894e-007	
1.281945e+003	2.463646e-007	
1.281950e+003	2.466399e-007	
1.281955e+003	2.469151e-007	
1.281960e+003	2.471905e-007	
1.281965e+003	2.474659e-007	
1.281970e+003	2.478482e-007	
1.281975e+003	2.485006e-007	
1.281979e+003	2.492858e-007	
1.281984e+003	2.500710e-007	
1.281989e+003	2.508560e-007	
1.281994e+003	2.516411e-007	
1.281999e+003	2.524264e-007	
1.282004e+003	2.532116e-007	
1.282009e+003	2.539971e-007	
1.282014e+003	2.547822e-007	
1.282019e+003	2.555672e-007	
1.282023e+003	2.563525e-007	
1.282028e+003	2.571379e-007	
1.282033e+003	2.579231e-007	
1.282038e+003	2.587082e-007	
1.282043e+003	2.594936e-007	
1.282048e+003	2.602788e-007	
1.282053e+003	2.610641e-007	
1.282058e+003	2.618496e-007	
1.282062e+003	2.626350e-007	
1.282067e+003	2.634203e-007	
1.282072e+003	2.644114e-007	
1.282077e+003	2.655691e-007	
1.282082e+003	2.667466e-007	
1.282087e+003	2.679238e-007	
1.282092e+003	2.691014e-007	
1.282097e+003	2.702788e-007	
1.282102e+003	2.714561e-007	
1.282106e+003	2.726335e-007	
1.282111e+003	2.738110e-007	
1.282116e+003	2.749885e-007	
1.282121e+003	2.761659e-007	
1.282126e+003	2.773436e-007	
1.282131e+003	2.785210e-007	
1.282136e+003	2.796984e-007	
1.282141e+003	2.808760e-007	
1.282146e+003	2.820536e-007	
1.282150e+003	2.832313e-007	
1.282155e+003	2.844087e-007	
1.282160e+003	2.855862e-007	
1.282165e+003	2.867638e-007	
1.282170e+003	2.880251e-007	
1.282175e+003	2.894735e-007	
1.282180e+003	2.910143e-007	
1.282185e+003	2.925551e-007	
1.282189e+003	2.940963e-007	
1.282194e+003	2.956373e-007	
1.282199e+003	2.971784e-007	
1.282204e+003	2.987189e-007	
1.282209e+003	3.002607e-007	
1.282214e+003	3.018014e-007	
1.282219e+003	3.033425e-007	
1.282224e+003	3.048834e-007	
1.282229e+003	3.064244e-007	
1.282233e+003	3.079658e-007	
1.282238e+003	3.095064e-007	
1.282243e+003	3.110478e-007	
1.282248e+003	3.125887e-007	
1.282253e+003	3.141302e-007	
1.282258e+003	3.156711e-007	
1.282263e+003	3.172128e-007	
1.282268e+003	3.187537e-007	
1.282272e+003	3.204971e-007	
1.282277e+003	3.224079e-007	
1.282282e+003	3.243299e-007	
1.282287e+003	3.262524e-007	
1.282292e+003	3.281748e-007	
1.282297e+003	3.300973e-007	
1.282302e+003	3.320195e-007	
1.282307e+003	3.339425e-007	
1.282312e+003	3.358645e-007	
1.282316e+003	3.377869e-007	
1.282321e+003	3.397100e-007	
1.282326e+003	3.416320e-007	
1.282331e+003	3.435553e-007	
1.282336e+003	3.454778e-007	
1.282341e+003	3.474004e-007	
1.282346e+003	3.493226e-007	
1.282351e+003	3.512450e-007	
1.282355e+003	3.531679e-007	
1.282360e+003	3.550900e-007	
1.282365e+003	3.570131e-007	
1.282370e+003	3.590493e-007	
1.282375e+003	3.613090e-007	
1.282380e+003	3.636713e-007	
1.282385e+003	3.660344e-007	
1.282390e+003	3.683966e-007	
1.282395e+003	3.707587e-007	
1.282399e+003	3.731214e-007	
1.282404e+003	3.754839e-007	
1.282409e+003	3.778466e-007	
1.282414e+003	3.802090e-007	
1.282419e+003	3.825718e-007	
1.282424e+003	3.849340e-007	
1.282429e+003	3.872964e-007	
1.282434e+003	3.896597e-007	
1.282438e+003	3.920220e-007	
1.282443e+003	3.943849e-007	
1.282448e+003	3.967472e-007	
1.282453e+003	3.991102e-007	
1.282458e+003	4.014728e-007	
1.282463e+003	4.038356e-007	
1.282468e+003	4.061984e-007	
1.282473e+003	4.088558e-007	
1.282478e+003	4.117541e-007	
1.282482e+003	4.146523e-007	
1.282487e+003	4.175506e-007	
1.282492e+003	4.204492e-007	
1.282497e+003	4.233474e-007	
1.282502e+003	4.262458e-007	
1.282507e+003	4.291445e-007	
1.282512e+003	4.320430e-007	
1.282517e+003	4.349415e-007	
1.282521e+003	4.378400e-007	
1.282526e+003	4.407386e-007	
1.282531e+003	4.436372e-007	
1.282536e+003	4.465355e-007	
1.282541e+003	4.494342e-007	
1.282546e+003	4.523326e-007	
1.282551e+003	4.552310e-007	
1.282556e+003	4.581292e-007	
1.282561e+003	4.610278e-007	
1.282565e+003	4.639262e-007	
1.282570e+003	4.670172e-007	
1.282575e+003	4.704414e-007	
1.282580e+003	4.740083e-007	
1.282585e+003	4.775745e-007	
1.282590e+003	4.811409e-007	
1.282595e+003	4.847075e-007	
1.282600e+003	4.882743e-007	
1.282604e+003	4.918409e-007	
1.282609e+003	4.954072e-007	
1.282614e+003	4.989738e-007	
1.282619e+003	5.025400e-007	
1.282624e+003	5.061068e-007	
1.282629e+003	5.096728e-007	
1.282634e+003	5.132393e-007	
1.282639e+003	5.168058e-007	
1.282644e+003	5.203718e-007	
1.282648e+003	5.239381e-007	
1.282653e+003	5.275044e-007	
1.282658e+003	5.310704e-007	
1.282663e+003	5.346366e-007	
1.282668e+003	5.382257e-007	
1.282673e+003	5.422668e-007	
1.282678e+003	5.466993e-007	
1.282683e+003	5.511317e-007	
1.282688e+003	5.555640e-007	
1.282692e+003	5.599965e-007	
1.282697e+003	5.644285e-007	
1.282702e+003	5.688608e-007	
1.282707e+003	5.732929e-007	
1.282712e+003	5.777249e-007	
1.282717e+003	5.821573e-007	
1.282722e+003	5.865892e-007	
1.282727e+003	5.910208e-007	
1.282731e+003	5.954525e-007	
1.282736e+003	5.998838e-007	
1.282741e+003	6.043152e-007	
1.282746e+003	6.087473e-007	
1.282751e+003	6.131782e-007	
1.282756e+003	6.176093e-007	
1.282761e+003	6.220410e-007	
1.282766e+003	6.264716e-007	
1.282771e+003	6.312423e-007	
1.282775e+003	6.365715e-007	
1.282780e+003	6.421277e-007	
1.282785e+003	6.476826e-007	
1.282790e+003	6.532388e-007	
1.282795e+003	6.587936e-007	
1.282800e+003	6.643490e-007	
1.282805e+003	6.699038e-007	
1.282810e+003	6.754593e-007	
1.282814e+003	6.810130e-007	
1.282819e+003	6.865682e-007	
1.282824e+003	6.921230e-007	
1.282829e+003	6.976779e-007	
1.282834e+003	7.032324e-007	
1.282839e+003	7.087867e-007	
1.282844e+003	7.143408e-007	
1.282849e+003	7.198951e-007	
1.282854e+003	7.254487e-007	
1.282858e+003	7.310027e-007	
1.282863e+003	7.365560e-007	
1.282868e+003	7.421868e-007	
1.282873e+003	7.485769e-007	
1.282878e+003	7.555914e-007	
1.282883e+003	7.626065e-007	
1.282888e+003	7.696216e-007	
1.282893e+003	7.766354e-007	
1.282897e+003	7.836493e-007	
1.282902e+003	7.906641e-007	
1.282907e+003	7.976783e-007	
1.282912e+003	8.046918e-007	
1.282917e+003	8.117051e-007	
1.282922e+003	8.187187e-007	
1.282927e+003	8.257326e-007	
1.282932e+003	8.327453e-007	
1.282937e+003	8.397590e-007	
1.282941e+003	8.467716e-007	
1.282946e+003	8.537854e-007	
1.282951e+003	8.607973e-007	
1.282956e+003	8.678096e-007	
1.282961e+003	8.748222e-007	
1.282966e+003	8.818346e-007	
1.282971e+003	8.894649e-007	
1.282976e+003	8.980454e-007	
1.282980e+003	9.069585e-007	
1.282985e+003	9.158717e-007	
1.282990e+003	9.247840e-007	
1.282995e+003	9.336965e-007	
1.283000e+003	9.426088e-007	
1.283005e+003	9.515215e-007	
1.283010e+003	9.604344e-007	
1.283015e+003	9.693462e-007	
1.283020e+003	9.782578e-007	
1.283024e+003	9.871700e-007	
1.283029e+003	9.960804e-007	
1.283034e+003	1.004992e-006	
1.283039e+003	1.013904e-006	
1.283044e+003	1.022814e-006	
1.283049e+003	1.031725e-006	
1.283054e+003	1.040635e-006	
1.283059e+003	1.049546e-006	
1.283063e+003	1.058456e-006	
1.283068e+003	1.067579e-006	
1.283073e+003	1.077908e-006	
1.283078e+003	1.089238e-006	
1.283083e+003	1.100565e-006	
1.283088e+003	1.111893e-006	
1.283093e+003	1.123221e-006	
1.283098e+003	1.134548e-006	
1.283103e+003	1.145876e-006	
1.283107e+003	1.157204e-006	
1.283112e+003	1.168531e-006	
1.283117e+003	1.179857e-006	
1.283122e+003	1.191184e-006	
1.283127e+003	1.202509e-006	
1.283132e+003	1.213836e-006	
1.283137e+003	1.225162e-006	
1.283142e+003	1.236490e-006	
1.283146e+003	1.247814e-006	
1.283151e+003	1.259141e-006	
1.283156e+003	1.270465e-006	
1.283161e+003	1.281790e-006	
1.283166e+003	1.293117e-006	
1.283171e+003	1.305436e-006	
1.283176e+003	1.319277e-006	
1.283181e+003	1.333590e-006	
1.283186e+003	1.347903e-006	
1.283190e+003	1.362216e-006	
1.283195e+003	1.376529e-006	
1.283200e+003	1.390841e-006	
1.283205e+003	1.405152e-006	
1.283210e+003	1.419464e-006	
1.283215e+003	1.433776e-006	
1.283220e+003	1.448088e-006	
1.283225e+003	1.462400e-006	
1.283229e+003	1.476712e-006	
1.283234e+003	1.491023e-006	
1.283239e+003	1.505332e-006	
1.283244e+003	1.519644e-006	
1.283249e+003	1.533955e-006	
1.283254e+003	1.548267e-006	
1.283259e+003	1.562577e-006	
1.283264e+003	1.576887e-006	
1.283269e+003	1.591548e-006	
1.283273e+003	1.607799e-006	
1.283278e+003	1.625381e-006	
1.283283e+003	1.642964e-006	
1.283288e+003	1.660546e-006	
1.283293e+003	1.678130e-006	
1.283298e+003	1.695712e-006	
1.283303e+003	1.713294e-006	
1.283308e+003	1.730876e-006	
1.283312e+003	1.748459e-006	
1.283317e+003	1.766041e-006	
1.283322e+003	1.783623e-006	
1.283327e+003	1.801204e-006	
1.283332e+003	1.818787e-006	
1.283337e+003	1.836368e-006	
1.283342e+003	1.853949e-006	
1.283347e+003	1.871531e-006	
1.283352e+003	1.889113e-006	
1.283356e+003	1.906694e-006	
1.283361e+003	1.924277e-006	
1.283366e+003	1.941858e-006	
1.283371e+003	1.960415e-006	
1.283376e+003	1.980375e-006	
1.283381e+003	2.000693e-006	
1.283386e+003	2.021013e-006	
1.283391e+003	2.041332e-006	
1.283396e+003	2.061652e-006	
1.283400e+003	2.081970e-006	
1.283405e+003	2.102288e-006	
1.283410e+003	2.122608e-006	
1.283415e+003	2.142927e-006	
1.283420e+003	2.163246e-006	
1.283425e+003	2.183566e-006	
1.283430e+003	2.203885e-006	
1.283435e+003	2.224203e-006	
1.283439e+003	2.244523e-006	
1.283444e+003	2.264841e-006	
1.283449e+003	2.285161e-006	
1.283454e+003	2.305481e-006	
1.283459e+003	2.325801e-006	
1.283464e+003	2.346119e-006	
1.283469e+003	2.366494e-006	
1.283474e+003	2.387068e-006	
1.283479e+003	2.407802e-006	
1.283483e+003	2.428539e-006	
1.283488e+003	2.449274e-006	
1.283493e+003	2.470009e-006	
1.283498e+003	2.490744e-006	
1.283503e+003	2.511480e-006	
1.283508e+003	2.532215e-006	
1.283513e+003	2.552951e-006	
1.283518e+003	2.573688e-006	
1.283522e+003	2.594422e-006	
1.283527e+003	2.615159e-006	
1.283532e+003	2.635894e-006	
1.283537e+003	2.656630e-006	
1.283542e+003	2.677367e-006	
1.283547e+003	2.698104e-006	
1.283552e+003	2.718840e-006	
1.283557e+003	2.739577e-006	
1.283562e+003	2.760313e-006	
1.283566e+003	2.781049e-006	
1.283571e+003	2.800169e-006	
1.283576e+003	2.816970e-006	
1.283581e+003	2.833353e-006	
1.283586e+003	2.849734e-006	
1.283591e+003	2.866119e-006	
1.283596e+003	2.882501e-006	
1.283601e+003	2.898883e-006	
1.283605e+003	2.915267e-006	
1.283610e+003	2.931648e-006	
1.283615e+003	2.948033e-006	
1.283620e+003	2.964416e-006	
1.283625e+003	2.980800e-006	
1.283630e+003	2.997184e-006	
1.283635e+003	3.013566e-006	
1.283640e+003	3.029952e-006	
1.283645e+003	3.046334e-006	
1.283649e+003	3.062718e-006	
1.283654e+003	3.079103e-006	
1.283659e+003	3.095486e-006	
1.283664e+003	3.111871e-006	
1.283669e+003	3.126737e-006	
1.283674e+003	3.136732e-006	
1.283679e+003	3.142914e-006	
1.283684e+003	3.149093e-006	
1.283688e+003	3.155275e-006	
1.283693e+003	3.161457e-006	
1.283698e+003	3.167637e-006	
1.283703e+003	3.173820e-006	
1.283708e+003	3.180002e-006	
1.283713e+003	3.186182e-006	
1.283718e+003	3.192366e-006	
1.283723e+003	3.198548e-006	
1.283728e+003	3.204727e-006	
1.283732e+003	3.210912e-006	
1.283737e+003	3.217094e-006	
1.283742e+003	3.223275e-006	
1.283747e+003	3.229458e-006	
1.283752e+003	3.235643e-006	
1.283757e+003	3.241826e-006	
1.283762e+003	3.248008e-006	
1.283767e+003	3.254192e-006	
1.283771e+003	3.251051e-006	
1.283776e+003	3.233962e-006	
1.283781e+003	3.215073e-006	
1.283786e+003	3.196184e-006	
1.283791e+003	3.177293e-006	
1.283796e+003	3.158403e-006	
1.283801e+003	3.139514e-006	
1.283806e+003	3.120625e-006	
1.283811e+003	3.101734e-006	
1.283815e+003	3.082846e-006	
1.283820e+003	3.063957e-006	
1.283825e+003	3.045068e-006	
1.283830e+003	3.026178e-006	
1.283835e+003	3.007291e-006	
1.283840e+003	2.988402e-006	
1.283845e+003	2.969513e-006	
1.283850e+003	2.950624e-006	
1.283854e+003	2.931737e-006	
1.283859e+003	2.912850e-006	
1.283864e+003	2.893962e-006	
1.283869e+003	2.871355e-006	
1.283874e+003	2.838152e-006	
1.283879e+003	2.797406e-006	
1.283884e+003	2.756660e-006	
1.283889e+003	2.715913e-006	
1.283894e+003	2.675165e-006	
1.283898e+003	2.634420e-006	
1.283903e+003	2.593676e-006	
1.283908e+003	2.552931e-006	
1.283913e+003	2.512185e-006	
1.283918e+003	2.471438e-006	
1.283923e+003	2.430693e-006	
1.283928e+003	2.389949e-006	
1.283933e+003	2.349205e-006	
1.283938e+003	2.308460e-006	
1.283942e+003	2.267713e-006	
1.283947e+003	2.226970e-006	
1.283952e+003	2.186226e-006	
1.283957e+003	2.145480e-006	
1.283962e+003	2.104736e-006	
1.283967e+003	2.063991e-006	
1.283972e+003	2.023948e-006	
1.283977e+003	1.984994e-006	
1.283981e+003	1.946097e-006	
1.283986e+003	1.907198e-006	
1.283991e+003	1.868298e-006	
1.283996e+003	1.829400e-006	
1.284001e+003	1.790503e-006	
1.284006e+003	1.751605e-006	
1.284011e+003	1.712706e-006	
1.284016e+003	1.673808e-006	
1.284021e+003	1.634911e-006	
1.284025e+003	1.596014e-006	
1.284030e+003	1.557116e-006	
1.284035e+003	1.518218e-006	
1.284040e+003	1.479320e-006	
1.284045e+003	1.440423e-006	
1.284050e+003	1.401526e-006	
1.284055e+003	1.362628e-006	
1.284060e+003	1.323731e-006	
1.284064e+003	1.284834e-006	
1.284069e+003	1.248266e-006	
1.284074e+003	1.217766e-006	
1.284079e+003	1.191129e-006	
1.284084e+003	1.164490e-006	
1.284089e+003	1.137851e-006	
1.284094e+003	1.111213e-006	
1.284099e+003	1.084575e-006	
1.284104e+003	1.057936e-006	
1.284108e+003	1.031298e-006	
1.284113e+003	1.004660e-006	
1.284118e+003	9.780218e-007	
1.284123e+003	9.513834e-007	
1.284128e+003	9.247449e-007	
1.284133e+003	8.981068e-007	
1.284138e+003	8.714692e-007	
1.284143e+003	8.448312e-007	
1.284147e+003	8.181933e-007	
1.284152e+003	7.915548e-007	
1.284157e+003	7.649173e-007	
1.284162e+003	7.382795e-007	
1.284167e+003	7.116417e-007	
1.284172e+003	6.891698e-007	
1.284177e+003	6.736427e-007	
1.284182e+003	6.581153e-007	
1.284187e+003	6.425888e-007	
1.284191e+003	6.270619e-007	
1.284196e+003	6.115352e-007	
1.284201e+003	5.960078e-007	
1.284206e+003	5.804810e-007	
1.284211e+003	5.649542e-007	
1.284216e+003	5.494272e-007	
1.284221e+003	5.338999e-007	
1.284226e+003	5.183732e-007	
1.284230e+003	5.028465e-007	
1.284235e+003	4.873196e-007	
1.284240e+003	4.717928e-007	
1.284245e+003	4.562658e-007	
1.284250e+003	4.407391e-007	
1.284255e+003	4.252123e-007	
1.284260e+003	4.096855e-007	
1.284265e+003	3.941587e-007	
1.284270e+003	3.800331e-007	
1.284274e+003	3.695106e-007	
1.284279e+003	3.611009e-007	
1.284284e+003	3.526913e-007	
1.284289e+003	3.442815e-007	
1.284294e+003	3.358712e-007	
1.284299e+003	3.274617e-007	
1.284304e+003	3.190520e-007	
1.284309e+003	3.106424e-007	
1.284313e+003	3.022328e-007	
1.284318e+003	2.938233e-007	
1.284323e+003	2.854135e-007	
1.284328e+003	2.770039e-007	
1.284333e+003	2.685943e-007	
1.284338e+003	2.601847e-007	
1.284343e+003	2.517751e-007	
1.284348e+003	2.433655e-007	
1.284353e+003	2.349558e-007	
1.284357e+003	2.265463e-007	
1.284362e+003	2.181366e-007	
1.284367e+003	2.098012e-007	
1.284372e+003	2.029953e-007	
1.284377e+003	1.985329e-007	
1.284382e+003	1.940706e-007	
1.284387e+003	1.896081e-007	
1.284392e+003	1.851459e-007	
1.284396e+003	1.806836e-007	
1.284401e+003	1.762213e-007	
1.284406e+003	1.717590e-007	
1.284411e+003	1.672966e-007	
1.284416e+003	1.628344e-007	
1.284421e+003	1.583720e-007	
1.284426e+003	1.539099e-007	
1.284431e+003	1.494477e-007	
1.284436e+003	1.449855e-007	
1.284440e+003	1.405233e-007	
1.284445e+003	1.360611e-007	
1.284450e+003	1.315989e-007	
1.284455e+003	1.271367e-007	
1.284460e+003	1.226745e-007	
1.284465e+003	1.182121e-007	
1.284470e+003	1.141861e-007	
1.284475e+003	1.112607e-007	
1.284479e+003	1.088754e-007	
1.284484e+003	1.064900e-007	
1.284489e+003	1.041044e-007	
1.284494e+003	1.017190e-007	
1.284499e+003	9.933360e-008	
1.284504e+003	9.694823e-008	
1.284509e+003	9.456277e-008	
1.284514e+003	9.217734e-008	
1.284519e+003	8.979192e-008	
1.284523e+003	8.740652e-008	
1.284528e+003	8.502116e-008	
1.284533e+003	8.263581e-008	
1.284538e+003	8.025044e-008	
1.284543e+003	7.786507e-008	
1.284548e+003	7.547963e-008	
1.284553e+003	7.309437e-008	
1.284558e+003	7.070899e-008	
1.284562e+003	6.832356e-008	
1.284567e+003	6.598567e-008	
1.284572e+003	6.406790e-008	
1.284577e+003	6.276678e-008	
1.284582e+003	6.146561e-008	
1.284587e+003	6.016450e-008	
1.284592e+003	5.886338e-008	
1.284597e+003	5.756224e-008	
1.284602e+003	5.626114e-008	
1.284606e+003	5.496003e-008	
1.284611e+003	5.365892e-008	
1.284616e+003	5.235782e-008	
1.284621e+003	5.105672e-008	
1.284626e+003	4.975562e-008	
1.284631e+003	4.845448e-008	
1.284636e+003	4.715335e-008	
1.284641e+003	4.585226e-008	
1.284646e+003	4.455116e-008	
1.284650e+003	4.325009e-008	
1.284655e+003	4.194900e-008	
1.284660e+003	4.064788e-008	
1.284665e+003	3.934676e-008	
1.284670e+003	3.816637e-008	
1.284675e+003	3.730162e-008	
1.284680e+003	3.657178e-008	
1.284685e+003	3.584195e-008	
1.284689e+003	3.511213e-008	
1.284694e+003	3.438229e-008	
1.284699e+003	3.365246e-008	
1.284704e+003	3.292264e-008	
1.284709e+003	3.219279e-008	
1.284714e+003	3.146296e-008	
1.284719e+003	3.073315e-008	
1.284724e+003	3.000333e-008	
1.284729e+003	2.927352e-008	
1.284733e+003	2.854365e-008	
1.284738e+003	2.781385e-008	
1.284743e+003	2.708404e-008	
1.284748e+003	2.635422e-008	
1.284753e+003	2.562441e-008	
1.284758e+003	2.489459e-008	
1.284763e+003	2.416477e-008	
1.284768e+003	2.345246e-008	
1.284772e+003	2.285899e-008	
1.284777e+003	2.243684e-008	
1.284782e+003	2.201469e-008	
1.284787e+003	2.159253e-008	
1.284792e+003	2.117036e-008	
1.284797e+003	2.074822e-008	
1.284802e+003	2.032608e-008	
1.284807e+003	1.990393e-008	
1.284812e+003	1.948180e-008	
1.284816e+003	1.905965e-008	
1.284821e+003	1.863752e-008	
1.284826e+003	1.821538e-008	
1.284831e+003	1.779323e-008	
1.284836e+003	1.737108e-008	
1.284841e+003	1.694894e-008	
1.284846e+003	1.652680e-008	
1.284851e+003	1.610466e-008	
1.284855e+003	1.568252e-008	
1.284860e+003	1.526038e-008	
1.284865e+003	1.483824e-008	
1.284870e+003	1.445489e-008	
1.284875e+003	1.416869e-008	
1.284880e+003	1.391701e-008	
1.284885e+003	1.366535e-008	
1.284890e+003	1.341368e-008	
1.284895e+003	1.316202e-008	
1.284899e+003	1.291035e-008	
1.284904e+003	1.265866e-008	
1.284909e+003	1.240700e-008	
1.284914e+003	1.215534e-008	
1.284919e+003	1.190368e-008	
1.284924e+003	1.165201e-008	
1.284929e+003	1.140034e-008	
1.284934e+003	1.114867e-008	
1.284938e+003	1.089700e-008	
1.284943e+003	1.064534e-008	
1.284948e+003	1.039368e-008	
1.284953e+003	1.014203e-008	
1.284958e+003	9.890359e-009	
1.284963e+003	9.638689e-009	
1.284968e+003	9.394324e-009	
1.284973e+003	9.188946e-009	
1.284978e+003	9.034659e-009	
1.284982e+003	8.880384e-009	
1.284987e+003	8.726110e-009	
1.284992e+003	8.571834e-009	
1.284997e+003	8.417547e-009	
1.285002e+003	8.263273e-009	
1.285007e+003	8.108996e-009	
1.285012e+003	7.954721e-009	
1.285017e+003	7.800441e-009	
1.285021e+003	7.646165e-009	
1.285026e+003	7.491892e-009	
1.285031e+003	7.337617e-009	
1.285036e+003	7.183336e-009	
1.285041e+003	7.029058e-009	
1.285046e+003	6.874785e-009	
1.285051e+003	6.720513e-009	
1.285056e+003	6.566240e-009	
1.285061e+003	6.411968e-009	
1.285065e+003	6.257689e-009	
1.285070e+003	6.116737e-009	
1.285075e+003	6.010748e-009	
1.285080e+003	5.913784e-009	
1.285085e+003	5.816821e-009	
1.285090e+003	5.719855e-009	
1.285095e+003	5.622884e-009	
1.285100e+003	5.525918e-009	
1.285104e+003	5.428957e-009	
1.285109e+003	5.331996e-009	
1.285114e+003	5.235034e-009	
1.285119e+003	5.138071e-009	
1.285124e+003	5.041103e-009	
1.285129e+003	4.944139e-009	
1.285134e+003	4.847175e-009	
1.285139e+003	4.750214e-009	
1.285144e+003	4.653262e-009	
1.285148e+003	4.556301e-009	
1.285153e+003	4.459338e-009	
1.285158e+003	4.362373e-009	
1.285163e+003	4.265412e-009	
1.285168e+003	4.171290e-009	
1.285173e+003	4.091269e-009	
1.285178e+003	4.028700e-009	
1.285183e+003	3.966136e-009	
1.285188e+003	3.903573e-009	
1.285192e+003	3.841007e-009	
1.285197e+003	3.778441e-009	
1.285202e+003	3.715876e-009	
1.285207e+003	3.653313e-009	
1.285212e+003	3.590750e-009	
1.285217e+003	3.528186e-009	
1.285222e+003	3.465620e-009	
1.285227e+003	3.403055e-009	
1.285231e+003	3.340492e-009	
1.285236e+003	3.277929e-009	
1.285241e+003	3.215367e-009	
1.285246e+003	3.152804e-009	
1.285251e+003	3.090236e-009	
1.285256e+003	3.027675e-009	
1.285261e+003	2.965113e-009	
1.285266e+003	2.902552e-009	
1.285271e+003	2.844826e-009	
1.285275e+003	2.800872e-009	
1.285280e+003	2.759624e-009	
1.285285e+003	2.718378e-009	
1.285290e+003	2.677133e-009	
1.285295e+003	2.635888e-009	
1.285300e+003	2.594642e-009	
1.285305e+003	2.553396e-009	
1.285310e+003	2.512149e-009	
1.285314e+003	2.470899e-009	
1.285319e+003	2.429655e-009	
1.285324e+003	2.388411e-009	
1.285329e+003	2.347167e-009	
1.285334e+003	2.305925e-009	
1.285339e+003	2.264679e-009	
1.285344e+003	2.223433e-009	
1.285349e+003	2.182188e-009	
1.285354e+003	2.140943e-009	
1.285358e+003	2.099698e-009	
1.285363e+003	2.058452e-009	
1.285368e+003	2.018501e-009	
1.285373e+003	1.984359e-009	
1.285378e+003	1.956545e-009	
1.285383e+003	1.928731e-009	
1.285388e+003	1.900919e-009	
1.285393e+003	1.873107e-009	
1.285397e+003	1.845294e-009	
1.285402e+003	1.817482e-009	
1.285407e+003	1.789667e-009	
1.285412e+003	1.761855e-009	
1.285417e+003	1.734043e-009	
1.285422e+003	1.706231e-009	
1.285427e+003	1.678418e-009	
1.285432e+003	1.650604e-009	
1.285437e+003	1.622793e-009	
1.285441e+003	1.594981e-009	
1.285446e+003	1.567170e-009	
1.285451e+003	1.539358e-009	
1.285456e+003	1.511545e-009	
1.285461e+003	1.483732e-009	
1.285466e+003	1.455921e-009	
1.285471e+003	1.430087e-009	
1.285476e+003	1.410405e-009	
1.285480e+003	1.391381e-009	
1.285485e+003	1.372357e-009	
1.285490e+003	1.353332e-009	
1.285495e+003	1.334310e-009	
1.285500e+003	1.315287e-009	
1.285505e+003	1.296264e-009	
1.285510e+003	1.277242e-009	
1.285515e+003	1.258219e-009	
1.285520e+003	1.239195e-009	
1.285524e+003	1.220170e-009	
1.285529e+003	1.201148e-009	
1.285534e+003	1.182126e-009	
1.285539e+003	1.163106e-009	
1.285544e+003	1.144083e-009	
1.285549e+003	1.125060e-009	
1.285554e+003	1.106036e-009	
1.285559e+003	1.087014e-009	
1.285563e+003	1.067992e-009	
1.285568e+003	1.049578e-009	
1.285573e+003	1.033811e-009	
1.285578e+003	1.020514e-009	
1.285583e+003	1.007217e-009	
1.285588e+003	9.939204e-010	
1.285593e+003	9.806221e-010	
1.285598e+003	9.673261e-010	
1.285603e+003	9.540297e-010	
1.285607e+003	9.407328e-010	
1.285612e+003	9.274353e-010	
1.285617e+003	9.141382e-010	
1.285622e+003	9.008419e-010	
1.285627e+003	8.875456e-010	
1.285632e+003	8.742488e-010	
1.285637e+003	8.609516e-010	
1.285642e+003	8.476547e-010	
1.285646e+003	8.343585e-010	
1.285651e+003	8.210619e-010	
1.285656e+003	8.077659e-010	
1.285661e+003	7.944693e-010	
1.285666e+003	7.811716e-010	
1.285671e+003	7.687002e-010	
1.285676e+003	7.591130e-010	
1.285681e+003	7.496754e-010	
1.285686e+003	7.402375e-010	
1.285690e+003	7.307995e-010	
1.285695e+003	7.213607e-010	
1.285700e+003	7.119226e-010	
1.285705e+003	7.024851e-010	
1.285710e+003	6.930474e-010	
1.285715e+003	6.836098e-010	
1.285720e+003	6.741718e-010	
1.285725e+003	6.647335e-010	
1.285729e+003	6.552952e-010	
1.285734e+003	6.458580e-010	
1.285739e+003	6.364205e-010	
1.285744e+003	6.269830e-010	
1.285749e+003	6.175452e-010	
1.285754e+003	6.081075e-010	
1.285759e+003	5.986697e-010	
1.285764e+003	5.892310e-010	
1.285769e+003	5.800751e-010	
1.285773e+003	5.721883e-010	
1.285778e+003	5.653657e-010	
1.285783e+003	5.585430e-010	
1.285788e+003	5.517200e-010	
1.285793e+003	5.448970e-010	
1.285798e+003	5.380744e-010	
1.285803e+003	5.312519e-010	
1.285808e+003	5.244291e-010	
1.285812e+003	5.176061e-010	
1.285817e+003	5.107835e-010	
1.285822e+003	5.039610e-010	
1.285827e+003	4.971385e-010	
1.285832e+003	4.903152e-010	
1.285837e+003	4.834928e-010	
1.285842e+003	4.766705e-010	
1.285847e+003	4.698480e-010	
1.285852e+003	4.630254e-010	
1.285856e+003	4.562023e-010	
1.285861e+003	4.493799e-010	
1.285866e+003	4.425578e-010	
1.285871e+003	4.361549e-010	
1.285876e+003	4.311971e-010	
1.285881e+003	4.262396e-010	
1.285886e+003	4.212824e-010	
1.285891e+003	4.163251e-010	
1.285896e+003	4.113678e-010	
1.285900e+003	4.064105e-010	
1.285905e+003	4.014529e-010	
1.285910e+003	3.964956e-010	
1.285915e+003	3.915385e-010	
1.285920e+003	3.865814e-010	
1.285925e+003	3.816239e-010	
1.285930e+003	3.766667e-010	
1.285935e+003	3.717090e-010	
1.285939e+003	3.667519e-010	
1.285944e+003	3.617948e-010	
1.285949e+003	3.568378e-010	
1.285954e+003	3.518805e-010	
1.285959e+003	3.469234e-010	
1.285964e+003	3.419657e-010	
1.285969e+003	3.371523e-010	
1.285974e+003	3.330317e-010	
1.285979e+003	3.293819e-010	
1.285983e+003	3.257318e-010	
1.285988e+003	3.220816e-010	
1.285993e+003	3.184315e-010	
1.285998e+003	3.147807e-010	
1.286003e+003	3.111309e-010	
1.286008e+003	3.074809e-010	
1.286013e+003	3.038311e-010	
1.286018e+003	3.001813e-010	
1.286022e+003	2.965312e-010	
1.286027e+003	2.928811e-010	
1.286032e+003	2.892305e-010	
1.286037e+003	2.855805e-010	
1.286042e+003	2.819304e-010	
1.286047e+003	2.782803e-010	
1.286052e+003	2.746305e-010	
1.286057e+003	2.709805e-010	
1.286062e+003	2.673305e-010	
1.286066e+003	2.636937e-010	
1.286071e+003	2.602727e-010	
1.286076e+003	2.575028e-010	
1.286081e+003	2.547330e-010	
1.286086e+003	2.519629e-010	
1.286091e+003	2.491932e-010	
1.286096e+003	2.464234e-010	
1.286101e+003	2.436535e-010	
1.286105e+003	2.408835e-010	
1.286110e+003	2.381137e-010	
1.286115e+003	2.353440e-010	
1.286120e+003	2.325743e-010	
1.286125e+003	2.298043e-010	
1.286130e+003	2.270344e-010	
1.286135e+003	2.242647e-010	
1.286140e+003	2.214951e-010	
1.286145e+003	2.187253e-010	
1.286149e+003	2.159555e-010	
1.286154e+003	2.131854e-010	
1.286159e+003	2.104157e-010	
1.286164e+003	2.076461e-010	
1.286169e+003	2.049498e-010	
1.286174e+003	2.026475e-010	
1.286179e+003	2.005754e-010	
1.286184e+003	1.985034e-010	
1.286188e+003	1.964317e-010	
1.286193e+003	1.943598e-010	
1.286198e+003	1.922881e-010	
1.286203e+003	1.902161e-010	
1.286208e+003	1.881440e-010	
1.286213e+003	1.860720e-010	
1.286218e+003	1.840003e-010	
1.286223e+003	1.819286e-010	
1.286228e+003	1.798567e-010	
1.286232e+003	1.777848e-010	
1.286237e+003	1.757127e-010	
1.286242e+003	1.736409e-010	
1.286247e+003	1.715691e-010	
1.286252e+003	1.694974e-010	
1.286257e+003	1.674256e-010	
1.286262e+003	1.653537e-010	
1.286267e+003	1.632923e-010	
1.286271e+003	1.613532e-010	
1.286276e+003	1.597595e-010	
1.286281e+003	1.581660e-010	
1.286286e+003	1.565723e-010	
1.286291e+003	1.549787e-010	
1.286296e+003	1.533851e-010	
1.286301e+003	1.517911e-010	
1.286306e+003	1.501972e-010	
1.286311e+003	1.486036e-010	
1.286315e+003	1.470100e-010	
1.286320e+003	1.454164e-010	
1.286325e+003	1.438229e-010	
1.286330e+003	1.422291e-010	
1.286335e+003	1.406354e-010	
1.286340e+003	1.390418e-010	
1.286345e+003	1.374482e-010	
1.286350e+003	1.358545e-010	
1.286354e+003	1.342607e-010	
1.286359e+003	1.326671e-010	
1.286364e+003	1.310736e-010	
1.286369e+003	1.295198e-010	
1.286374e+003	1.281754e-010	
1.286379e+003	1.269324e-010	
1.286384e+003	1.256894e-010	
1.286389e+003	1.244463e-010	
1.286394e+003	1.232034e-010	
1.286398e+003	1.219602e-010	
1.286403e+003	1.207172e-010	
1.286408e+003	1.194742e-010	
1.286413e+003	1.182312e-010	
1.286418e+003	1.169882e-010	
1.286423e+003	1.157451e-010	
1.286428e+003	1.145021e-010	
1.286433e+003	1.132591e-010	
1.286438e+003	1.120162e-010	
1.286442e+003	1.107731e-010	
1.286447e+003	1.095300e-010	
1.286452e+003	1.082871e-010	
1.286457e+003	1.070441e-010	
1.286462e+003	1.058012e-010	
1.286467e+003	1.045666e-010	
1.286472e+003	1.034154e-010	
1.286477e+003	1.024593e-010	
1.286481e+003	1.015032e-010	
1.286486e+003	1.005470e-010	
1.286491e+003	9.959088e-011	
1.286496e+003	9.863454e-011	
1.286501e+003	9.767842e-011	
1.286506e+003	9.672230e-011	
1.286511e+003	9.576618e-011	
1.286516e+003	9.481004e-011	
1.286521e+003	9.385384e-011	
1.286525e+003	9.289758e-011	
1.286530e+003	9.194149e-011	
1.286535e+003	9.098539e-011	
1.286540e+003	9.002925e-011	
1.286545e+003	8.907314e-011	
1.286550e+003	8.811695e-011	
1.286555e+003	8.716080e-011	
1.286560e+003	8.620459e-011	
1.286564e+003	8.524852e-011	
1.286569e+003	8.431332e-011	
1.286574e+003	8.350443e-011	
1.286579e+003	8.274045e-011	
1.286584e+003	8.197645e-011	
1.286589e+003	8.121244e-011	
1.286594e+003	8.044841e-011	
1.286599e+003	7.968448e-011	
1.286604e+003	7.892054e-011	
1.286608e+003	7.815661e-011	
1.286613e+003	7.739265e-011	
1.286618e+003	7.662870e-011	
1.286623e+003	7.586465e-011	
1.286628e+003	7.510063e-011	
1.286633e+003	7.433668e-011	
1.286638e+003	7.357279e-011	
1.286643e+003	7.280886e-011	
1.286647e+003	7.204491e-011	
1.286652e+003	7.128095e-011	
1.286657e+003	7.051700e-011	
1.286662e+003	6.975307e-011	
1.286667e+003	6.899459e-011	
1.286672e+003	6.829049e-011	
1.286677e+003	6.770093e-011	
1.286682e+003	6.711128e-011	
1.286687e+003	6.652170e-011	
1.286691e+003	6.593200e-011	
1.286696e+003	6.534241e-011	
1.286701e+003	6.475281e-011	
1.286706e+003	6.416322e-011	
1.286711e+003	6.357356e-011	
1.286716e+003	6.298394e-011	
1.286721e+003	6.239435e-011	
1.286726e+003	6.180473e-011	
1.286730e+003	6.121513e-011	
1.286735e+003	6.062548e-011	
1.286740e+003	6.003591e-011	
1.286745e+003	5.944632e-011	
1.286750e+003	5.885671e-011	
1.286755e+003	5.826706e-011	
1.286760e+003	5.767747e-011	
1.286765e+003	5.708789e-011	
1.286770e+003	5.650757e-011	
1.286774e+003	5.599477e-011	
1.286779e+003	5.550075e-011	
1.286784e+003	5.500678e-011	
1.286789e+003	5.451281e-011	
1.286794e+003	5.401886e-011	
1.286799e+003	5.352487e-011	
1.286804e+003	5.303082e-011	
1.286809e+003	5.253689e-011	
1.286813e+003	5.204292e-011	
1.286818e+003	5.154895e-011	
1.286823e+003	5.105498e-011	
1.286828e+003	5.056099e-011	
1.286833e+003	5.006703e-011	
1.286838e+003	4.957306e-011	
1.286843e+003	4.907910e-011	
1.286848e+003	4.858514e-011	
1.286853e+003	4.809117e-011	
1.286857e+003	4.759718e-011	
1.286862e+003	4.710323e-011	
1.286867e+003	4.661407e-011	
1.286872e+003	4.616948e-011	
1.286877e+003	4.580295e-011	
1.286882e+003	4.543639e-011	
1.286887e+003	4.506984e-011	
1.286892e+003	4.470333e-011	
1.286896e+003	4.433683e-011	
1.286901e+003	4.397030e-011	
1.286906e+003	4.360380e-011	
1.286911e+003	4.323720e-011	
1.286916e+003	4.287069e-011	
1.286921e+003	4.250420e-011	
1.286926e+003	4.213768e-011	
1.286931e+003	4.177118e-011	
1.286936e+003	4.140466e-011	
1.286940e+003	4.103808e-011	
1.286945e+003	4.067158e-011	
1.286950e+003	4.030508e-011	
1.286955e+003	3.993857e-011	
1.286960e+003	3.957207e-011	
1.286965e+003	3.920555e-011	
1.286970e+003	3.884310e-011	
1.286975e+003	3.851789e-011	
1.286979e+003	3.819922e-011	
1.286984e+003	3.788055e-011	
1.286989e+003	3.756183e-011	
1.286994e+003	3.724313e-011	
1.286999e+003	3.692446e-011	
1.287004e+003	3.660572e-011	
1.287009e+003	3.628704e-011	
1.287014e+003	3.596835e-011	
1.287019e+003	3.564964e-011	
1.287023e+003	3.533096e-011	
1.287028e+003	3.501226e-011	
1.287033e+003	3.469357e-011	
1.287038e+003	3.437487e-011	
1.287043e+003	3.405618e-011	
1.287048e+003	3.373750e-011	
1.287053e+003	3.341881e-011	
1.287058e+003	3.310011e-011	
1.287062e+003	3.278143e-011	
1.287067e+003	3.246575e-011	
1.287072e+003	3.218202e-011	
1.287077e+003	3.194326e-011	
1.287082e+003	3.170451e-011	
1.287087e+003	3.146576e-011	
1.287092e+003	3.122701e-011	
1.287097e+003	3.098825e-011	
1.287102e+003	3.074949e-011	
1.287106e+003	3.051075e-011	
1.287111e+003	3.027199e-011	
1.287116e+003	3.003325e-011	
1.287121e+003	2.979450e-011	
1.287126e+003	2.955574e-011	
1.287131e+003	2.931700e-011	
1.287136e+003	2.907825e-011	
1.287141e+003	2.883950e-011	
1.287146e+003	2.860075e-011	
1.287150e+003	2.836199e-011	
1.287155e+003	2.812326e-011	
1.287160e+003	2.788452e-011	
1.287165e+003	2.764577e-011	
1.287170e+003	2.740916e-011	
1.287175e+003	2.719907e-011	
1.287180e+003	2.699191e-011	
1.287185e+003	2.678475e-011	
1.287189e+003	2.657758e-011	
1.287194e+003	2.637041e-011	
1.287199e+003	2.616326e-011	
1.287204e+003	2.595609e-011	
1.287209e+003	2.574892e-011	
1.287214e+003	2.554177e-011	
1.287219e+003	2.533462e-011	
1.287224e+003	2.512745e-011	
1.287229e+003	2.492029e-011	
1.287233e+003	2.471313e-011	
1.287238e+003	2.450597e-011	
1.287243e+003	2.429882e-011	
1.287248e+003	2.409166e-011	
1.287253e+003	2.388450e-011	
1.287258e+003	2.367734e-011	
1.287263e+003	2.347018e-011	
1.287268e+003	2.326405e-011	
1.287272e+003	2.307182e-011	
1.287277e+003	2.289652e-011	
1.287282e+003	2.272123e-011	
1.287287e+003	2.254594e-011	
1.287292e+003	2.237064e-011	
1.287297e+003	2.219535e-011	
1.287302e+003	2.202007e-011	
1.287307e+003	2.184478e-011	
1.287312e+003	2.166950e-011	
1.287316e+003	2.149419e-011	
1.287321e+003	2.131890e-011	
1.287326e+003	2.114363e-011	
1.287331e+003	2.096834e-011	
1.287336e+003	2.079305e-011	
1.287341e+003	2.061777e-011	
1.287346e+003	2.044246e-011	
1.287351e+003	2.026718e-011	
1.287355e+003	2.009191e-011	
1.287360e+003	1.991663e-011	
1.287365e+003	1.974134e-011	
1.287370e+003	1.956832e-011	
1.287375e+003	1.942342e-011	
1.287380e+003	1.927999e-011	
1.287385e+003	1.913658e-011	
1.287390e+003	1.899316e-011	
1.287395e+003	1.884974e-011	
1.287399e+003	1.870632e-011	
1.287404e+003	1.856288e-011	
1.287409e+003	1.841946e-011	
1.287414e+003	1.827605e-011	
1.287419e+003	1.813263e-011	
1.287424e+003	1.798921e-011	
1.287429e+003	1.784580e-011	
1.287434e+003	1.770238e-011	
1.287438e+003	1.755897e-011	
1.287443e+003	1.741555e-011	
1.287448e+003	1.727214e-011	
1.287453e+003	1.712873e-011	
1.287458e+003	1.698532e-011	
1.287463e+003	1.684191e-011	
1.287468e+003	1.669890e-011	
1.287473e+003	1.656385e-011	
1.287478e+003	1.643638e-011	
1.287482e+003	1.630890e-011	
1.287487e+003	1.618143e-011	
1.287492e+003	1.605396e-011	
1.287497e+003	1.592649e-011	
1.287502e+003	1.579901e-011	
1.287507e+003	1.567155e-011	
1.287512e+003	1.554407e-011	
1.287517e+003	1.541661e-011	
1.287521e+003	1.528914e-011	
1.287526e+003	1.516167e-011	
1.287531e+003	1.503420e-011	
1.287536e+003	1.490674e-011	
1.287541e+003	1.477927e-011	
1.287546e+003	1.465181e-011	
1.287551e+003	1.452434e-011	
1.287556e+003	1.439688e-011	
1.287561e+003	1.426941e-011	
1.287565e+003	1.414199e-011	
1.287570e+003	1.401689e-011	
1.287575e+003	1.392139e-011	
1.287580e+003	1.382591e-011	
1.287585e+003	1.373042e-011	
1.287590e+003	1.363493e-011	
1.287595e+003	1.353944e-011	
1.287600e+003	1.344395e-011	
1.287604e+003	1.334846e-011	
1.287609e+003	1.325297e-011	
1.287614e+003	1.315748e-011	
1.287619e+003	1.306199e-011	
1.287624e+003	1.296651e-011	
1.287629e+003	1.287103e-011	
1.287634e+003	1.277554e-011	
1.287639e+003	1.268006e-011	
1.287644e+003	1.258457e-011	
1.287648e+003	1.248909e-011	
1.287653e+003	1.239361e-011	
1.287658e+003	1.229813e-011	
1.287663e+003	1.220265e-011	
1.287668e+003	1.210739e-011	
1.287673e+003	1.202078e-011	
1.287678e+003	1.194111e-011	
1.287683e+003	1.186144e-011	
1.287688e+003	1.178178e-011	
1.287692e+003	1.170211e-011	
1.287697e+003	1.162244e-011	
1.287702e+003	1.154277e-011	
1.287707e+003	1.146311e-011	
1.287712e+003	1.138344e-011	
1.287717e+003	1.130378e-011	
1.287722e+003	1.122412e-011	
1.287727e+003	1.114445e-011	
1.287731e+003	1.106479e-011	
1.287736e+003	1.098513e-011	
1.287741e+003	1.090546e-011	
1.287746e+003	1.082580e-011	
1.287751e+003	1.074614e-011	
1.287756e+003	1.066648e-011	
1.287761e+003	1.058682e-011	
1.287766e+003	1.050719e-011	
1.287771e+003	1.042910e-011	
1.287775e+003	1.036537e-011	
1.287780e+003	1.030164e-011	
1.287785e+003	1.023791e-011	
1.287790e+003	1.017418e-011	
1.287795e+003	1.011045e-011	
1.287800e+003	1.004672e-011	
1.287805e+003	9.983000e-012	
1.287810e+003	9.919272e-012	
1.287814e+003	9.855548e-012	
1.287819e+003	9.791822e-012	
1.287824e+003	9.728094e-012	
1.287829e+003	9.664371e-012	
1.287834e+003	9.600648e-012	
1.287839e+003	9.536923e-012	
1.287844e+003	9.473200e-012	
1.287849e+003	9.409479e-012	
1.287854e+003	9.345755e-012	
1.287858e+003	9.282034e-012	
1.287863e+003	9.218313e-012	
1.287868e+003	9.154589e-012	
1.287873e+003	9.090873e-012	
1.287878e+003	9.027157e-012	
1.287883e+003	8.963442e-012	
1.287888e+003	8.899726e-012	
1.287893e+003	8.836011e-012	
1.287897e+003	8.772298e-012	
1.287902e+003	8.708584e-012	
1.287907e+003	8.644870e-012	
1.287912e+003	8.581157e-012	
1.287917e+003	8.517445e-012	
1.287922e+003	8.453732e-012	
1.287927e+003	8.390020e-012	
1.287932e+003	8.326308e-012	
1.287937e+003	8.262598e-012	
1.287941e+003	8.198886e-012	
1.287946e+003	8.135177e-012	
1.287951e+003	8.071467e-012	
1.287956e+003	8.007758e-012	
1.287961e+003	7.944048e-012	
1.287966e+003	7.880339e-012	
1.287971e+003	7.819019e-012	
1.287976e+003	7.771236e-012	
1.287980e+003	7.723453e-012	
1.287985e+003	7.675669e-012	
1.287990e+003	7.627887e-012	
1.287995e+003	7.580106e-012	
