# format  : curve #1.x (tab) curve #1.y (tab) curve #2.x (tab) curve #2.y (tab) ...
# title   : Simulated Spectrum
# abscissa: Energy [eV]
# ordinate: Intensity [counts]
#==========================================================================================================
# Curve #1 (x,y): Config ##: 1
# Reference: W.S.M. Werner, W. Smekal and C. J. Powell, Simulation of Electron Spectra for Surface Analysis (SESSA V2.0) National Institute of Standards and Technology, Gaithersburg, MD (2010), 
# Reliability: 
# Remarks: 
#==========================================================================================================
1.380000e+003	6.430930e-009	
1.380006e+003	6.466470e-009	
1.380012e+003	6.502070e-009	
1.380018e+003	6.537733e-009	
1.380023e+003	6.573460e-009	
1.380029e+003	6.609261e-009	
1.380035e+003	6.645137e-009	
1.380041e+003	6.681057e-009	
1.380047e+003	6.717042e-009	
1.380053e+003	6.753079e-009	
1.380059e+003	6.789176e-009	
1.380064e+003	6.825333e-009	
1.380070e+003	6.861542e-009	
1.380076e+003	6.897803e-009	
1.380082e+003	6.934131e-009	
1.380088e+003	6.970502e-009	
1.380094e+003	7.006936e-009	
1.380100e+003	7.043417e-009	
1.380105e+003	7.092812e-009	
1.380111e+003	7.143118e-009	
1.380117e+003	7.193475e-009	
1.380123e+003	7.243893e-009	
1.380129e+003	7.294360e-009	
1.380135e+003	7.344859e-009	
1.380141e+003	7.395410e-009	
1.380146e+003	7.446011e-009	
1.380152e+003	7.496650e-009	
1.380158e+003	7.547348e-009	
1.380164e+003	7.598078e-009	
1.380170e+003	7.648847e-009	
1.380176e+003	7.699672e-009	
1.380182e+003	7.750532e-009	
1.380188e+003	7.801438e-009	
1.380193e+003	7.852399e-009	
1.380199e+003	7.903388e-009	
1.380205e+003	7.971252e-009	
1.380211e+003	8.041479e-009	
1.380217e+003	8.111801e-009	
1.380223e+003	8.182154e-009	
1.380229e+003	8.252529e-009	
1.380234e+003	8.322964e-009	
1.380240e+003	8.393423e-009	
1.380246e+003	8.463922e-009	
1.380252e+003	8.534449e-009	
1.380258e+003	8.605024e-009	
1.380264e+003	8.675631e-009	
1.380270e+003	8.746273e-009	
1.380275e+003	8.816959e-009	
1.380281e+003	8.887675e-009	
1.380287e+003	8.958415e-009	
1.380293e+003	9.029206e-009	
1.380299e+003	9.100019e-009	
1.380305e+003	9.191666e-009	
1.380311e+003	9.288581e-009	
1.380316e+003	9.385636e-009	
1.380322e+003	9.482727e-009	
1.380328e+003	9.579843e-009	
1.380334e+003	9.676991e-009	
1.380340e+003	9.774179e-009	
1.380346e+003	9.871391e-009	
1.380352e+003	9.968627e-009	
1.380357e+003	1.006589e-008	
1.380363e+003	1.016319e-008	
1.380369e+003	1.026052e-008	
1.380375e+003	1.035788e-008	
1.380381e+003	1.045527e-008	
1.380387e+003	1.055268e-008	
1.380393e+003	1.065011e-008	
1.380398e+003	1.074759e-008	
1.380404e+003	1.087005e-008	
1.380410e+003	1.100103e-008	
1.380416e+003	1.113237e-008	
1.380422e+003	1.126372e-008	
1.380428e+003	1.139511e-008	
1.380434e+003	1.152652e-008	
1.380439e+003	1.165796e-008	
1.380445e+003	1.178941e-008	
1.380451e+003	1.192090e-008	
1.380457e+003	1.205241e-008	
1.380463e+003	1.218396e-008	
1.380469e+003	1.231551e-008	
1.380475e+003	1.244709e-008	
1.380480e+003	1.257868e-008	
1.380486e+003	1.271032e-008	
1.380492e+003	1.284197e-008	
1.380498e+003	1.297364e-008	
1.380504e+003	1.313476e-008	
1.380510e+003	1.330928e-008	
1.380516e+003	1.348437e-008	
1.380521e+003	1.365947e-008	
1.380527e+003	1.383459e-008	
1.380533e+003	1.400973e-008	
1.380539e+003	1.418489e-008	
1.380545e+003	1.436008e-008	
1.380551e+003	1.453528e-008	
1.380557e+003	1.471051e-008	
1.380562e+003	1.488576e-008	
1.380568e+003	1.506102e-008	
1.380574e+003	1.523631e-008	
1.380580e+003	1.541162e-008	
1.380586e+003	1.558694e-008	
1.380592e+003	1.576230e-008	
1.380598e+003	1.593765e-008	
1.380604e+003	1.614794e-008	
1.380609e+003	1.637892e-008	
1.380615e+003	1.661075e-008	
1.380621e+003	1.684259e-008	
1.380627e+003	1.707447e-008	
1.380633e+003	1.730634e-008	
1.380639e+003	1.753826e-008	
1.380645e+003	1.777017e-008	
1.380650e+003	1.800210e-008	
1.380656e+003	1.823407e-008	
1.380662e+003	1.846603e-008	
1.380668e+003	1.869804e-008	
1.380674e+003	1.893004e-008	
1.380680e+003	1.916207e-008	
1.380686e+003	1.939412e-008	
1.380691e+003	1.962616e-008	
1.380697e+003	1.985826e-008	
1.380703e+003	2.013097e-008	
1.380709e+003	2.043300e-008	
1.380715e+003	2.073683e-008	
1.380721e+003	2.104067e-008	
1.380727e+003	2.134454e-008	
1.380732e+003	2.164842e-008	
1.380738e+003	2.195233e-008	
1.380744e+003	2.225621e-008	
1.380750e+003	2.256016e-008	
1.380756e+003	2.286411e-008	
1.380762e+003	2.316807e-008	
1.380768e+003	2.347205e-008	
1.380773e+003	2.377605e-008	
1.380779e+003	2.408004e-008	
1.380785e+003	2.438407e-008	
1.380791e+003	2.468811e-008	
1.380797e+003	2.499215e-008	
1.380803e+003	2.534001e-008	
1.380809e+003	2.573108e-008	
1.380814e+003	2.612486e-008	
1.380820e+003	2.651863e-008	
1.380826e+003	2.691243e-008	
1.380832e+003	2.730626e-008	
1.380838e+003	2.770007e-008	
1.380844e+003	2.809393e-008	
1.380850e+003	2.848773e-008	
1.380855e+003	2.888165e-008	
1.380861e+003	2.927551e-008	
1.380867e+003	2.966941e-008	
1.380873e+003	3.006335e-008	
1.380879e+003	3.045725e-008	
1.380885e+003	3.085118e-008	
1.380891e+003	3.124513e-008	
1.380896e+003	3.163908e-008	
1.380902e+003	3.208132e-008	
1.380908e+003	3.258043e-008	
1.380914e+003	3.308429e-008	
1.380920e+003	3.358818e-008	
1.380926e+003	3.409211e-008	
1.380932e+003	3.459600e-008	
1.380938e+003	3.509989e-008	
1.380943e+003	3.560384e-008	
1.380949e+003	3.610777e-008	
1.380955e+003	3.661176e-008	
1.380961e+003	3.711571e-008	
1.380967e+003	3.761968e-008	
1.380973e+003	3.812365e-008	
1.380979e+003	3.862770e-008	
1.380984e+003	3.913170e-008	
1.380990e+003	3.963574e-008	
1.380996e+003	4.013978e-008	
1.381002e+003	4.069551e-008	
1.381008e+003	4.132832e-008	
1.381014e+003	4.196776e-008	
1.381020e+003	4.260718e-008	
1.381025e+003	4.324658e-008	
1.381031e+003	4.388600e-008	
1.381037e+003	4.452550e-008	
1.381043e+003	4.516495e-008	
1.381049e+003	4.580443e-008	
1.381055e+003	4.644389e-008	
1.381061e+003	4.708338e-008	
1.381066e+003	4.772291e-008	
1.381072e+003	4.836242e-008	
1.381078e+003	4.900193e-008	
1.381084e+003	4.964145e-008	
1.381090e+003	5.028103e-008	
1.381096e+003	5.092060e-008	
1.381102e+003	5.161330e-008	
1.381107e+003	5.240781e-008	
1.381113e+003	5.321118e-008	
1.381119e+003	5.401458e-008	
1.381125e+003	5.481791e-008	
1.381131e+003	5.562144e-008	
1.381137e+003	5.642484e-008	
1.381143e+003	5.722823e-008	
1.381148e+003	5.803173e-008	
1.381154e+003	5.883517e-008	
1.381160e+003	5.963862e-008	
1.381166e+003	6.044211e-008	
1.381172e+003	6.124557e-008	
1.381178e+003	6.204913e-008	
1.381184e+003	6.285260e-008	
1.381189e+003	6.365622e-008	
1.381195e+003	6.445975e-008	
1.381201e+003	6.531697e-008	
1.381207e+003	6.629868e-008	
1.381213e+003	6.729415e-008	
1.381219e+003	6.828959e-008	
1.381225e+003	6.928509e-008	
1.381230e+003	7.028049e-008	
1.381236e+003	7.127608e-008	
1.381242e+003	7.227158e-008	
1.381248e+003	7.326712e-008	
1.381254e+003	7.426268e-008	
1.381260e+003	7.525817e-008	
1.381266e+003	7.625377e-008	
1.381271e+003	7.724933e-008	
1.381277e+003	7.824490e-008	
1.381283e+003	7.924049e-008	
1.381289e+003	8.023597e-008	
1.381295e+003	8.123163e-008	
1.381301e+003	8.227283e-008	
1.381307e+003	8.347254e-008	
1.381312e+003	8.468997e-008	
1.381318e+003	8.590749e-008	
1.381324e+003	8.712500e-008	
1.381330e+003	8.834248e-008	
1.381336e+003	8.956002e-008	
1.381342e+003	9.077753e-008	
1.381348e+003	9.199506e-008	
1.381354e+003	9.321267e-008	
1.381359e+003	9.443023e-008	
1.381365e+003	9.564784e-008	
1.381371e+003	9.686547e-008	
1.381377e+003	9.808295e-008	
1.381383e+003	9.930049e-008	
1.381389e+003	1.005180e-007	
1.381395e+003	1.017358e-007	
1.381400e+003	1.029945e-007	
1.381406e+003	1.044377e-007	
1.381412e+003	1.059063e-007	
1.381418e+003	1.073750e-007	
1.381424e+003	1.088438e-007	
1.381430e+003	1.103126e-007	
1.381436e+003	1.117813e-007	
1.381441e+003	1.132501e-007	
1.381447e+003	1.147190e-007	
1.381453e+003	1.161878e-007	
1.381459e+003	1.176566e-007	
1.381465e+003	1.191253e-007	
1.381471e+003	1.205941e-007	
1.381477e+003	1.220630e-007	
1.381482e+003	1.235317e-007	
1.381488e+003	1.250006e-007	
1.381494e+003	1.264693e-007	
1.381500e+003	1.279686e-007	
1.381506e+003	1.296850e-007	
1.381512e+003	1.314318e-007	
1.381518e+003	1.331786e-007	
1.381523e+003	1.349255e-007	
1.381529e+003	1.366724e-007	
1.381535e+003	1.384191e-007	
1.381541e+003	1.401660e-007	
1.381547e+003	1.419129e-007	
1.381553e+003	1.436598e-007	
1.381559e+003	1.454066e-007	
1.381564e+003	1.471535e-007	
1.381570e+003	1.489004e-007	
1.381576e+003	1.506474e-007	
1.381582e+003	1.523943e-007	
1.381588e+003	1.541411e-007	
1.381594e+003	1.558880e-007	
1.381600e+003	1.576513e-007	
1.381605e+003	1.596611e-007	
1.381611e+003	1.617057e-007	
1.381617e+003	1.637502e-007	
1.381623e+003	1.657950e-007	
1.381629e+003	1.678397e-007	
1.381635e+003	1.698843e-007	
1.381641e+003	1.719289e-007	
1.381646e+003	1.739737e-007	
1.381652e+003	1.760183e-007	
1.381658e+003	1.780630e-007	
1.381664e+003	1.801077e-007	
1.381670e+003	1.821525e-007	
1.381676e+003	1.841972e-007	
1.381682e+003	1.862419e-007	
1.381688e+003	1.882864e-007	
1.381693e+003	1.903311e-007	
1.381699e+003	1.923810e-007	
1.381705e+003	1.946910e-007	
1.381711e+003	1.970448e-007	
1.381717e+003	1.993985e-007	
1.381723e+003	2.017522e-007	
1.381729e+003	2.041058e-007	
1.381734e+003	2.064594e-007	
1.381740e+003	2.088131e-007	
1.381746e+003	2.111667e-007	
1.381752e+003	2.135207e-007	
1.381758e+003	2.158745e-007	
1.381764e+003	2.182283e-007	
1.381770e+003	2.205820e-007	
1.381775e+003	2.229357e-007	
1.381781e+003	2.252894e-007	
1.381787e+003	2.276430e-007	
1.381793e+003	2.299968e-007	
1.381799e+003	2.323509e-007	
1.381805e+003	2.349585e-007	
1.381811e+003	2.376265e-007	
1.381816e+003	2.402973e-007	
1.381822e+003	2.429682e-007	
1.381828e+003	2.456390e-007	
1.381834e+003	2.483099e-007	
1.381840e+003	2.509809e-007	
1.381846e+003	2.536518e-007	
1.381852e+003	2.563227e-007	
1.381857e+003	2.589936e-007	
1.381863e+003	2.616645e-007	
1.381869e+003	2.643354e-007	
1.381875e+003	2.670062e-007	
1.381881e+003	2.696771e-007	
1.381887e+003	2.723481e-007	
1.381893e+003	2.750190e-007	
1.381898e+003	2.776898e-007	
1.381904e+003	2.805842e-007	
1.381910e+003	2.835489e-007	
1.381916e+003	2.865187e-007	
1.381922e+003	2.894888e-007	
1.381928e+003	2.924586e-007	
1.381934e+003	2.954286e-007	
1.381939e+003	2.983987e-007	
1.381945e+003	3.013686e-007	
1.381951e+003	3.043386e-007	
1.381957e+003	3.073086e-007	
1.381963e+003	3.102784e-007	
1.381969e+003	3.132484e-007	
1.381975e+003	3.162185e-007	
1.381980e+003	3.191883e-007	
1.381986e+003	3.221583e-007	
1.381992e+003	3.251285e-007	
1.381998e+003	3.280984e-007	
1.382004e+003	3.312535e-007	
1.382010e+003	3.344828e-007	
1.382016e+003	3.377194e-007	
1.382021e+003	3.409561e-007	
1.382027e+003	3.441928e-007	
1.382033e+003	3.474295e-007	
1.382039e+003	3.506660e-007	
1.382045e+003	3.539028e-007	
1.382051e+003	3.571395e-007	
1.382057e+003	3.603762e-007	
1.382062e+003	3.636128e-007	
1.382068e+003	3.668497e-007	
1.382074e+003	3.700858e-007	
1.382080e+003	3.733225e-007	
1.382086e+003	3.765592e-007	
1.382092e+003	3.797959e-007	
1.382098e+003	3.830326e-007	
1.382104e+003	3.864049e-007	
1.382109e+003	3.898444e-007	
1.382115e+003	3.932920e-007	
1.382121e+003	3.967397e-007	
1.382127e+003	4.001872e-007	
1.382133e+003	4.036349e-007	
1.382139e+003	4.070823e-007	
1.382145e+003	4.105301e-007	
1.382150e+003	4.139776e-007	
1.382156e+003	4.174252e-007	
1.382162e+003	4.208728e-007	
1.382168e+003	4.243205e-007	
1.382174e+003	4.277681e-007	
1.382180e+003	4.312157e-007	
1.382186e+003	4.346632e-007	
1.382191e+003	4.381109e-007	
1.382197e+003	4.415584e-007	
1.382203e+003	4.450790e-007	
1.382209e+003	4.486434e-007	
1.382215e+003	4.522142e-007	
1.382221e+003	4.557850e-007	
1.382227e+003	4.593557e-007	
1.382232e+003	4.629263e-007	
1.382238e+003	4.664970e-007	
1.382244e+003	4.700680e-007	
1.382250e+003	4.736387e-007	
1.382256e+003	4.772094e-007	
1.382262e+003	4.807801e-007	
1.382268e+003	4.843506e-007	
1.382273e+003	4.879217e-007	
1.382279e+003	4.914924e-007	
1.382285e+003	4.950630e-007	
1.382291e+003	4.986338e-007	
1.382297e+003	5.022045e-007	
1.382303e+003	5.057889e-007	
1.382309e+003	5.093840e-007	
1.382314e+003	5.129805e-007	
1.382320e+003	5.165772e-007	
1.382326e+003	5.201737e-007	
1.382332e+003	5.237703e-007	
1.382338e+003	5.273670e-007	
1.382344e+003	5.309636e-007	
1.382350e+003	5.345603e-007	
1.382355e+003	5.381570e-007	
1.382361e+003	5.417534e-007	
1.382367e+003	5.453502e-007	
1.382373e+003	5.489468e-007	
1.382379e+003	5.525433e-007	
1.382385e+003	5.561401e-007	
1.382391e+003	5.597367e-007	
1.382396e+003	5.633333e-007	
1.382402e+003	5.668814e-007	
1.382408e+003	5.703846e-007	
1.382414e+003	5.738795e-007	
1.382420e+003	5.773744e-007	
1.382426e+003	5.808690e-007	
1.382432e+003	5.843640e-007	
1.382438e+003	5.878589e-007	
1.382443e+003	5.913537e-007	
1.382449e+003	5.948486e-007	
1.382455e+003	5.983433e-007	
1.382461e+003	6.018382e-007	
1.382467e+003	6.053331e-007	
1.382473e+003	6.088281e-007	
1.382479e+003	6.123229e-007	
1.382484e+003	6.158177e-007	
1.382490e+003	6.193126e-007	
1.382496e+003	6.228076e-007	
1.382502e+003	6.262016e-007	
1.382508e+003	6.294837e-007	
1.382514e+003	6.327435e-007	
1.382520e+003	6.360033e-007	
1.382525e+003	6.392630e-007	
1.382531e+003	6.425228e-007	
1.382537e+003	6.457824e-007	
1.382543e+003	6.490422e-007	
1.382549e+003	6.523020e-007	
1.382555e+003	6.555617e-007	
1.382561e+003	6.588216e-007	
1.382566e+003	6.620813e-007	
1.382572e+003	6.653411e-007	
1.382578e+003	6.686008e-007	
1.382584e+003	6.718606e-007	
1.382590e+003	6.751204e-007	
1.382596e+003	6.783800e-007	
1.382602e+003	6.814973e-007	
1.382607e+003	6.844222e-007	
1.382613e+003	6.873065e-007	
1.382619e+003	6.901905e-007	
1.382625e+003	6.930745e-007	
1.382631e+003	6.959587e-007	
1.382637e+003	6.988429e-007	
1.382643e+003	7.017269e-007	
1.382648e+003	7.046111e-007	
1.382654e+003	7.074954e-007	
1.382660e+003	7.103794e-007	
1.382666e+003	7.132634e-007	
1.382672e+003	7.161476e-007	
1.382678e+003	7.190316e-007	
1.382684e+003	7.219159e-007	
1.382689e+003	7.247999e-007	
1.382695e+003	7.276842e-007	
1.382701e+003	7.303942e-007	
1.382707e+003	7.328288e-007	
1.382713e+003	7.351967e-007	
1.382719e+003	7.375648e-007	
1.382725e+003	7.399316e-007	
1.382730e+003	7.422997e-007	
1.382736e+003	7.446678e-007	
1.382742e+003	7.470359e-007	
1.382748e+003	7.494040e-007	
1.382754e+003	7.517722e-007	
1.382760e+003	7.541400e-007	
1.382766e+003	7.565081e-007	
1.382771e+003	7.588763e-007	
1.382777e+003	7.612443e-007	
1.382783e+003	7.636126e-007	
1.382789e+003	7.659806e-007	
1.382795e+003	7.683487e-007	
1.382801e+003	7.705468e-007	
1.382807e+003	7.723847e-007	
1.382812e+003	7.741305e-007	
1.382818e+003	7.758761e-007	
1.382824e+003	7.776219e-007	
1.382830e+003	7.793677e-007	
1.382836e+003	7.811134e-007	
1.382842e+003	7.828589e-007	
1.382848e+003	7.846046e-007	
1.382854e+003	7.863503e-007	
1.382859e+003	7.880959e-007	
1.382865e+003	7.898417e-007	
1.382871e+003	7.915875e-007	
1.382877e+003	7.933332e-007	
1.382883e+003	7.950789e-007	
1.382889e+003	7.968245e-007	
1.382895e+003	7.985702e-007	
1.382900e+003	8.001492e-007	
1.382906e+003	8.013059e-007	
1.382912e+003	8.023402e-007	
1.382918e+003	8.033747e-007	
1.382924e+003	8.044094e-007	
1.382930e+003	8.054438e-007	
1.382936e+003	8.064785e-007	
1.382941e+003	8.075128e-007	
1.382947e+003	8.085476e-007	
1.382953e+003	8.095820e-007	
1.382959e+003	8.106169e-007	
1.382965e+003	8.116513e-007	
1.382971e+003	8.126860e-007	
1.382977e+003	8.137203e-007	
1.382982e+003	8.147551e-007	
1.382988e+003	8.157895e-007	
1.382994e+003	8.168241e-007	
1.383000e+003	8.177162e-007	
1.383006e+003	8.181333e-007	
1.383012e+003	8.184081e-007	
1.383018e+003	8.186826e-007	
1.383023e+003	8.189575e-007	
1.383029e+003	8.192321e-007	
1.383035e+003	8.195066e-007	
1.383041e+003	8.197815e-007	
1.383047e+003	8.200560e-007	
1.383053e+003	8.203307e-007	
1.383059e+003	8.206052e-007	
1.383064e+003	8.208798e-007	
1.383070e+003	8.211545e-007	
1.383076e+003	8.214292e-007	
1.383082e+003	8.217040e-007	
1.383088e+003	8.219789e-007	
1.383094e+003	8.222535e-007	
1.383100e+003	8.224231e-007	
1.383105e+003	8.221019e-007	
1.383111e+003	8.216285e-007	
1.383117e+003	8.211552e-007	
1.383123e+003	8.206818e-007	
1.383129e+003	8.202086e-007	
1.383135e+003	8.197352e-007	
1.383141e+003	8.192617e-007	
1.383146e+003	8.187885e-007	
1.383152e+003	8.183152e-007	
1.383158e+003	8.178419e-007	
1.383164e+003	8.173683e-007	
1.383170e+003	8.168951e-007	
1.383176e+003	8.164218e-007	
1.383182e+003	8.159484e-007	
1.383188e+003	8.154749e-007	
1.383193e+003	8.150016e-007	
1.383199e+003	8.144547e-007	
1.383205e+003	8.134498e-007	
1.383211e+003	8.122847e-007	
1.383217e+003	8.111196e-007	
1.383223e+003	8.099546e-007	
1.383229e+003	8.087892e-007	
1.383234e+003	8.076244e-007	
1.383240e+003	8.064596e-007	
1.383246e+003	8.052948e-007	
1.383252e+003	8.041301e-007	
1.383258e+003	8.029654e-007	
1.383264e+003	8.018007e-007	
1.383270e+003	8.006359e-007	
1.383275e+003	7.994712e-007	
1.383281e+003	7.983065e-007	
1.383287e+003	7.971418e-007	
1.383293e+003	7.959768e-007	
1.383299e+003	7.947847e-007	
1.383305e+003	7.931701e-007	
1.383311e+003	7.914026e-007	
1.383316e+003	7.896347e-007	
1.383322e+003	7.878670e-007	
1.383328e+003	7.860992e-007	
1.383334e+003	7.843315e-007	
1.383340e+003	7.825636e-007	
1.383346e+003	7.807960e-007	
1.383352e+003	7.790282e-007	
1.383357e+003	7.772603e-007	
1.383363e+003	7.754927e-007	
1.383369e+003	7.737248e-007	
1.383375e+003	7.719575e-007	
1.383381e+003	7.701898e-007	
1.383387e+003	7.684221e-007	
1.383393e+003	7.666544e-007	
1.383398e+003	7.648795e-007	
1.383404e+003	7.627618e-007	
1.383410e+003	7.605041e-007	
1.383416e+003	7.582462e-007	
1.383422e+003	7.559885e-007	
1.383428e+003	7.537306e-007	
1.383434e+003	7.514728e-007	
1.383439e+003	7.492149e-007	
1.383445e+003	7.469565e-007	
1.383451e+003	7.446987e-007	
1.383457e+003	7.424412e-007	
1.383463e+003	7.401835e-007	
1.383469e+003	7.379258e-007	
1.383475e+003	7.356682e-007	
1.383480e+003	7.334104e-007	
1.383486e+003	7.311527e-007	
1.383492e+003	7.288950e-007	
1.383498e+003	7.266374e-007	
1.383504e+003	7.241326e-007	
1.383510e+003	7.215154e-007	
1.383516e+003	7.188936e-007	
1.383521e+003	7.162718e-007	
1.383527e+003	7.136500e-007	
1.383533e+003	7.110283e-007	
1.383539e+003	7.084064e-007	
1.383545e+003	7.057840e-007	
1.383551e+003	7.031620e-007	
1.383557e+003	7.005403e-007	
1.383562e+003	6.979187e-007	
1.383568e+003	6.952971e-007	
1.383574e+003	6.926754e-007	
1.383580e+003	6.900536e-007	
1.383586e+003	6.874322e-007	
1.383592e+003	6.848105e-007	
1.383598e+003	6.821888e-007	
1.383604e+003	6.794298e-007	
1.383609e+003	6.765982e-007	
1.383615e+003	6.737602e-007	
1.383621e+003	6.709221e-007	
1.383627e+003	6.680839e-007	
1.383633e+003	6.652458e-007	
1.383639e+003	6.624076e-007	
1.383645e+003	6.595696e-007	
1.383650e+003	6.567310e-007	
1.383656e+003	6.538926e-007	
1.383662e+003	6.510538e-007	
1.383668e+003	6.482157e-007	
1.383674e+003	6.453778e-007	
1.383680e+003	6.425396e-007	
1.383686e+003	6.397016e-007	
1.383691e+003	6.368637e-007	
1.383697e+003	6.340256e-007	
1.383703e+003	6.311388e-007	
1.383709e+003	6.282215e-007	
1.383715e+003	6.253005e-007	
1.383721e+003	6.223794e-007	
1.383727e+003	6.194583e-007	
1.383732e+003	6.165374e-007	
1.383738e+003	6.136164e-007	
1.383744e+003	6.106952e-007	
1.383750e+003	6.077742e-007	
1.383756e+003	6.048531e-007	
1.383762e+003	6.019320e-007	
1.383768e+003	5.990109e-007	
1.383773e+003	5.960898e-007	
1.383779e+003	5.931684e-007	
1.383785e+003	5.902472e-007	
1.383791e+003	5.873259e-007	
1.383797e+003	5.844039e-007	
1.383803e+003	5.814854e-007	
1.383809e+003	5.785688e-007	
1.383814e+003	5.756525e-007	
1.383820e+003	5.727363e-007	
1.383826e+003	5.698199e-007	
1.383832e+003	5.669036e-007	
1.383838e+003	5.639873e-007	
1.383844e+003	5.610710e-007	
1.383850e+003	5.581547e-007	
1.383855e+003	5.552384e-007	
1.383861e+003	5.523221e-007	
1.383867e+003	5.494057e-007	
1.383873e+003	5.464895e-007	
1.383879e+003	5.435732e-007	
1.383885e+003	5.406567e-007	
1.383891e+003	5.377404e-007	
1.383896e+003	5.348240e-007	
1.383902e+003	5.319559e-007	
1.383908e+003	5.291297e-007	
1.383914e+003	5.263125e-007	
1.383920e+003	5.234952e-007	
1.383926e+003	5.206779e-007	
1.383932e+003	5.178604e-007	
1.383938e+003	5.150431e-007	
1.383943e+003	5.122257e-007	
1.383949e+003	5.094082e-007	
1.383955e+003	5.065907e-007	
1.383961e+003	5.037729e-007	
1.383967e+003	5.009550e-007	
1.383973e+003	4.981379e-007	
1.383979e+003	4.953206e-007	
1.383984e+003	4.925034e-007	
1.383990e+003	4.896863e-007	
1.383996e+003	4.868691e-007	
1.384002e+003	4.841300e-007	
1.384008e+003	4.814689e-007	
1.384014e+003	4.788275e-007	
1.384020e+003	4.761861e-007	
1.384025e+003	4.735450e-007	
1.384031e+003	4.709037e-007	
1.384037e+003	4.682622e-007	
1.384043e+003	4.656208e-007	
1.384049e+003	4.629794e-007	
1.384055e+003	4.603380e-007	
1.384061e+003	4.576966e-007	
1.384066e+003	4.550552e-007	
1.384072e+003	4.524138e-007	
1.384078e+003	4.497724e-007	
1.384084e+003	4.471309e-007	
1.384090e+003	4.444895e-007	
1.384096e+003	4.418480e-007	
1.384102e+003	4.392975e-007	
1.384107e+003	4.368519e-007	
1.384113e+003	4.344362e-007	
1.384119e+003	4.320204e-007	
1.384125e+003	4.296047e-007	
1.384131e+003	4.271886e-007	
1.384137e+003	4.247730e-007	
1.384143e+003	4.223574e-007	
1.384148e+003	4.199418e-007	
1.384154e+003	4.175261e-007	
1.384160e+003	4.151106e-007	
1.384166e+003	4.126950e-007	
1.384172e+003	4.102793e-007	
1.384178e+003	4.078637e-007	
1.384184e+003	4.054482e-007	
1.384189e+003	4.030325e-007	
1.384195e+003	4.006170e-007	
1.384201e+003	3.982774e-007	
1.384207e+003	3.960386e-007	
1.384213e+003	3.938322e-007	
1.384219e+003	3.916258e-007	
1.384225e+003	3.894194e-007	
1.384230e+003	3.872130e-007	
1.384236e+003	3.850065e-007	
1.384242e+003	3.828002e-007	
1.384248e+003	3.805937e-007	
1.384254e+003	3.783873e-007	
1.384260e+003	3.761808e-007	
1.384266e+003	3.739744e-007	
1.384271e+003	3.717679e-007	
1.384277e+003	3.695610e-007	
1.384283e+003	3.673548e-007	
1.384289e+003	3.651484e-007	
1.384295e+003	3.629421e-007	
1.384301e+003	3.608063e-007	
1.384307e+003	3.587859e-007	
1.384312e+003	3.568075e-007	
1.384318e+003	3.548292e-007	
1.384324e+003	3.528508e-007	
1.384330e+003	3.508724e-007	
1.384336e+003	3.488941e-007	
1.384342e+003	3.469157e-007	
1.384348e+003	3.449373e-007	
1.384354e+003	3.429590e-007	
1.384359e+003	3.409806e-007	
1.384365e+003	3.390022e-007	
1.384371e+003	3.370239e-007	
1.384377e+003	3.350455e-007	
1.384383e+003	3.330672e-007	
1.384389e+003	3.310889e-007	
1.384395e+003	3.291105e-007	
1.384400e+003	3.271962e-007	
1.384406e+003	3.254028e-007	
1.384412e+003	3.236586e-007	
1.384418e+003	3.219146e-007	
1.384424e+003	3.201704e-007	
1.384430e+003	3.184265e-007	
1.384436e+003	3.166824e-007	
1.384441e+003	3.149385e-007	
1.384447e+003	3.131946e-007	
1.384453e+003	3.114507e-007	
1.384459e+003	3.097068e-007	
1.384465e+003	3.079628e-007	
1.384471e+003	3.062189e-007	
1.384477e+003	3.044750e-007	
1.384482e+003	3.027311e-007	
1.384488e+003	3.009871e-007	
1.384494e+003	2.992432e-007	
1.384500e+003	2.975524e-007	
1.384506e+003	2.959823e-007	
1.384512e+003	2.944655e-007	
1.384518e+003	2.929487e-007	
1.384523e+003	2.914319e-007	
1.384529e+003	2.899151e-007	
1.384535e+003	2.883982e-007	
1.384541e+003	2.868814e-007	
1.384547e+003	2.853645e-007	
1.384553e+003	2.838475e-007	
1.384559e+003	2.823306e-007	
1.384564e+003	2.808138e-007	
1.384570e+003	2.792970e-007	
1.384576e+003	2.777803e-007	
1.384582e+003	2.762636e-007	
1.384588e+003	2.747468e-007	
1.384594e+003	2.732301e-007	
1.384600e+003	2.717529e-007	
1.384605e+003	2.703868e-007	
1.384611e+003	2.690729e-007	
1.384617e+003	2.677590e-007	
1.384623e+003	2.664451e-007	
1.384629e+003	2.651311e-007	
1.384635e+003	2.638173e-007	
1.384641e+003	2.625034e-007	
1.384646e+003	2.611895e-007	
1.384652e+003	2.598756e-007	
1.384658e+003	2.585616e-007	
1.384664e+003	2.572477e-007	
1.384670e+003	2.559339e-007	
1.384676e+003	2.546199e-007	
1.384682e+003	2.533060e-007	
1.384688e+003	2.519922e-007	
1.384693e+003	2.506783e-007	
1.384699e+003	2.494077e-007	
1.384705e+003	2.482822e-007	
1.384711e+003	2.472332e-007	
1.384717e+003	2.461841e-007	
1.384723e+003	2.451351e-007	
1.384729e+003	2.440861e-007	
1.384734e+003	2.430372e-007	
1.384740e+003	2.419882e-007	
1.384746e+003	2.409393e-007	
1.384752e+003	2.398903e-007	
1.384758e+003	2.388414e-007	
1.384764e+003	2.377924e-007	
1.384770e+003	2.367436e-007	
1.384775e+003	2.356946e-007	
1.384781e+003	2.346457e-007	
1.384787e+003	2.335967e-007	
1.384793e+003	2.325479e-007	
1.384799e+003	2.315235e-007	
1.384805e+003	2.306221e-007	
1.384811e+003	2.297906e-007	
1.384816e+003	2.289590e-007	
1.384822e+003	2.281276e-007	
1.384828e+003	2.272962e-007	
1.384834e+003	2.264646e-007	
1.384840e+003	2.256332e-007	
1.384846e+003	2.248018e-007	
1.384852e+003	2.239702e-007	
1.384857e+003	2.231388e-007	
1.384863e+003	2.223074e-007	
1.384869e+003	2.214759e-007	
1.384875e+003	2.206445e-007	
1.384881e+003	2.198129e-007	
1.384887e+003	2.189815e-007	
1.384893e+003	2.181500e-007	
1.384898e+003	2.173367e-007	
1.384904e+003	2.166418e-007	
1.384910e+003	2.160223e-007	
1.384916e+003	2.154029e-007	
1.384922e+003	2.147834e-007	
1.384928e+003	2.141640e-007	
1.384934e+003	2.135446e-007	
1.384939e+003	2.129252e-007	
1.384945e+003	2.123057e-007	
1.384951e+003	2.116863e-007	
1.384957e+003	2.110668e-007	
1.384963e+003	2.104475e-007	
1.384969e+003	2.098280e-007	
1.384975e+003	2.092086e-007	
1.384980e+003	2.085892e-007	
1.384986e+003	2.079697e-007	
1.384992e+003	2.073503e-007	
1.384998e+003	2.067432e-007	
1.385004e+003	2.062767e-007	
1.385010e+003	2.059047e-007	
1.385016e+003	2.055327e-007	
1.385021e+003	2.051606e-007	
1.385027e+003	2.047886e-007	
1.385033e+003	2.044166e-007	
1.385039e+003	2.040447e-007	
1.385045e+003	2.036726e-007	
1.385051e+003	2.033006e-007	
1.385057e+003	2.029287e-007	
1.385062e+003	2.025567e-007	
1.385068e+003	2.021848e-007	
1.385074e+003	2.018128e-007	
1.385080e+003	2.014410e-007	
1.385086e+003	2.010690e-007	
1.385092e+003	2.006971e-007	
1.385098e+003	2.003299e-007	
1.385104e+003	2.001846e-007	
1.385109e+003	2.001955e-007	
1.385115e+003	2.002066e-007	
1.385121e+003	2.002176e-007	
1.385127e+003	2.002287e-007	
1.385133e+003	2.002395e-007	
1.385139e+003	2.002507e-007	
1.385145e+003	2.002617e-007	
1.385150e+003	2.002728e-007	
1.385156e+003	2.002838e-007	
1.385162e+003	2.002949e-007	
1.385168e+003	2.003060e-007	
1.385174e+003	2.003172e-007	
1.385180e+003	2.003284e-007	
1.385186e+003	2.003394e-007	
1.385191e+003	2.003505e-007	
1.385197e+003	2.003615e-007	
1.385203e+003	2.006191e-007	
1.385209e+003	2.010738e-007	
1.385215e+003	2.015325e-007	
1.385221e+003	2.019912e-007	
1.385227e+003	2.024499e-007	
1.385232e+003	2.029086e-007	
1.385238e+003	2.033674e-007	
1.385244e+003	2.038260e-007	
1.385250e+003	2.042848e-007	
1.385256e+003	2.047434e-007	
1.385262e+003	2.052021e-007	
1.385268e+003	2.056608e-007	
1.385273e+003	2.061195e-007	
1.385279e+003	2.065782e-007	
1.385285e+003	2.070370e-007	
1.385291e+003	2.074958e-007	
1.385297e+003	2.079544e-007	
1.385303e+003	2.087272e-007	
1.385309e+003	2.097805e-007	
1.385314e+003	2.108624e-007	
1.385320e+003	2.119440e-007	
1.385326e+003	2.130258e-007	
1.385332e+003	2.141076e-007	
1.385338e+003	2.151893e-007	
1.385344e+003	2.162711e-007	
1.385350e+003	2.173529e-007	
1.385355e+003	2.184346e-007	
1.385361e+003	2.195164e-007	
1.385367e+003	2.205981e-007	
1.385373e+003	2.216799e-007	
1.385379e+003	2.227617e-007	
1.385385e+003	2.238433e-007	
1.385391e+003	2.249251e-007	
1.385396e+003	2.260069e-007	
1.385402e+003	2.275007e-007	
1.385408e+003	2.294135e-007	
1.385414e+003	2.313859e-007	
1.385420e+003	2.333583e-007	
1.385426e+003	2.353306e-007	
1.385432e+003	2.373030e-007	
1.385438e+003	2.392755e-007	
1.385443e+003	2.412479e-007	
1.385449e+003	2.432200e-007	
1.385455e+003	2.451925e-007	
1.385461e+003	2.471647e-007	
1.385467e+003	2.491373e-007	
1.385473e+003	2.511094e-007	
1.385479e+003	2.530822e-007	
1.385484e+003	2.550544e-007	
1.385490e+003	2.570271e-007	
1.385496e+003	2.589993e-007	
1.385502e+003	2.615128e-007	
1.385508e+003	2.646260e-007	
1.385514e+003	2.678595e-007	
1.385520e+003	2.710934e-007	
1.385525e+003	2.743269e-007	
1.385531e+003	2.775608e-007	
1.385537e+003	2.807943e-007	
1.385543e+003	2.840280e-007	
1.385549e+003	2.872617e-007	
1.385555e+003	2.904952e-007	
1.385561e+003	2.937289e-007	
1.385566e+003	2.969624e-007	
1.385572e+003	3.001962e-007	
1.385578e+003	3.034296e-007	
1.385584e+003	3.066635e-007	
1.385590e+003	3.098971e-007	
1.385596e+003	3.131308e-007	
1.385602e+003	3.170303e-007	
1.385607e+003	3.217408e-007	
1.385613e+003	3.266605e-007	
1.385619e+003	3.315798e-007	
1.385625e+003	3.364997e-007	
1.385631e+003	3.414194e-007	
1.385637e+003	3.463385e-007	
1.385643e+003	3.512583e-007	
1.385648e+003	3.561778e-007	
1.385654e+003	3.610974e-007	
1.385660e+003	3.660168e-007	
1.385666e+003	3.709365e-007	
1.385672e+003	3.758562e-007	
1.385678e+003	3.807755e-007	
1.385684e+003	3.856951e-007	
1.385689e+003	3.906149e-007	
1.385695e+003	3.955345e-007	
1.385701e+003	4.011754e-007	
1.385707e+003	4.078086e-007	
1.385713e+003	4.147430e-007	
1.385719e+003	4.216782e-007	
1.385725e+003	4.286129e-007	
1.385730e+003	4.355475e-007	
1.385736e+003	4.424823e-007	
1.385742e+003	4.494171e-007	
1.385748e+003	4.563519e-007	
1.385754e+003	4.632866e-007	
1.385760e+003	4.702212e-007	
1.385766e+003	4.771563e-007	
1.385771e+003	4.840908e-007	
1.385777e+003	4.910257e-007	
1.385783e+003	4.979607e-007	
1.385789e+003	5.048955e-007	
1.385795e+003	5.118300e-007	
1.385801e+003	5.194133e-007	
1.385807e+003	5.280174e-007	
1.385812e+003	5.370122e-007	
1.385818e+003	5.460073e-007	
1.385824e+003	5.550023e-007	
1.385830e+003	5.639970e-007	
1.385836e+003	5.729918e-007	
1.385842e+003	5.819866e-007	
1.385848e+003	5.909813e-007	
1.385854e+003	5.999762e-007	
1.385859e+003	6.089709e-007	
1.385865e+003	6.179656e-007	
1.385871e+003	6.269605e-007	
1.385877e+003	6.359553e-007	
1.385883e+003	6.449503e-007	
1.385889e+003	6.539452e-007	
1.385895e+003	6.629402e-007	
1.385900e+003	6.723772e-007	
1.385906e+003	6.825991e-007	
1.385912e+003	6.931648e-007	
1.385918e+003	7.037304e-007	
1.385924e+003	7.142958e-007	
1.385930e+003	7.248614e-007	
1.385936e+003	7.354267e-007	
1.385941e+003	7.459916e-007	
1.385947e+003	7.565571e-007	
1.385953e+003	7.671226e-007	
1.385959e+003	7.776877e-007	
1.385965e+003	7.882539e-007	
1.385971e+003	7.988193e-007	
1.385977e+003	8.093845e-007	
1.385982e+003	8.199508e-007	
1.385988e+003	8.305167e-007	
1.385994e+003	8.410828e-007	
1.386000e+003	8.517928e-007	
1.386006e+003	8.627921e-007	
1.386012e+003	8.739362e-007	
1.386018e+003	8.850801e-007	
1.386023e+003	8.962234e-007	
1.386029e+003	9.073673e-007	
1.386035e+003	9.185115e-007	
1.386041e+003	9.296547e-007	
1.386047e+003	9.407992e-007	
1.386053e+003	9.519432e-007	
1.386059e+003	9.630866e-007	
1.386064e+003	9.742306e-007	
1.386070e+003	9.853746e-007	
1.386076e+003	9.965183e-007	
1.386082e+003	1.007663e-006	
1.386088e+003	1.018807e-006	
1.386094e+003	1.029951e-006	
1.386100e+003	1.040968e-006	
1.386105e+003	1.051693e-006	
1.386111e+003	1.062254e-006	
1.386117e+003	1.072814e-006	
1.386123e+003	1.083374e-006	
1.386129e+003	1.093935e-006	
1.386135e+003	1.104495e-006	
1.386141e+003	1.115056e-006	
1.386146e+003	1.125617e-006	
1.386152e+003	1.136177e-006	
1.386158e+003	1.146737e-006	
1.386164e+003	1.157298e-006	
1.386170e+003	1.167858e-006	
1.386176e+003	1.178420e-006	
1.386182e+003	1.188981e-006	
1.386188e+003	1.199542e-006	
1.386193e+003	1.210103e-006	
1.386199e+003	1.220409e-006	
1.386205e+003	1.230048e-006	
1.386211e+003	1.239265e-006	
1.386217e+003	1.248481e-006	
1.386223e+003	1.257697e-006	
1.386229e+003	1.266913e-006	
1.386234e+003	1.276130e-006	
1.386240e+003	1.285346e-006	
1.386246e+003	1.294562e-006	
1.386252e+003	1.303779e-006	
1.386258e+003	1.312995e-006	
1.386264e+003	1.322210e-006	
1.386270e+003	1.331427e-006	
1.386275e+003	1.340643e-006	
1.386281e+003	1.349860e-006	
1.386287e+003	1.359077e-006	
1.386293e+003	1.368294e-006	
1.386299e+003	1.377325e-006	
1.386305e+003	1.385745e-006	
1.386311e+003	1.393721e-006	
1.386316e+003	1.401697e-006	
1.386322e+003	1.409672e-006	
1.386328e+003	1.417648e-006	
1.386334e+003	1.425623e-006	
1.386340e+003	1.433598e-006	
1.386346e+003	1.441573e-006	
1.386352e+003	1.449548e-006	
1.386357e+003	1.457523e-006	
1.386363e+003	1.465499e-006	
1.386369e+003	1.473475e-006	
1.386375e+003	1.481451e-006	
1.386381e+003	1.489426e-006	
1.386387e+003	1.497403e-006	
1.386393e+003	1.505379e-006	
1.386398e+003	1.513291e-006	
1.386404e+003	1.520955e-006	
1.386410e+003	1.528413e-006	
1.386416e+003	1.535873e-006	
1.386422e+003	1.543331e-006	
1.386428e+003	1.550790e-006	
1.386434e+003	1.558249e-006	
1.386439e+003	1.565708e-006	
1.386445e+003	1.573167e-006	
1.386451e+003	1.580627e-006	
1.386457e+003	1.588086e-006	
1.386463e+003	1.595544e-006	
1.386469e+003	1.603002e-006	
1.386475e+003	1.610462e-006	
1.386480e+003	1.617922e-006	
1.386486e+003	1.625382e-006	
1.386492e+003	1.632842e-006	
1.386498e+003	1.640305e-006	
1.386504e+003	1.647791e-006	
1.386510e+003	1.655298e-006	
1.386516e+003	1.662806e-006	
1.386521e+003	1.670313e-006	
1.386527e+003	1.677821e-006	
1.386533e+003	1.685328e-006	
1.386539e+003	1.692835e-006	
1.386545e+003	1.700342e-006	
1.386551e+003	1.707848e-006	
1.386557e+003	1.715355e-006	
1.386562e+003	1.722863e-006	
1.386568e+003	1.730370e-006	
1.386574e+003	1.737878e-006	
1.386580e+003	1.745385e-006	
1.386586e+003	1.752893e-006	
1.386592e+003	1.760399e-006	
1.386598e+003	1.767869e-006	
1.386604e+003	1.775085e-006	
1.386609e+003	1.782048e-006	
1.386615e+003	1.789010e-006	
1.386621e+003	1.795973e-006	
1.386627e+003	1.802935e-006	
1.386633e+003	1.809897e-006	
1.386639e+003	1.816859e-006	
1.386645e+003	1.823820e-006	
1.386650e+003	1.830783e-006	
1.386656e+003	1.837746e-006	
1.386662e+003	1.844709e-006	
1.386668e+003	1.851672e-006	
1.386674e+003	1.858634e-006	
1.386680e+003	1.865596e-006	
1.386686e+003	1.872557e-006	
1.386691e+003	1.879519e-006	
1.386697e+003	1.886365e-006	
1.386703e+003	1.892054e-006	
1.386709e+003	1.896448e-006	
1.386715e+003	1.900843e-006	
1.386721e+003	1.905238e-006	
1.386727e+003	1.909633e-006	
1.386732e+003	1.914027e-006	
1.386738e+003	1.918419e-006	
1.386744e+003	1.922814e-006	
1.386750e+003	1.927209e-006	
1.386756e+003	1.931605e-006	
1.386762e+003	1.936000e-006	
1.386768e+003	1.940394e-006	
1.386773e+003	1.944788e-006	
1.386779e+003	1.949183e-006	
1.386785e+003	1.953577e-006	
1.386791e+003	1.957970e-006	
1.386797e+003	1.962317e-006	
1.386803e+003	1.964384e-006	
1.386809e+003	1.963597e-006	
1.386814e+003	1.962810e-006	
1.386820e+003	1.962023e-006	
1.386826e+003	1.961235e-006	
1.386832e+003	1.960447e-006	
1.386838e+003	1.959659e-006	
1.386844e+003	1.958871e-006	
1.386850e+003	1.958084e-006	
1.386855e+003	1.957297e-006	
1.386861e+003	1.956510e-006	
1.386867e+003	1.955723e-006	
1.386873e+003	1.954935e-006	
1.386879e+003	1.954147e-006	
1.386885e+003	1.953360e-006	
1.386891e+003	1.952572e-006	
1.386896e+003	1.951783e-006	
1.386902e+003	1.948166e-006	
1.386908e+003	1.940530e-006	
1.386914e+003	1.932810e-006	
1.386920e+003	1.925090e-006	
1.386926e+003	1.917370e-006	
1.386932e+003	1.909650e-006	
1.386938e+003	1.901930e-006	
1.386943e+003	1.894210e-006	
1.386949e+003	1.886490e-006	
1.386955e+003	1.878770e-006	
1.386961e+003	1.871049e-006	
1.386967e+003	1.863327e-006	
1.386973e+003	1.855607e-006	
1.386979e+003	1.847887e-006	
1.386984e+003	1.840167e-006	
1.386990e+003	1.832446e-006	
1.386996e+003	1.824726e-006	
1.387002e+003	1.814479e-006	
1.387008e+003	1.800465e-006	
1.387014e+003	1.786130e-006	
1.387020e+003	1.771795e-006	
1.387025e+003	1.757459e-006	
1.387031e+003	1.743123e-006	
1.387037e+003	1.728787e-006	
1.387043e+003	1.714449e-006	
1.387049e+003	1.700114e-006	
1.387055e+003	1.685779e-006	
1.387061e+003	1.671444e-006	
1.387066e+003	1.657109e-006	
1.387072e+003	1.642774e-006	
1.387078e+003	1.628438e-006	
1.387084e+003	1.614102e-006	
1.387090e+003	1.599767e-006	
1.387096e+003	1.585431e-006	
1.387102e+003	1.569599e-006	
1.387107e+003	1.551418e-006	
1.387113e+003	1.532878e-006	
1.387119e+003	1.514339e-006	
1.387125e+003	1.495800e-006	
1.387131e+003	1.477258e-006	
1.387137e+003	1.458720e-006	
1.387143e+003	1.440181e-006	
1.387148e+003	1.421645e-006	
1.387154e+003	1.403106e-006	
1.387160e+003	1.384567e-006	
1.387166e+003	1.366028e-006	
1.387172e+003	1.347489e-006	
1.387178e+003	1.328950e-006	
1.387184e+003	1.310410e-006	
1.387189e+003	1.291870e-006	
1.387195e+003	1.273331e-006	
1.387201e+003	1.254540e-006	
1.387207e+003	1.235308e-006	
1.387213e+003	1.215989e-006	
1.387219e+003	1.196668e-006	
1.387225e+003	1.177349e-006	
1.387230e+003	1.158030e-006	
1.387236e+003	1.138710e-006	
1.387242e+003	1.119391e-006	
1.387248e+003	1.100072e-006	
1.387254e+003	1.080752e-006	
1.387260e+003	1.061433e-006	
1.387266e+003	1.042113e-006	
1.387271e+003	1.022793e-006	
1.387277e+003	1.003473e-006	
1.387283e+003	9.841514e-007	
1.387289e+003	9.648289e-007	
1.387295e+003	9.455078e-007	
1.387301e+003	9.268090e-007	
1.387307e+003	9.092908e-007	
1.387312e+003	8.921252e-007	
1.387318e+003	8.749595e-007	
1.387324e+003	8.577940e-007	
1.387330e+003	8.406282e-007	
1.387336e+003	8.234627e-007	
1.387342e+003	8.062969e-007	
1.387348e+003	7.891312e-007	
1.387354e+003	7.719657e-007	
1.387359e+003	7.547999e-007	
1.387365e+003	7.376342e-007	
1.387371e+003	7.204677e-007	
1.387377e+003	7.032999e-007	
1.387383e+003	6.861317e-007	
1.387389e+003	6.689637e-007	
1.387395e+003	6.517957e-007	
1.387400e+003	6.356175e-007	
1.387406e+003	6.215395e-007	
1.387412e+003	6.082113e-007	
1.387418e+003	5.948834e-007	
1.387424e+003	5.815554e-007	
1.387430e+003	5.682271e-007	
1.387436e+003	5.548987e-007	
1.387441e+003	5.415710e-007	
1.387447e+003	5.282431e-007	
1.387453e+003	5.149154e-007	
1.387459e+003	5.015875e-007	
1.387465e+003	4.882596e-007	
1.387471e+003	4.749310e-007	
1.387477e+003	4.616007e-007	
1.387482e+003	4.482699e-007	
1.387488e+003	4.349392e-007	
1.387494e+003	4.216084e-007	
1.387500e+003	4.092314e-007	
1.387506e+003	3.990163e-007	
1.387512e+003	3.897550e-007	
1.387518e+003	3.804936e-007	
1.387523e+003	3.712323e-007	
1.387529e+003	3.619707e-007	
1.387535e+003	3.527104e-007	
1.387541e+003	3.434492e-007	
1.387547e+003	3.341879e-007	
1.387553e+003	3.249267e-007	
1.387559e+003	3.156653e-007	
1.387564e+003	3.064040e-007	
1.387570e+003	2.971420e-007	
1.387576e+003	2.878787e-007	
1.387582e+003	2.786149e-007	
1.387588e+003	2.693511e-007	
1.387594e+003	2.600873e-007	
1.387600e+003	2.515375e-007	
1.387605e+003	2.447327e-007	
1.387611e+003	2.388535e-007	
1.387617e+003	2.329743e-007	
1.387623e+003	2.270950e-007	
1.387629e+003	2.212157e-007	
1.387635e+003	2.153365e-007	
1.387641e+003	2.094572e-007	
1.387646e+003	2.035779e-007	
1.387652e+003	1.976985e-007	
1.387658e+003	1.918192e-007	
1.387664e+003	1.859399e-007	
1.387670e+003	1.800606e-007	
1.387676e+003	1.741801e-007	
1.387682e+003	1.682991e-007	
1.387688e+003	1.624181e-007	
1.387693e+003	1.565372e-007	
1.387699e+003	1.510976e-007	
1.387705e+003	1.468690e-007	
1.387711e+003	1.433810e-007	
1.387717e+003	1.398930e-007	
1.387723e+003	1.364051e-007	
1.387729e+003	1.329172e-007	
1.387734e+003	1.294293e-007	
1.387740e+003	1.259414e-007	
1.387746e+003	1.224535e-007	
1.387752e+003	1.189656e-007	
1.387758e+003	1.154777e-007	
1.387764e+003	1.119898e-007	
1.387770e+003	1.085018e-007	
1.387775e+003	1.050135e-007	
1.387781e+003	1.015251e-007	
1.387787e+003	9.803673e-008	
1.387793e+003	9.454830e-008	
1.387799e+003	9.129098e-008	
1.387805e+003	8.875199e-008	
1.387811e+003	8.675508e-008	
1.387816e+003	8.475819e-008	
1.387822e+003	8.276131e-008	
1.387828e+003	8.076442e-008	
1.387834e+003	7.876753e-008	
1.387840e+003	7.677064e-008	
1.387846e+003	7.477374e-008	
1.387852e+003	7.277686e-008	
1.387857e+003	7.077997e-008	
1.387863e+003	6.878308e-008	
1.387869e+003	6.678632e-008	
1.387875e+003	6.478986e-008	
1.387881e+003	6.279361e-008	
1.387887e+003	6.079734e-008	
1.387893e+003	5.880110e-008	
1.387898e+003	5.691821e-008	
1.387904e+003	5.543509e-008	
1.387910e+003	5.429800e-008	
1.387916e+003	5.316095e-008	
1.387922e+003	5.202383e-008	
1.387928e+003	5.088683e-008	
1.387934e+003	4.974983e-008	
1.387939e+003	4.861284e-008	
1.387945e+003	4.747584e-008	
1.387951e+003	4.633883e-008	
1.387957e+003	4.520199e-008	
1.387963e+003	4.406493e-008	
1.387969e+003	4.292814e-008	
1.387975e+003	4.179206e-008	
1.387980e+003	4.065650e-008	
1.387986e+003	3.952093e-008	
1.387992e+003	3.838537e-008	
1.387998e+003	3.730203e-008	
1.388004e+003	3.642763e-008	
1.388010e+003	3.576212e-008	
1.388016e+003	3.509663e-008	
1.388021e+003	3.443112e-008	
1.388027e+003	3.376562e-008	
1.388033e+003	3.310011e-008	
1.388039e+003	3.243461e-008	
1.388045e+003	3.176911e-008	
1.388051e+003	3.110360e-008	
1.388057e+003	3.043809e-008	
1.388062e+003	2.977259e-008	
1.388068e+003	2.910729e-008	
1.388074e+003	2.844279e-008	
1.388080e+003	2.777899e-008	
1.388086e+003	2.711525e-008	
1.388092e+003	2.645151e-008	
1.388098e+003	2.581100e-008	
1.388104e+003	2.527949e-008	
1.388109e+003	2.487307e-008	
1.388115e+003	2.446666e-008	
1.388121e+003	2.406025e-008	
1.388127e+003	2.365382e-008	
1.388133e+003	2.324742e-008	
1.388139e+003	2.284099e-008	
1.388145e+003	2.243465e-008	
1.388150e+003	2.202823e-008	
1.388156e+003	2.162181e-008	
1.388162e+003	2.121539e-008	
1.388168e+003	2.080915e-008	
1.388174e+003	2.040361e-008	
1.388180e+003	1.999883e-008	
1.388186e+003	1.959404e-008	
1.388191e+003	1.918926e-008	
1.388197e+003	1.879479e-008	
1.388203e+003	1.845775e-008	
1.388209e+003	1.819708e-008	
1.388215e+003	1.793641e-008	
1.388221e+003	1.767575e-008	
1.388227e+003	1.741509e-008	
1.388232e+003	1.715443e-008	
1.388238e+003	1.689378e-008	
1.388244e+003	1.663313e-008	
1.388250e+003	1.637247e-008	
1.388256e+003	1.611182e-008	
1.388262e+003	1.585116e-008	
1.388268e+003	1.559061e-008	
1.388273e+003	1.533062e-008	
1.388279e+003	1.507129e-008	
1.388285e+003	1.481196e-008	
1.388291e+003	1.455262e-008	
1.388297e+003	1.429687e-008	
1.388303e+003	1.406997e-008	
1.388309e+003	1.388921e-008	
1.388314e+003	1.370845e-008	
1.388320e+003	1.352769e-008	
1.388326e+003	1.334693e-008	
1.388332e+003	1.316617e-008	
1.388338e+003	1.298541e-008	
1.388344e+003	1.280465e-008	
1.388350e+003	1.262389e-008	
1.388355e+003	1.244313e-008	
1.388361e+003	1.226237e-008	
1.388367e+003	1.208166e-008	
1.388373e+003	1.190133e-008	
1.388379e+003	1.172152e-008	
1.388385e+003	1.154171e-008	
1.388391e+003	1.136190e-008	
1.388396e+003	1.118359e-008	
1.388402e+003	1.102130e-008	
1.388408e+003	1.088944e-008	
1.388414e+003	1.075759e-008	
1.388420e+003	1.062574e-008	
1.388426e+003	1.049389e-008	
1.388432e+003	1.036204e-008	
1.388438e+003	1.023019e-008	
1.388443e+003	1.009833e-008	
1.388449e+003	9.966481e-009	
1.388455e+003	9.834629e-009	
1.388461e+003	9.702778e-009	
1.388467e+003	9.570956e-009	
1.388473e+003	9.439354e-009	
1.388479e+003	9.308117e-009	
1.388484e+003	9.176873e-009	
1.388490e+003	9.045641e-009	
1.388496e+003	8.914836e-009	
1.388502e+003	8.794950e-009	
1.388508e+003	8.699049e-009	
1.388514e+003	8.603148e-009	
1.388520e+003	8.507246e-009	
1.388525e+003	8.411340e-009	
1.388531e+003	8.315439e-009	
1.388537e+003	8.219534e-009	
1.388543e+003	8.123632e-009	
1.388549e+003	8.027729e-009	
1.388555e+003	7.931823e-009	
1.388561e+003	7.835919e-009	
1.388566e+003	7.740023e-009	
1.388572e+003	7.644251e-009	
1.388578e+003	7.548726e-009	
1.388584e+003	7.453202e-009	
1.388590e+003	7.357677e-009	
1.388596e+003	7.262154e-009	
1.388602e+003	7.173523e-009	
1.388607e+003	7.101773e-009	
1.388613e+003	7.030380e-009	
1.388619e+003	6.958986e-009	
1.388625e+003	6.887593e-009	
1.388631e+003	6.816200e-009	
1.388637e+003	6.744806e-009	
1.388643e+003	6.673411e-009	
1.388648e+003	6.602018e-009	
1.388654e+003	6.530624e-009	
1.388660e+003	6.459229e-009	
1.388666e+003	6.387834e-009	
1.388672e+003	6.316510e-009	
1.388678e+003	6.245338e-009	
1.388684e+003	6.174164e-009	
1.388689e+003	6.102993e-009	
1.388695e+003	6.031822e-009	
1.388701e+003	5.964404e-009	
1.388707e+003	5.907348e-009	
1.388713e+003	5.850961e-009	
1.388719e+003	5.794581e-009	
1.388725e+003	5.738196e-009	
1.388730e+003	5.681816e-009	
1.388736e+003	5.625434e-009	
1.388742e+003	5.569077e-009	
1.388748e+003	5.512694e-009	
1.388754e+003	5.456313e-009	
1.388760e+003	5.399930e-009	
1.388766e+003	5.343547e-009	
1.388771e+003	5.287201e-009	
1.388777e+003	5.230946e-009	
1.388783e+003	5.174692e-009	
1.388789e+003	5.118440e-009	
1.388795e+003	5.062187e-009	
1.388801e+003	5.010472e-009	
1.388807e+003	4.971753e-009	
1.388812e+003	4.935120e-009	
1.388818e+003	4.898486e-009	
1.388824e+003	4.861853e-009	
1.388830e+003	4.825217e-009	
1.388836e+003	4.788584e-009	
1.388842e+003	4.751953e-009	
1.388848e+003	4.715320e-009	
1.388854e+003	4.678687e-009	
1.388859e+003	4.642056e-009	
1.388865e+003	4.605422e-009	
1.388871e+003	4.568809e-009	
1.388877e+003	4.532249e-009	
1.388883e+003	4.495694e-009	
1.388889e+003	4.459138e-009	
1.388895e+003	4.422582e-009	
1.388900e+003	4.386629e-009	
1.388906e+003	4.352623e-009	
1.388912e+003	4.319033e-009	
1.388918e+003	4.285444e-009	
1.388924e+003	4.251854e-009	
1.388930e+003	4.218266e-009	
1.388936e+003	4.184678e-009	
1.388941e+003	4.151089e-009	
1.388947e+003	4.117502e-009	
1.388953e+003	4.083913e-009	
1.388959e+003	4.050325e-009	
1.388965e+003	4.016736e-009	
1.388971e+003	3.983158e-009	
1.388977e+003	3.949613e-009	
1.388982e+003	3.916071e-009	
1.388988e+003	3.882531e-009	
1.388994e+003	3.848989e-009	
1.389000e+003	3.815535e-009	
1.389006e+003	3.782375e-009	
1.389012e+003	3.749302e-009	
1.389018e+003	3.716228e-009	
1.389023e+003	3.683154e-009	
1.389029e+003	3.650080e-009	
1.389035e+003	3.617007e-009	
1.389041e+003	3.583933e-009	
1.389047e+003	3.550859e-009	
1.389053e+003	3.517787e-009	
1.389059e+003	3.484714e-009	
1.389064e+003	3.451641e-009	
1.389070e+003	3.418574e-009	
1.389076e+003	3.385524e-009	
1.389082e+003	3.352478e-009	
1.389088e+003	3.319431e-009	
1.389094e+003	3.286386e-009	
1.389100e+003	3.254070e-009	
1.389105e+003	3.224274e-009	
1.389111e+003	3.195470e-009	
1.389117e+003	3.166669e-009	
1.389123e+003	3.137866e-009	
1.389129e+003	3.109063e-009	
1.389135e+003	3.080261e-009	
1.389141e+003	3.051459e-009	
1.389146e+003	3.022656e-009	
1.389152e+003	2.993854e-009	
1.389158e+003	2.965051e-009	
1.389164e+003	2.936248e-009	
1.389170e+003	2.907449e-009	
1.389176e+003	2.878660e-009	
1.389182e+003	2.849876e-009	
1.389188e+003	2.821092e-009	
1.389193e+003	2.792311e-009	
1.389199e+003	2.765180e-009	
1.389205e+003	2.744520e-009	
1.389211e+003	2.726909e-009	
1.389217e+003	2.709300e-009	
1.389223e+003	2.691691e-009	
1.389229e+003	2.674082e-009	
1.389234e+003	2.656472e-009	
1.389240e+003	2.638863e-009	
1.389246e+003	2.621254e-009	
1.389252e+003	2.603645e-009	
1.389258e+003	2.586035e-009	
1.389264e+003	2.568425e-009	
1.389270e+003	2.550818e-009	
1.389275e+003	2.533218e-009	
1.389281e+003	2.515621e-009	
1.389287e+003	2.498023e-009	
1.389293e+003	2.480425e-009	
1.389299e+003	2.462996e-009	
1.389305e+003	2.446261e-009	
1.389311e+003	2.429965e-009	
1.389316e+003	2.413668e-009	
1.389322e+003	2.397372e-009	
1.389328e+003	2.381076e-009	
1.389334e+003	2.364780e-009	
1.389340e+003	2.348484e-009	
1.389346e+003	2.332188e-009	
1.389352e+003	2.315891e-009	
1.389357e+003	2.299595e-009	
1.389363e+003	2.283298e-009	
1.389369e+003	2.267004e-009	
1.389375e+003	2.250716e-009	
1.389381e+003	2.234432e-009	
1.389387e+003	2.218147e-009	
1.389393e+003	2.201862e-009	
1.389398e+003	2.185578e-009	
1.389404e+003	2.169300e-009	
1.389410e+003	2.153023e-009	
1.389416e+003	2.136748e-009	
1.389422e+003	2.120472e-009	
1.389428e+003	2.104196e-009	
1.389434e+003	2.087920e-009	
1.389439e+003	2.071644e-009	
1.389445e+003	2.055368e-009	
1.389451e+003	2.039092e-009	
1.389457e+003	2.022816e-009	
1.389463e+003	2.006541e-009	
1.389469e+003	1.990266e-009	
1.389475e+003	1.973994e-009	
1.389480e+003	1.957725e-009	
1.389486e+003	1.941456e-009	
1.389492e+003	1.925187e-009	
1.389498e+003	1.909265e-009	
1.389504e+003	1.895079e-009	
1.389510e+003	1.882455e-009	
1.389516e+003	1.869831e-009	
1.389521e+003	1.857207e-009	
1.389527e+003	1.844583e-009	
1.389533e+003	1.831958e-009	
1.389539e+003	1.819335e-009	
1.389545e+003	1.806711e-009	
1.389551e+003	1.794087e-009	
1.389557e+003	1.781463e-009	
1.389562e+003	1.768839e-009	
1.389568e+003	1.756216e-009	
1.389574e+003	1.743597e-009	
1.389580e+003	1.730981e-009	
1.389586e+003	1.718365e-009	
1.389592e+003	1.705750e-009	
1.389598e+003	1.693391e-009	
1.389604e+003	1.682403e-009	
1.389609e+003	1.672909e-009	
1.389615e+003	1.663414e-009	
1.389621e+003	1.653920e-009	
1.389627e+003	1.644425e-009	
1.389633e+003	1.634930e-009	
1.389639e+003	1.625435e-009	
1.389645e+003	1.615941e-009	
1.389650e+003	1.606447e-009	
1.389656e+003	1.596952e-009	
1.389662e+003	1.587457e-009	
1.389668e+003	1.577962e-009	
1.389674e+003	1.568469e-009	
1.389680e+003	1.558976e-009	
1.389686e+003	1.549483e-009	
1.389691e+003	1.539990e-009	
1.389697e+003	1.530530e-009	
1.389703e+003	1.521266e-009	
1.389709e+003	1.512257e-009	
1.389715e+003	1.503248e-009	
1.389721e+003	1.494238e-009	
1.389727e+003	1.485229e-009	
1.389732e+003	1.476219e-009	
1.389738e+003	1.467210e-009	
1.389744e+003	1.458201e-009	
1.389750e+003	1.449191e-009	
1.389756e+003	1.440182e-009	
1.389762e+003	1.431173e-009	
1.389768e+003	1.422163e-009	
1.389773e+003	1.413154e-009	
1.389779e+003	1.404146e-009	
1.389785e+003	1.395139e-009	
1.389791e+003	1.386131e-009	
1.389797e+003	1.377122e-009	
1.389803e+003	1.368107e-009	
1.389809e+003	1.359082e-009	
1.389814e+003	1.350057e-009	
1.389820e+003	1.341033e-009	
1.389826e+003	1.332008e-009	
1.389832e+003	1.322983e-009	
1.389838e+003	1.313959e-009	
1.389844e+003	1.304934e-009	
1.389850e+003	1.295909e-009	
1.389855e+003	1.286885e-009	
1.389861e+003	1.277860e-009	
1.389867e+003	1.268835e-009	
1.389873e+003	1.259811e-009	
1.389879e+003	1.250787e-009	
1.389885e+003	1.241762e-009	
1.389891e+003	1.232738e-009	
1.389896e+003	1.223815e-009	
1.389902e+003	1.215742e-009	
1.389908e+003	1.209378e-009	
1.389914e+003	1.203014e-009	
1.389920e+003	1.196650e-009	
1.389926e+003	1.190285e-009	
1.389932e+003	1.183921e-009	
1.389938e+003	1.177556e-009	
1.389943e+003	1.171192e-009	
1.389949e+003	1.164828e-009	
1.389955e+003	1.158464e-009	
1.389961e+003	1.152100e-009	
1.389967e+003	1.145735e-009	
1.389973e+003	1.139373e-009	
1.389979e+003	1.133012e-009	
1.389984e+003	1.126652e-009	
1.389990e+003	1.120291e-009	
1.389996e+003	1.113953e-009	
1.390002e+003	1.107837e-009	
1.390008e+003	1.102274e-009	
1.390014e+003	1.096713e-009	
1.390020e+003	1.091151e-009	
1.390025e+003	1.085589e-009	
1.390031e+003	1.080027e-009	
1.390037e+003	1.074465e-009	
1.390043e+003	1.068903e-009	
1.390049e+003	1.063341e-009	
1.390055e+003	1.057779e-009	
1.390061e+003	1.052217e-009	
1.390066e+003	1.046656e-009	
1.390072e+003	1.041095e-009	
1.390078e+003	1.035537e-009	
1.390084e+003	1.029979e-009	
1.390090e+003	1.024421e-009	
1.390096e+003	1.018865e-009	
1.390102e+003	1.013338e-009	
1.390107e+003	1.007901e-009	
1.390113e+003	1.002465e-009	
1.390119e+003	9.970291e-010	
1.390125e+003	9.915929e-010	
1.390131e+003	9.861565e-010	
1.390137e+003	9.807205e-010	
1.390143e+003	9.752844e-010	
1.390148e+003	9.698481e-010	
1.390154e+003	9.644118e-010	
1.390160e+003	9.589756e-010	
1.390166e+003	9.535395e-010	
1.390172e+003	9.481030e-010	
1.390178e+003	9.426664e-010	
1.390184e+003	9.372298e-010	
1.390189e+003	9.317932e-010	
1.390195e+003	9.263590e-010	
1.390201e+003	9.209735e-010	
1.390207e+003	9.157937e-010	
1.390213e+003	9.106139e-010	
1.390219e+003	9.054343e-010	
1.390225e+003	9.002548e-010	
1.390230e+003	8.950750e-010	
1.390236e+003	8.898953e-010	
1.390242e+003	8.847159e-010	
1.390248e+003	8.795362e-010	
1.390254e+003	8.743568e-010	
1.390260e+003	8.691770e-010	
1.390266e+003	8.639974e-010	
1.390271e+003	8.588176e-010	
1.390277e+003	8.536391e-010	
1.390283e+003	8.484600e-010	
1.390289e+003	8.432812e-010	
1.390295e+003	8.381021e-010	
1.390301e+003	8.331250e-010	
1.390307e+003	8.293343e-010	
1.390312e+003	8.255686e-010	
1.390318e+003	8.218027e-010	
1.390324e+003	8.180371e-010	
1.390330e+003	8.142710e-010	
1.390336e+003	8.105057e-010	
1.390342e+003	8.067398e-010	
1.390348e+003	8.029741e-010	
1.390354e+003	7.992085e-010	
1.390359e+003	7.954427e-010	
1.390365e+003	7.916773e-010	
1.390371e+003	7.879118e-010	
1.390377e+003	7.841472e-010	
1.390383e+003	7.803828e-010	
1.390389e+003	7.766184e-010	
1.390395e+003	7.728539e-010	
1.390400e+003	7.691221e-010	
1.390406e+003	7.656241e-010	
1.390412e+003	7.621410e-010	
1.390418e+003	7.586581e-010	
1.390424e+003	7.551754e-010	
1.390430e+003	7.516925e-010	
1.390436e+003	7.482095e-010	
1.390441e+003	7.447264e-010	
1.390447e+003	7.412435e-010	
1.390453e+003	7.377605e-010	
1.390459e+003	7.342778e-010	
1.390465e+003	7.307948e-010	
1.390471e+003	7.273121e-010	
1.390477e+003	7.238312e-010	
1.390482e+003	7.203503e-010	
1.390488e+003	7.168692e-010	
1.390494e+003	7.133880e-010	
1.390500e+003	7.099075e-010	
1.390506e+003	7.064302e-010	
1.390512e+003	7.029532e-010	
1.390518e+003	6.994764e-010	
1.390523e+003	6.960000e-010	
1.390529e+003	6.925231e-010	
1.390535e+003	6.890460e-010	
1.390541e+003	6.855690e-010	
1.390547e+003	6.820921e-010	
1.390553e+003	6.786151e-010	
1.390559e+003	6.751382e-010	
1.390564e+003	6.716615e-010	
1.390570e+003	6.681844e-010	
1.390576e+003	6.647074e-010	
1.390582e+003	6.612305e-010	
1.390588e+003	6.577536e-010	
1.390594e+003	6.542766e-010	
1.390600e+003	6.508419e-010	
1.390605e+003	6.477112e-010	
1.390611e+003	6.446488e-010	
1.390617e+003	6.415864e-010	
1.390623e+003	6.385238e-010	
1.390629e+003	6.354615e-010	
1.390635e+003	6.323989e-010	
1.390641e+003	6.293365e-010	
1.390646e+003	6.262739e-010	
1.390652e+003	6.232115e-010	
1.390658e+003	6.201492e-010	
1.390664e+003	6.170867e-010	
1.390670e+003	6.140243e-010	
1.390676e+003	6.109619e-010	
1.390682e+003	6.078993e-010	
1.390688e+003	6.048370e-010	
1.390693e+003	6.017743e-010	
1.390699e+003	5.987603e-010	
1.390705e+003	5.961755e-010	
1.390711e+003	5.937142e-010	
1.390717e+003	5.912530e-010	
1.390723e+003	5.887919e-010	
1.390729e+003	5.863306e-010	
1.390734e+003	5.838693e-010	
1.390740e+003	5.814082e-010	
1.390746e+003	5.789470e-010	
1.390752e+003	5.764858e-010	
1.390758e+003	5.740246e-010	
1.390764e+003	5.715633e-010	
1.390770e+003	5.691022e-010	
1.390775e+003	5.666420e-010	
1.390781e+003	5.641818e-010	
1.390787e+003	5.617217e-010	
1.390793e+003	5.592616e-010	
1.390799e+003	5.568104e-010	
1.390805e+003	5.544410e-010	
1.390811e+003	5.521071e-010	
1.390816e+003	5.497732e-010	
1.390822e+003	5.474390e-010	
1.390828e+003	5.451050e-010	
1.390834e+003	5.427709e-010	
1.390840e+003	5.404369e-010	
1.390846e+003	5.381030e-010	
1.390852e+003	5.357689e-010	
1.390857e+003	5.334350e-010	
1.390863e+003	5.311009e-010	
1.390869e+003	5.287669e-010	
1.390875e+003	5.264333e-010	
1.390881e+003	5.240996e-010	
1.390887e+003	5.217660e-010	
1.390893e+003	5.194323e-010	
1.390898e+003	5.170986e-010	
1.390904e+003	5.147650e-010	
1.390910e+003	5.124312e-010	
1.390916e+003	5.100975e-010	
1.390922e+003	5.077638e-010	
1.390928e+003	5.054302e-010	
1.390934e+003	5.030965e-010	
1.390939e+003	5.007627e-010	
1.390945e+003	4.984291e-010	
1.390951e+003	4.960954e-010	
1.390957e+003	4.937616e-010	
1.390963e+003	4.914278e-010	
1.390969e+003	4.890941e-010	
1.390975e+003	4.867605e-010	
1.390980e+003	4.844268e-010	
1.390986e+003	4.820931e-010	
1.390992e+003	4.797595e-010	
1.390998e+003	4.774464e-010	
1.391004e+003	4.753737e-010	
1.391010e+003	4.734622e-010	
1.391016e+003	4.715509e-010	
1.391021e+003	4.696394e-010	
1.391027e+003	4.677281e-010	
1.391033e+003	4.658166e-010	
1.391039e+003	4.639052e-010	
1.391045e+003	4.619936e-010	
1.391051e+003	4.600823e-010	
1.391057e+003	4.581709e-010	
1.391062e+003	4.562595e-010	
1.391068e+003	4.543481e-010	
1.391074e+003	4.524373e-010	
1.391080e+003	4.505267e-010	
1.391086e+003	4.486158e-010	
1.391092e+003	4.467051e-010	
1.391098e+003	4.448047e-010	
1.391104e+003	4.430257e-010	
1.391109e+003	4.413497e-010	
1.391115e+003	4.396736e-010	
1.391121e+003	4.379975e-010	
1.391127e+003	4.363215e-010	
1.391133e+003	4.346454e-010	
1.391139e+003	4.329694e-010	
1.391145e+003	4.312933e-010	
1.391150e+003	4.296172e-010	
1.391156e+003	4.279411e-010	
1.391162e+003	4.262650e-010	
1.391168e+003	4.245889e-010	
1.391174e+003	4.229125e-010	
1.391180e+003	4.212361e-010	
1.391186e+003	4.195596e-010	
1.391191e+003	4.178832e-010	
1.391197e+003	4.162081e-010	
1.391203e+003	4.145568e-010	
1.391209e+003	4.129292e-010	
1.391215e+003	4.113017e-010	
1.391221e+003	4.096741e-010	
1.391227e+003	4.080464e-010	
1.391232e+003	4.064189e-010	
1.391238e+003	4.047914e-010	
1.391244e+003	4.031638e-010	
1.391250e+003	4.015363e-010	
1.391256e+003	3.999087e-010	
1.391262e+003	3.982811e-010	
1.391268e+003	3.966536e-010	
1.391273e+003	3.950267e-010	
1.391279e+003	3.934002e-010	
1.391285e+003	3.917738e-010	
1.391291e+003	3.901474e-010	
1.391297e+003	3.885211e-010	
1.391303e+003	3.868972e-010	
1.391309e+003	3.852766e-010	
1.391314e+003	3.836561e-010	
1.391320e+003	3.820355e-010	
1.391326e+003	3.804149e-010	
1.391332e+003	3.787943e-010	
1.391338e+003	3.771737e-010	
1.391344e+003	3.755530e-010	
1.391350e+003	3.739325e-010	
1.391355e+003	3.723120e-010	
1.391361e+003	3.706914e-010	
1.391367e+003	3.690709e-010	
1.391373e+003	3.674499e-010	
1.391379e+003	3.658287e-010	
1.391385e+003	3.642074e-010	
1.391391e+003	3.625861e-010	
1.391396e+003	3.609703e-010	
1.391402e+003	3.594890e-010	
1.391408e+003	3.582352e-010	
1.391414e+003	3.569815e-010	
1.391420e+003	3.557276e-010	
1.391426e+003	3.544740e-010	
1.391432e+003	3.532201e-010	
1.391438e+003	3.519665e-010	
1.391443e+003	3.507128e-010	
1.391449e+003	3.494590e-010	
1.391455e+003	3.482053e-010	
1.391461e+003	3.469516e-010	
1.391467e+003	3.456979e-010	
1.391473e+003	3.444447e-010	
1.391479e+003	3.431921e-010	
1.391484e+003	3.419396e-010	
1.391490e+003	3.406871e-010	
1.391496e+003	3.394353e-010	
1.391502e+003	3.382054e-010	
1.391508e+003	3.370232e-010	
1.391514e+003	3.358410e-010	
1.391520e+003	3.346588e-010	
1.391525e+003	3.334767e-010	
1.391531e+003	3.322946e-010	
1.391537e+003	3.311124e-010	
1.391543e+003	3.299302e-010	
1.391549e+003	3.287481e-010	
1.391555e+003	3.275659e-010	
1.391561e+003	3.263838e-010	
1.391566e+003	3.252017e-010	
1.391572e+003	3.240193e-010	
1.391578e+003	3.228363e-010	
1.391584e+003	3.216535e-010	
1.391590e+003	3.204706e-010	
1.391596e+003	3.192879e-010	
1.391602e+003	3.181082e-010	
1.391607e+003	3.169370e-010	
1.391613e+003	3.157659e-010	
1.391619e+003	3.145948e-010	
1.391625e+003	3.134237e-010	
1.391631e+003	3.122526e-010	
1.391637e+003	3.110815e-010	
1.391643e+003	3.099104e-010	
1.391648e+003	3.087393e-010	
1.391654e+003	3.075682e-010	
1.391660e+003	3.063972e-010	
1.391666e+003	3.052261e-010	
1.391672e+003	3.040553e-010	
1.391678e+003	3.028849e-010	
1.391684e+003	3.017147e-010	
1.391689e+003	3.005444e-010	
1.391695e+003	2.993744e-010	
1.391701e+003	2.982203e-010	
1.391707e+003	2.971296e-010	
1.391713e+003	2.960388e-010	
1.391719e+003	2.949480e-010	
1.391725e+003	2.938573e-010	
1.391730e+003	2.927665e-010	
1.391736e+003	2.916758e-010	
1.391742e+003	2.905850e-010	
1.391748e+003	2.894943e-010	
1.391754e+003	2.884036e-010	
1.391760e+003	2.873128e-010	
1.391766e+003	2.862221e-010	
1.391771e+003	2.851312e-010	
1.391777e+003	2.840401e-010	
1.391783e+003	2.829491e-010	
1.391789e+003	2.818580e-010	
1.391795e+003	2.807673e-010	
1.391801e+003	2.796977e-010	
1.391807e+003	2.787812e-010	
1.391812e+003	2.778647e-010	
1.391818e+003	2.769483e-010	
1.391824e+003	2.760318e-010	
1.391830e+003	2.751153e-010	
1.391836e+003	2.741988e-010	
1.391842e+003	2.732824e-010	
1.391848e+003	2.723660e-010	
1.391854e+003	2.714495e-010	
1.391859e+003	2.705331e-010	
1.391865e+003	2.696167e-010	
1.391871e+003	2.687003e-010	
1.391877e+003	2.677847e-010	
1.391883e+003	2.668690e-010	
1.391889e+003	2.659534e-010	
1.391895e+003	2.650377e-010	
1.391900e+003	2.641255e-010	
1.391906e+003	2.632646e-010	
1.391912e+003	2.624036e-010	
1.391918e+003	2.615427e-010	
1.391924e+003	2.606818e-010	
1.391930e+003	2.598209e-010	
1.391936e+003	2.589600e-010	
1.391941e+003	2.580991e-010	
1.391947e+003	2.572382e-010	
1.391953e+003	2.563773e-010	
1.391959e+003	2.555165e-010	
1.391965e+003	2.546556e-010	
1.391971e+003	2.537947e-010	
1.391977e+003	2.529334e-010	
1.391982e+003	2.520722e-010	
1.391988e+003	2.512109e-010	
1.391994e+003	2.503497e-010	
