# format  : curve #1.x (tab) curve #1.y (tab) curve #2.x (tab) curve #2.y (tab) ...
# title   : Simulated Spectrum
# abscissa: Energy [eV]
# ordinate: Intensity [counts]
#==========================================================================================================
# Curve #1 (x,y): Config ##: 1
# Reference: W.S.M. Werner, W. Smekal and C. J. Powell, Simulation of Electron Spectra for Surface Analysis (SESSA V2.0) National Institute of Standards and Technology, Gaithersburg, MD (2010), 
# Reliability: 
# Remarks: 
#==========================================================================================================
1.380000e+003	9.901566e-009	
1.380006e+003	9.907954e-009	
1.380012e+003	9.914472e-009	
1.380018e+003	9.921085e-009	
1.380023e+003	9.927795e-009	
1.380029e+003	9.934610e-009	
1.380035e+003	9.941514e-009	
1.380041e+003	9.948552e-009	
1.380047e+003	9.955630e-009	
1.380053e+003	9.962798e-009	
1.380059e+003	9.970072e-009	
1.380064e+003	9.977411e-009	
1.380070e+003	9.984836e-009	
1.380076e+003	9.992351e-009	
1.380082e+003	9.999961e-009	
1.380088e+003	1.000762e-008	
1.380094e+003	1.001541e-008	
1.380100e+003	1.002325e-008	
1.380105e+003	1.003119e-008	
1.380111e+003	1.003918e-008	
1.380117e+003	1.004726e-008	
1.380123e+003	1.005542e-008	
1.380129e+003	1.006365e-008	
1.380135e+003	1.007194e-008	
1.380141e+003	1.008031e-008	
1.380146e+003	1.008875e-008	
1.380152e+003	1.009727e-008	
1.380158e+003	1.010586e-008	
1.380164e+003	1.011451e-008	
1.380170e+003	1.012324e-008	
1.380176e+003	1.013201e-008	
1.380182e+003	1.014084e-008	
1.380188e+003	1.014975e-008	
1.380193e+003	1.015873e-008	
1.380199e+003	1.016775e-008	
1.380205e+003	1.017733e-008	
1.380211e+003	1.018703e-008	
1.380217e+003	1.019678e-008	
1.380223e+003	1.020662e-008	
1.380229e+003	1.021650e-008	
1.380234e+003	1.022644e-008	
1.380240e+003	1.023644e-008	
1.380246e+003	1.024647e-008	
1.380252e+003	1.025660e-008	
1.380258e+003	1.026675e-008	
1.380264e+003	1.027698e-008	
1.380270e+003	1.028725e-008	
1.380275e+003	1.029756e-008	
1.380281e+003	1.030792e-008	
1.380287e+003	1.031835e-008	
1.380293e+003	1.032881e-008	
1.380299e+003	1.033933e-008	
1.380305e+003	1.035113e-008	
1.380311e+003	1.036329e-008	
1.380316e+003	1.037551e-008	
1.380322e+003	1.038775e-008	
1.380328e+003	1.040007e-008	
1.380334e+003	1.041242e-008	
1.380340e+003	1.042481e-008	
1.380346e+003	1.043727e-008	
1.380352e+003	1.044976e-008	
1.380357e+003	1.046229e-008	
1.380363e+003	1.047486e-008	
1.380369e+003	1.048747e-008	
1.380375e+003	1.050015e-008	
1.380381e+003	1.051287e-008	
1.380387e+003	1.052562e-008	
1.380393e+003	1.053839e-008	
1.380398e+003	1.055124e-008	
1.380404e+003	1.056497e-008	
1.380410e+003	1.057901e-008	
1.380416e+003	1.059310e-008	
1.380422e+003	1.060723e-008	
1.380428e+003	1.062142e-008	
1.380434e+003	1.063561e-008	
1.380439e+003	1.064988e-008	
1.380445e+003	1.066417e-008	
1.380451e+003	1.067850e-008	
1.380457e+003	1.069284e-008	
1.380463e+003	1.070724e-008	
1.380469e+003	1.072166e-008	
1.380475e+003	1.073612e-008	
1.380480e+003	1.075063e-008	
1.380486e+003	1.076515e-008	
1.380492e+003	1.077972e-008	
1.380498e+003	1.079431e-008	
1.380504e+003	1.080890e-008	
1.380510e+003	1.082352e-008	
1.380516e+003	1.083815e-008	
1.380521e+003	1.085283e-008	
1.380527e+003	1.086753e-008	
1.380533e+003	1.088227e-008	
1.380539e+003	1.089702e-008	
1.380545e+003	1.091182e-008	
1.380551e+003	1.092666e-008	
1.380557e+003	1.094150e-008	
1.380562e+003	1.095639e-008	
1.380568e+003	1.097132e-008	
1.380574e+003	1.098627e-008	
1.380580e+003	1.100124e-008	
1.380586e+003	1.101625e-008	
1.380592e+003	1.103127e-008	
1.380598e+003	1.104633e-008	
1.380604e+003	1.106224e-008	
1.380609e+003	1.107865e-008	
1.380615e+003	1.109512e-008	
1.380621e+003	1.111160e-008	
1.380627e+003	1.112811e-008	
1.380633e+003	1.114465e-008	
1.380639e+003	1.116123e-008	
1.380645e+003	1.117782e-008	
1.380650e+003	1.119443e-008	
1.380656e+003	1.121109e-008	
1.380662e+003	1.122777e-008	
1.380668e+003	1.124447e-008	
1.380674e+003	1.126121e-008	
1.380680e+003	1.127797e-008	
1.380686e+003	1.129475e-008	
1.380691e+003	1.131154e-008	
1.380697e+003	1.132839e-008	
1.380703e+003	1.134633e-008	
1.380709e+003	1.136510e-008	
1.380715e+003	1.138395e-008	
1.380721e+003	1.140280e-008	
1.380727e+003	1.142171e-008	
1.380732e+003	1.144060e-008	
1.380738e+003	1.145955e-008	
1.380744e+003	1.147853e-008	
1.380750e+003	1.149749e-008	
1.380756e+003	1.151651e-008	
1.380762e+003	1.153553e-008	
1.380768e+003	1.155460e-008	
1.380773e+003	1.157366e-008	
1.380779e+003	1.159276e-008	
1.380785e+003	1.161189e-008	
1.380791e+003	1.163102e-008	
1.380797e+003	1.165021e-008	
1.380803e+003	1.166977e-008	
1.380809e+003	1.168978e-008	
1.380814e+003	1.170983e-008	
1.380820e+003	1.172988e-008	
1.380826e+003	1.174996e-008	
1.380832e+003	1.177007e-008	
1.380838e+003	1.179020e-008	
1.380844e+003	1.181033e-008	
1.380850e+003	1.183050e-008	
1.380855e+003	1.185069e-008	
1.380861e+003	1.187087e-008	
1.380867e+003	1.189109e-008	
1.380873e+003	1.191136e-008	
1.380879e+003	1.193165e-008	
1.380885e+003	1.195191e-008	
1.380891e+003	1.197222e-008	
1.380896e+003	1.199255e-008	
1.380902e+003	1.201293e-008	
1.380908e+003	1.203338e-008	
1.380914e+003	1.205382e-008	
1.380920e+003	1.207430e-008	
1.380926e+003	1.209481e-008	
1.380932e+003	1.211534e-008	
1.380938e+003	1.213585e-008	
1.380943e+003	1.215641e-008	
1.380949e+003	1.217695e-008	
1.380955e+003	1.219758e-008	
1.380961e+003	1.221819e-008	
1.380967e+003	1.223882e-008	
1.380973e+003	1.225946e-008	
1.380979e+003	1.228014e-008	
1.380984e+003	1.230084e-008	
1.380990e+003	1.232152e-008	
1.380996e+003	1.234223e-008	
1.381002e+003	1.236401e-008	
1.381008e+003	1.238738e-008	
1.381014e+003	1.241084e-008	
1.381020e+003	1.243433e-008	
1.381025e+003	1.245790e-008	
1.381031e+003	1.248146e-008	
1.381037e+003	1.250499e-008	
1.381043e+003	1.252856e-008	
1.381049e+003	1.255217e-008	
1.381055e+003	1.257577e-008	
1.381061e+003	1.259940e-008	
1.381066e+003	1.262298e-008	
1.381072e+003	1.264666e-008	
1.381078e+003	1.267032e-008	
1.381084e+003	1.269402e-008	
1.381090e+003	1.271772e-008	
1.381096e+003	1.274143e-008	
1.381102e+003	1.276582e-008	
1.381107e+003	1.279157e-008	
1.381113e+003	1.281743e-008	
1.381119e+003	1.284332e-008	
1.381125e+003	1.286920e-008	
1.381131e+003	1.289514e-008	
1.381137e+003	1.292104e-008	
1.381143e+003	1.294699e-008	
1.381148e+003	1.297297e-008	
1.381154e+003	1.299896e-008	
1.381160e+003	1.302496e-008	
1.381166e+003	1.305098e-008	
1.381172e+003	1.307700e-008	
1.381178e+003	1.310310e-008	
1.381184e+003	1.312917e-008	
1.381189e+003	1.315529e-008	
1.381195e+003	1.318141e-008	
1.381201e+003	1.320774e-008	
1.381207e+003	1.323461e-008	
1.381213e+003	1.326152e-008	
1.381219e+003	1.328846e-008	
1.381225e+003	1.331540e-008	
1.381230e+003	1.334237e-008	
1.381236e+003	1.336936e-008	
1.381242e+003	1.339634e-008	
1.381248e+003	1.342338e-008	
1.381254e+003	1.345040e-008	
1.381260e+003	1.347745e-008	
1.381266e+003	1.350452e-008	
1.381271e+003	1.353162e-008	
1.381277e+003	1.355870e-008	
1.381283e+003	1.358581e-008	
1.381289e+003	1.361292e-008	
1.381295e+003	1.364006e-008	
1.381301e+003	1.366739e-008	
1.381307e+003	1.369533e-008	
1.381312e+003	1.372335e-008	
1.381318e+003	1.375138e-008	
1.381324e+003	1.377943e-008	
1.381330e+003	1.380750e-008	
1.381336e+003	1.383556e-008	
1.381342e+003	1.386365e-008	
1.381348e+003	1.389178e-008	
1.381354e+003	1.391991e-008	
1.381359e+003	1.394806e-008	
1.381365e+003	1.397621e-008	
1.381371e+003	1.400439e-008	
1.381377e+003	1.403257e-008	
1.381383e+003	1.406075e-008	
1.381389e+003	1.408898e-008	
1.381395e+003	1.411723e-008	
1.381400e+003	1.414599e-008	
1.381406e+003	1.417715e-008	
1.381412e+003	1.420862e-008	
1.381418e+003	1.424014e-008	
1.381424e+003	1.427165e-008	
1.381430e+003	1.430318e-008	
1.381436e+003	1.433473e-008	
1.381441e+003	1.436627e-008	
1.381447e+003	1.439784e-008	
1.381453e+003	1.442944e-008	
1.381459e+003	1.446104e-008	
1.381465e+003	1.449265e-008	
1.381471e+003	1.452428e-008	
1.381477e+003	1.455592e-008	
1.381482e+003	1.458756e-008	
1.381488e+003	1.461924e-008	
1.381494e+003	1.465091e-008	
1.381500e+003	1.468297e-008	
1.381506e+003	1.471760e-008	
1.381512e+003	1.475266e-008	
1.381518e+003	1.478770e-008	
1.381523e+003	1.482274e-008	
1.381529e+003	1.485783e-008	
1.381535e+003	1.489290e-008	
1.381541e+003	1.492798e-008	
1.381547e+003	1.496308e-008	
1.381553e+003	1.499822e-008	
1.381559e+003	1.503333e-008	
1.381564e+003	1.506848e-008	
1.381570e+003	1.510362e-008	
1.381576e+003	1.513880e-008	
1.381582e+003	1.517399e-008	
1.381588e+003	1.520919e-008	
1.381594e+003	1.524442e-008	
1.381600e+003	1.527964e-008	
1.381605e+003	1.531500e-008	
1.381611e+003	1.535038e-008	
1.381617e+003	1.538578e-008	
1.381623e+003	1.542120e-008	
1.381629e+003	1.545659e-008	
1.381635e+003	1.549200e-008	
1.381641e+003	1.552747e-008	
1.381646e+003	1.556294e-008	
1.381652e+003	1.559839e-008	
1.381658e+003	1.563386e-008	
1.381664e+003	1.566934e-008	
1.381670e+003	1.570484e-008	
1.381676e+003	1.574036e-008	
1.381682e+003	1.577591e-008	
1.381688e+003	1.581143e-008	
1.381693e+003	1.584699e-008	
1.381699e+003	1.588257e-008	
1.381705e+003	1.592022e-008	
1.381711e+003	1.595822e-008	
1.381717e+003	1.599622e-008	
1.381723e+003	1.603424e-008	
1.381729e+003	1.607227e-008	
1.381734e+003	1.611030e-008	
1.381740e+003	1.614838e-008	
1.381746e+003	1.618643e-008	
1.381752e+003	1.622450e-008	
1.381758e+003	1.626258e-008	
1.381764e+003	1.630068e-008	
1.381770e+003	1.633879e-008	
1.381775e+003	1.637691e-008	
1.381781e+003	1.641505e-008	
1.381787e+003	1.645321e-008	
1.381793e+003	1.649137e-008	
1.381799e+003	1.652955e-008	
1.381805e+003	1.657133e-008	
1.381811e+003	1.661398e-008	
1.381816e+003	1.665671e-008	
1.381822e+003	1.669940e-008	
1.381828e+003	1.674212e-008	
1.381834e+003	1.678484e-008	
1.381840e+003	1.682759e-008	
1.381846e+003	1.687033e-008	
1.381852e+003	1.691309e-008	
1.381857e+003	1.695584e-008	
1.381863e+003	1.699859e-008	
1.381869e+003	1.704138e-008	
1.381875e+003	1.708418e-008	
1.381881e+003	1.712697e-008	
1.381887e+003	1.716977e-008	
1.381893e+003	1.721260e-008	
1.381898e+003	1.725543e-008	
1.381904e+003	1.730044e-008	
1.381910e+003	1.734618e-008	
1.381916e+003	1.739192e-008	
1.381922e+003	1.743771e-008	
1.381928e+003	1.748353e-008	
1.381934e+003	1.752933e-008	
1.381939e+003	1.757513e-008	
1.381945e+003	1.762096e-008	
1.381951e+003	1.766677e-008	
1.381957e+003	1.771260e-008	
1.381963e+003	1.775847e-008	
1.381969e+003	1.780431e-008	
1.381975e+003	1.785016e-008	
1.381980e+003	1.789601e-008	
1.381986e+003	1.794190e-008	
1.381992e+003	1.798778e-008	
1.381998e+003	1.803367e-008	
1.382004e+003	1.807976e-008	
1.382010e+003	1.812595e-008	
1.382016e+003	1.817214e-008	
1.382021e+003	1.821832e-008	
1.382027e+003	1.826453e-008	
1.382033e+003	1.831074e-008	
1.382039e+003	1.835697e-008	
1.382045e+003	1.840320e-008	
1.382051e+003	1.844945e-008	
1.382057e+003	1.849571e-008	
1.382062e+003	1.854194e-008	
1.382068e+003	1.858822e-008	
1.382074e+003	1.863452e-008	
1.382080e+003	1.868082e-008	
1.382086e+003	1.872713e-008	
1.382092e+003	1.877346e-008	
1.382098e+003	1.881981e-008	
1.382104e+003	1.886937e-008	
1.382109e+003	1.892055e-008	
1.382115e+003	1.897194e-008	
1.382121e+003	1.902333e-008	
1.382127e+003	1.907473e-008	
1.382133e+003	1.912614e-008	
1.382139e+003	1.917757e-008	
1.382145e+003	1.922899e-008	
1.382150e+003	1.928042e-008	
1.382156e+003	1.933186e-008	
1.382162e+003	1.938331e-008	
1.382168e+003	1.943476e-008	
1.382174e+003	1.948624e-008	
1.382180e+003	1.953768e-008	
1.382186e+003	1.958918e-008	
1.382191e+003	1.964064e-008	
1.382197e+003	1.969213e-008	
1.382203e+003	1.974710e-008	
1.382209e+003	1.980417e-008	
1.382215e+003	1.986156e-008	
1.382221e+003	1.991895e-008	
1.382227e+003	1.997634e-008	
1.382232e+003	2.003376e-008	
1.382238e+003	2.009115e-008	
1.382244e+003	2.014859e-008	
1.382250e+003	2.020601e-008	
1.382256e+003	2.026344e-008	
1.382262e+003	2.032089e-008	
1.382268e+003	2.037833e-008	
1.382273e+003	2.043580e-008	
1.382279e+003	2.049328e-008	
1.382285e+003	2.055076e-008	
1.382291e+003	2.060827e-008	
1.382297e+003	2.066578e-008	
1.382303e+003	2.072432e-008	
1.382309e+003	2.078368e-008	
1.382314e+003	2.084315e-008	
1.382320e+003	2.090264e-008	
1.382326e+003	2.096213e-008	
1.382332e+003	2.102164e-008	
1.382338e+003	2.108116e-008	
1.382344e+003	2.114069e-008	
1.382350e+003	2.120020e-008	
1.382355e+003	2.125974e-008	
1.382361e+003	2.131927e-008	
1.382367e+003	2.137882e-008	
1.382373e+003	2.143838e-008	
1.382379e+003	2.149796e-008	
1.382385e+003	2.155752e-008	
1.382391e+003	2.161711e-008	
1.382396e+003	2.167669e-008	
1.382402e+003	2.173673e-008	
1.382408e+003	2.179717e-008	
1.382414e+003	2.185770e-008	
1.382420e+003	2.191825e-008	
1.382426e+003	2.197879e-008	
1.382432e+003	2.203936e-008	
1.382438e+003	2.209992e-008	
1.382443e+003	2.216051e-008	
1.382449e+003	2.222109e-008	
1.382455e+003	2.228169e-008	
1.382461e+003	2.234226e-008	
1.382467e+003	2.240287e-008	
1.382473e+003	2.246349e-008	
1.382479e+003	2.252410e-008	
1.382484e+003	2.258473e-008	
1.382490e+003	2.264535e-008	
1.382496e+003	2.270599e-008	
1.382502e+003	2.277008e-008	
1.382508e+003	2.283797e-008	
1.382514e+003	2.290652e-008	
1.382520e+003	2.297520e-008	
1.382525e+003	2.304388e-008	
1.382531e+003	2.311255e-008	
1.382537e+003	2.318125e-008	
1.382543e+003	2.324992e-008	
1.382549e+003	2.331862e-008	
1.382555e+003	2.338729e-008	
1.382561e+003	2.345601e-008	
1.382566e+003	2.352470e-008	
1.382572e+003	2.359338e-008	
1.382578e+003	2.366210e-008	
1.382584e+003	2.373084e-008	
1.382590e+003	2.379955e-008	
1.382596e+003	2.386826e-008	
1.382602e+003	2.394031e-008	
1.382607e+003	2.401674e-008	
1.382613e+003	2.409411e-008	
1.382619e+003	2.417150e-008	
1.382625e+003	2.424891e-008	
1.382631e+003	2.432630e-008	
1.382637e+003	2.440370e-008	
1.382643e+003	2.448112e-008	
1.382648e+003	2.455855e-008	
1.382654e+003	2.463594e-008	
1.382660e+003	2.471336e-008	
1.382666e+003	2.479078e-008	
1.382672e+003	2.486820e-008	
1.382678e+003	2.494564e-008	
1.382684e+003	2.502303e-008	
1.382689e+003	2.510046e-008	
1.382695e+003	2.517793e-008	
1.382701e+003	2.525536e-008	
1.382707e+003	2.533279e-008	
1.382713e+003	2.541025e-008	
1.382719e+003	2.548772e-008	
1.382725e+003	2.556521e-008	
1.382730e+003	2.564267e-008	
1.382736e+003	2.572016e-008	
1.382742e+003	2.579765e-008	
1.382748e+003	2.587514e-008	
1.382754e+003	2.595261e-008	
1.382760e+003	2.603010e-008	
1.382766e+003	2.610761e-008	
1.382771e+003	2.618510e-008	
1.382777e+003	2.626260e-008	
1.382783e+003	2.634011e-008	
1.382789e+003	2.641763e-008	
1.382795e+003	2.649515e-008	
1.382801e+003	2.657389e-008	
1.382807e+003	2.665526e-008	
1.382812e+003	2.673731e-008	
1.382818e+003	2.681939e-008	
1.382824e+003	2.690144e-008	
1.382830e+003	2.698351e-008	
1.382836e+003	2.706557e-008	
1.382842e+003	2.714765e-008	
1.382848e+003	2.722971e-008	
1.382854e+003	2.731178e-008	
1.382859e+003	2.739387e-008	
1.382865e+003	2.747596e-008	
1.382871e+003	2.755803e-008	
1.382877e+003	2.764012e-008	
1.382883e+003	2.772220e-008	
1.382889e+003	2.780428e-008	
1.382895e+003	2.788639e-008	
1.382900e+003	2.797113e-008	
1.382906e+003	2.806246e-008	
1.382912e+003	2.815572e-008	
1.382918e+003	2.824904e-008	
1.382924e+003	2.834229e-008	
1.382930e+003	2.843559e-008	
1.382936e+003	2.852888e-008	
1.382941e+003	2.862220e-008	
1.382947e+003	2.871547e-008	
1.382953e+003	2.880875e-008	
1.382959e+003	2.890205e-008	
1.382965e+003	2.899537e-008	
1.382971e+003	2.908859e-008	
1.382977e+003	2.918195e-008	
1.382982e+003	2.927530e-008	
1.382988e+003	2.936864e-008	
1.382994e+003	2.946197e-008	
1.383000e+003	2.955723e-008	
1.383006e+003	2.965916e-008	
1.383012e+003	2.976300e-008	
1.383018e+003	2.986681e-008	
1.383023e+003	2.997069e-008	
1.383029e+003	3.007452e-008	
1.383035e+003	3.017831e-008	
1.383041e+003	3.028223e-008	
1.383047e+003	3.038606e-008	
1.383053e+003	3.048995e-008	
1.383059e+003	3.059382e-008	
1.383064e+003	3.069769e-008	
1.383070e+003	3.080156e-008	
1.383076e+003	3.090542e-008	
1.383082e+003	3.100932e-008	
1.383088e+003	3.111318e-008	
1.383094e+003	3.121711e-008	
1.383100e+003	3.132099e-008	
1.383105e+003	3.142467e-008	
1.383111e+003	3.152831e-008	
1.383117e+003	3.163198e-008	
1.383123e+003	3.173558e-008	
1.383129e+003	3.183930e-008	
1.383135e+003	3.194296e-008	
1.383141e+003	3.204658e-008	
1.383146e+003	3.215030e-008	
1.383152e+003	3.225398e-008	
1.383158e+003	3.235760e-008	
1.383164e+003	3.246125e-008	
1.383170e+003	3.256496e-008	
1.383176e+003	3.266867e-008	
1.383182e+003	3.277231e-008	
1.383188e+003	3.287601e-008	
1.383193e+003	3.297977e-008	
1.383199e+003	3.308472e-008	
1.383205e+003	3.319732e-008	
1.383211e+003	3.331267e-008	
1.383217e+003	3.342803e-008	
1.383223e+003	3.354331e-008	
1.383229e+003	3.365862e-008	
1.383234e+003	3.377396e-008	
1.383240e+003	3.388931e-008	
1.383246e+003	3.400466e-008	
1.383252e+003	3.411998e-008	
1.383258e+003	3.423540e-008	
1.383264e+003	3.435071e-008	
1.383270e+003	3.446602e-008	
1.383275e+003	3.458139e-008	
1.383281e+003	3.469678e-008	
1.383287e+003	3.481211e-008	
1.383293e+003	3.492751e-008	
1.383299e+003	3.504381e-008	
1.383305e+003	3.517343e-008	
1.383311e+003	3.530792e-008	
1.383316e+003	3.544245e-008	
1.383322e+003	3.557695e-008	
1.383328e+003	3.571150e-008	
1.383334e+003	3.584598e-008	
1.383340e+003	3.598050e-008	
1.383346e+003	3.611515e-008	
1.383352e+003	3.624963e-008	
1.383357e+003	3.638416e-008	
1.383363e+003	3.651866e-008	
1.383369e+003	3.665317e-008	
1.383375e+003	3.678774e-008	
1.383381e+003	3.692227e-008	
1.383387e+003	3.705691e-008	
1.383393e+003	3.719148e-008	
1.383398e+003	3.732615e-008	
1.383404e+003	3.746847e-008	
1.383410e+003	3.761389e-008	
1.383416e+003	3.775928e-008	
1.383422e+003	3.790471e-008	
1.383428e+003	3.805017e-008	
1.383434e+003	3.819560e-008	
1.383439e+003	3.834103e-008	
1.383445e+003	3.848646e-008	
1.383451e+003	3.863186e-008	
1.383457e+003	3.877728e-008	
1.383463e+003	3.892269e-008	
1.383469e+003	3.906818e-008	
1.383475e+003	3.921363e-008	
1.383480e+003	3.935910e-008	
1.383486e+003	3.950452e-008	
1.383492e+003	3.964999e-008	
1.383498e+003	3.979546e-008	
1.383504e+003	3.994093e-008	
1.383510e+003	4.008643e-008	
1.383516e+003	4.023192e-008	
1.383521e+003	4.037742e-008	
1.383527e+003	4.052287e-008	
1.383533e+003	4.066834e-008	
1.383539e+003	4.081381e-008	
1.383545e+003	4.095931e-008	
1.383551e+003	4.110487e-008	
1.383557e+003	4.125033e-008	
1.383562e+003	4.139577e-008	
1.383568e+003	4.154122e-008	
1.383574e+003	4.168674e-008	
1.383580e+003	4.183232e-008	
1.383586e+003	4.197786e-008	
1.383592e+003	4.212335e-008	
1.383598e+003	4.226887e-008	
1.383604e+003	4.243169e-008	
1.383609e+003	4.260363e-008	
1.383615e+003	4.277648e-008	
1.383621e+003	4.294932e-008	
1.383627e+003	4.312211e-008	
1.383633e+003	4.329486e-008	
1.383639e+003	4.346768e-008	
1.383645e+003	4.364053e-008	
1.383650e+003	4.381339e-008	
1.383656e+003	4.398619e-008	
1.383662e+003	4.415895e-008	
1.383668e+003	4.433172e-008	
1.383674e+003	4.450464e-008	
1.383680e+003	4.467751e-008	
1.383686e+003	4.485032e-008	
1.383691e+003	4.502311e-008	
1.383697e+003	4.519605e-008	
1.383703e+003	4.538999e-008	
1.383709e+003	4.559684e-008	
1.383715e+003	4.580559e-008	
1.383721e+003	4.601435e-008	
1.383727e+003	4.622322e-008	
1.383732e+003	4.643201e-008	
1.383738e+003	4.664086e-008	
1.383744e+003	4.684968e-008	
1.383750e+003	4.705845e-008	
1.383756e+003	4.726722e-008	
1.383762e+003	4.747602e-008	
1.383768e+003	4.768487e-008	
1.383773e+003	4.789371e-008	
1.383779e+003	4.810255e-008	
1.383785e+003	4.831132e-008	
1.383791e+003	4.852009e-008	
1.383797e+003	4.872895e-008	
1.383803e+003	4.894201e-008	
1.383809e+003	4.915811e-008	
1.383814e+003	4.937471e-008	
1.383820e+003	4.959130e-008	
1.383826e+003	4.980787e-008	
1.383832e+003	5.002446e-008	
1.383838e+003	5.024120e-008	
1.383844e+003	5.045783e-008	
1.383850e+003	5.067443e-008	
1.383855e+003	5.089099e-008	
1.383861e+003	5.110769e-008	
1.383867e+003	5.132432e-008	
1.383873e+003	5.154097e-008	
1.383879e+003	5.175758e-008	
1.383885e+003	5.197418e-008	
1.383891e+003	5.219088e-008	
1.383896e+003	5.240756e-008	
1.383902e+003	5.262963e-008	
1.383908e+003	5.285650e-008	
1.383914e+003	5.308426e-008	
1.383920e+003	5.331202e-008	
1.383926e+003	5.353982e-008	
1.383932e+003	5.376764e-008	
1.383938e+003	5.399538e-008	
1.383943e+003	5.422324e-008	
1.383949e+003	5.445103e-008	
1.383955e+003	5.467884e-008	
1.383961e+003	5.490661e-008	
1.383967e+003	5.513438e-008	
1.383973e+003	5.536226e-008	
1.383979e+003	5.559009e-008	
1.383984e+003	5.581795e-008	
1.383990e+003	5.604588e-008	
1.383996e+003	5.627377e-008	
1.384002e+003	5.652200e-008	
1.384008e+003	5.679071e-008	
1.384014e+003	5.706454e-008	
1.384020e+003	5.733839e-008	
1.384025e+003	5.761216e-008	
1.384031e+003	5.788597e-008	
1.384037e+003	5.815974e-008	
1.384043e+003	5.843357e-008	
1.384049e+003	5.870737e-008	
1.384055e+003	5.898117e-008	
1.384061e+003	5.925496e-008	
1.384066e+003	5.952885e-008	
1.384072e+003	5.980259e-008	
1.384078e+003	6.007638e-008	
1.384084e+003	6.035018e-008	
1.384090e+003	6.062406e-008	
1.384096e+003	6.089792e-008	
1.384102e+003	6.120118e-008	
1.384107e+003	6.153868e-008	
1.384113e+003	6.188571e-008	
1.384119e+003	6.223282e-008	
1.384125e+003	6.257995e-008	
1.384131e+003	6.292704e-008	
1.384137e+003	6.327416e-008	
1.384143e+003	6.362127e-008	
1.384148e+003	6.396841e-008	
1.384154e+003	6.431549e-008	
1.384160e+003	6.466257e-008	
1.384166e+003	6.500969e-008	
1.384172e+003	6.535683e-008	
1.384178e+003	6.570404e-008	
1.384184e+003	6.605129e-008	
1.384189e+003	6.639856e-008	
1.384195e+003	6.674574e-008	
1.384201e+003	6.709286e-008	
1.384207e+003	6.743952e-008	
1.384213e+003	6.778617e-008	
1.384219e+003	6.813283e-008	
1.384225e+003	6.847952e-008	
1.384230e+003	6.882619e-008	
1.384236e+003	6.917288e-008	
1.384242e+003	6.951959e-008	
1.384248e+003	6.986626e-008	
1.384254e+003	7.021296e-008	
1.384260e+003	7.055958e-008	
1.384266e+003	7.090627e-008	
1.384271e+003	7.125297e-008	
1.384277e+003	7.159962e-008	
1.384283e+003	7.194625e-008	
1.384289e+003	7.229297e-008	
1.384295e+003	7.263970e-008	
1.384301e+003	7.300019e-008	
1.384307e+003	7.338340e-008	
1.384312e+003	7.377487e-008	
1.384318e+003	7.416629e-008	
1.384324e+003	7.455782e-008	
1.384330e+003	7.494928e-008	
1.384336e+003	7.534079e-008	
1.384342e+003	7.573225e-008	
1.384348e+003	7.612379e-008	
1.384354e+003	7.651521e-008	
1.384359e+003	7.690672e-008	
1.384365e+003	7.729822e-008	
1.384371e+003	7.768979e-008	
1.384377e+003	7.808145e-008	
1.384383e+003	7.847317e-008	
1.384389e+003	7.886489e-008	
1.384395e+003	7.925658e-008	
1.384400e+003	7.966759e-008	
1.384406e+003	8.011488e-008	
1.384412e+003	8.057706e-008	
1.384418e+003	8.103926e-008	
1.384424e+003	8.150143e-008	
1.384430e+003	8.196361e-008	
1.384436e+003	8.242579e-008	
1.384441e+003	8.288796e-008	
1.384447e+003	8.335017e-008	
1.384453e+003	8.381230e-008	
1.384459e+003	8.427454e-008	
1.384465e+003	8.473671e-008	
1.384471e+003	8.519899e-008	
1.384477e+003	8.566116e-008	
1.384482e+003	8.612337e-008	
1.384488e+003	8.658557e-008	
1.384494e+003	8.704774e-008	
1.384500e+003	8.752960e-008	
1.384506e+003	8.805588e-008	
1.384512e+003	8.860176e-008	
1.384518e+003	8.914772e-008	
1.384523e+003	8.969361e-008	
1.384529e+003	9.023947e-008	
1.384535e+003	9.078531e-008	
1.384541e+003	9.133127e-008	
1.384547e+003	9.187720e-008	
1.384553e+003	9.242313e-008	
1.384559e+003	9.296915e-008	
1.384564e+003	9.351506e-008	
1.384570e+003	9.406117e-008	
1.384576e+003	9.460725e-008	
1.384582e+003	9.515327e-008	
1.384588e+003	9.569949e-008	
1.384594e+003	9.624560e-008	
1.384600e+003	9.680483e-008	
1.384605e+003	9.740087e-008	
1.384611e+003	9.801425e-008	
1.384617e+003	9.862745e-008	
1.384623e+003	9.924075e-008	
1.384629e+003	9.985400e-008	
1.384635e+003	1.004672e-007	
1.384641e+003	1.010807e-007	
1.384646e+003	1.016939e-007	
1.384652e+003	1.023073e-007	
1.384658e+003	1.029206e-007	
1.384664e+003	1.035340e-007	
1.384670e+003	1.041473e-007	
1.384676e+003	1.047608e-007	
1.384682e+003	1.053740e-007	
1.384688e+003	1.059874e-007	
1.384693e+003	1.066008e-007	
1.384699e+003	1.072504e-007	
1.384705e+003	1.080211e-007	
1.384711e+003	1.088558e-007	
1.384717e+003	1.096906e-007	
1.384723e+003	1.105253e-007	
1.384729e+003	1.113600e-007	
1.384734e+003	1.121948e-007	
1.384740e+003	1.130295e-007	
1.384746e+003	1.138644e-007	
1.384752e+003	1.146990e-007	
1.384758e+003	1.155337e-007	
1.384764e+003	1.163685e-007	
1.384770e+003	1.172033e-007	
1.384775e+003	1.180381e-007	
1.384781e+003	1.188731e-007	
1.384787e+003	1.197081e-007	
1.384793e+003	1.205430e-007	
1.384799e+003	1.213953e-007	
1.384805e+003	1.223337e-007	
1.384811e+003	1.233213e-007	
1.384816e+003	1.243088e-007	
1.384822e+003	1.252963e-007	
1.384828e+003	1.262839e-007	
1.384834e+003	1.272713e-007	
1.384840e+003	1.282588e-007	
1.384846e+003	1.292465e-007	
1.384852e+003	1.302339e-007	
1.384857e+003	1.312213e-007	
1.384863e+003	1.322090e-007	
1.384869e+003	1.331965e-007	
1.384875e+003	1.341844e-007	
1.384881e+003	1.351720e-007	
1.384887e+003	1.361598e-007	
1.384893e+003	1.371475e-007	
1.384898e+003	1.381495e-007	
1.384904e+003	1.392455e-007	
1.384910e+003	1.404011e-007	
1.384916e+003	1.415568e-007	
1.384922e+003	1.427124e-007	
1.384928e+003	1.438680e-007	
1.384934e+003	1.450237e-007	
1.384939e+003	1.461794e-007	
1.384945e+003	1.473350e-007	
1.384951e+003	1.484907e-007	
1.384957e+003	1.496463e-007	
1.384963e+003	1.508020e-007	
1.384969e+003	1.519577e-007	
1.384975e+003	1.531138e-007	
1.384980e+003	1.542699e-007	
1.384986e+003	1.554262e-007	
1.384992e+003	1.565822e-007	
1.384998e+003	1.577510e-007	
1.385004e+003	1.590667e-007	
1.385010e+003	1.604808e-007	
1.385016e+003	1.618951e-007	
1.385021e+003	1.633092e-007	
1.385027e+003	1.647234e-007	
1.385033e+003	1.661376e-007	
1.385039e+003	1.675518e-007	
1.385045e+003	1.689659e-007	
1.385051e+003	1.703801e-007	
1.385057e+003	1.717943e-007	
1.385062e+003	1.732084e-007	
1.385068e+003	1.746228e-007	
1.385074e+003	1.760373e-007	
1.385080e+003	1.774517e-007	
1.385086e+003	1.788663e-007	
1.385092e+003	1.802807e-007	
1.385098e+003	1.817016e-007	
1.385104e+003	1.834414e-007	
1.385109e+003	1.854056e-007	
1.385115e+003	1.873697e-007	
1.385121e+003	1.893335e-007	
1.385127e+003	1.912975e-007	
1.385133e+003	1.932614e-007	
1.385139e+003	1.952254e-007	
1.385145e+003	1.971897e-007	
1.385150e+003	1.991537e-007	
1.385156e+003	2.011177e-007	
1.385162e+003	2.030813e-007	
1.385168e+003	2.050456e-007	
1.385174e+003	2.070098e-007	
1.385180e+003	2.089739e-007	
1.385186e+003	2.109384e-007	
1.385191e+003	2.129026e-007	
1.385197e+003	2.148668e-007	
1.385203e+003	2.172126e-007	
1.385209e+003	2.198628e-007	
1.385215e+003	2.225194e-007	
1.385221e+003	2.251758e-007	
1.385227e+003	2.278322e-007	
1.385232e+003	2.304890e-007	
1.385238e+003	2.331455e-007	
1.385244e+003	2.358020e-007	
1.385250e+003	2.384587e-007	
1.385256e+003	2.411152e-007	
1.385262e+003	2.437717e-007	
1.385268e+003	2.464281e-007	
1.385273e+003	2.490851e-007	
1.385279e+003	2.517420e-007	
1.385285e+003	2.543990e-007	
1.385291e+003	2.570558e-007	
1.385297e+003	2.597126e-007	
1.385303e+003	2.629074e-007	
1.385309e+003	2.665827e-007	
1.385314e+003	2.703069e-007	
1.385320e+003	2.740309e-007	
1.385326e+003	2.777550e-007	
1.385332e+003	2.814791e-007	
1.385338e+003	2.852032e-007	
1.385344e+003	2.889273e-007	
1.385350e+003	2.926514e-007	
1.385355e+003	2.963752e-007	
1.385361e+003	3.000992e-007	
1.385367e+003	3.038234e-007	
1.385373e+003	3.075478e-007	
1.385379e+003	3.112726e-007	
1.385385e+003	3.149971e-007	
1.385391e+003	3.187217e-007	
1.385396e+003	3.224463e-007	
1.385402e+003	3.269227e-007	
1.385408e+003	3.321634e-007	
1.385414e+003	3.375125e-007	
1.385420e+003	3.428617e-007	
1.385426e+003	3.482110e-007	
1.385432e+003	3.535600e-007	
1.385438e+003	3.589087e-007	
1.385443e+003	3.642577e-007	
1.385449e+003	3.696071e-007	
1.385455e+003	3.749557e-007	
1.385461e+003	3.803052e-007	
1.385467e+003	3.856539e-007	
1.385473e+003	3.910039e-007	
1.385479e+003	3.963540e-007	
1.385484e+003	4.017039e-007	
1.385490e+003	4.070544e-007	
1.385496e+003	4.124039e-007	
1.385502e+003	4.187814e-007	
1.385508e+003	4.262975e-007	
1.385514e+003	4.340426e-007	
1.385520e+003	4.417883e-007	
1.385525e+003	4.495335e-007	
1.385531e+003	4.572782e-007	
1.385537e+003	4.650235e-007	
1.385543e+003	4.727680e-007	
1.385549e+003	4.805135e-007	
1.385555e+003	4.882583e-007	
1.385561e+003	4.960037e-007	
1.385566e+003	5.037487e-007	
1.385572e+003	5.114944e-007	
1.385578e+003	5.192405e-007	
1.385584e+003	5.269866e-007	
1.385590e+003	5.347329e-007	
1.385596e+003	5.424794e-007	
1.385602e+003	5.515190e-007	
1.385607e+003	5.621357e-007	
1.385613e+003	5.731574e-007	
1.385619e+003	5.841800e-007	
1.385625e+003	5.952019e-007	
1.385631e+003	6.062243e-007	
1.385637e+003	6.172467e-007	
1.385643e+003	6.282685e-007	
1.385648e+003	6.392909e-007	
1.385654e+003	6.503128e-007	
1.385660e+003	6.613351e-007	
1.385666e+003	6.723571e-007	
1.385672e+003	6.833799e-007	
1.385678e+003	6.944037e-007	
1.385684e+003	7.054278e-007	
1.385689e+003	7.164512e-007	
1.385695e+003	7.274750e-007	
1.385701e+003	7.399175e-007	
1.385707e+003	7.543097e-007	
1.385713e+003	7.692946e-007	
1.385719e+003	7.842798e-007	
1.385725e+003	7.992658e-007	
1.385730e+003	8.142508e-007	
1.385736e+003	8.292361e-007	
1.385742e+003	8.442205e-007	
1.385748e+003	8.592061e-007	
1.385754e+003	8.741920e-007	
1.385760e+003	8.891766e-007	
1.385766e+003	9.041622e-007	
1.385771e+003	9.191476e-007	
1.385777e+003	9.341356e-007	
1.385783e+003	9.491234e-007	
1.385789e+003	9.641109e-007	
1.385795e+003	9.790986e-007	
1.385801e+003	9.953684e-007	
1.385807e+003	1.013658e-006	
1.385812e+003	1.032721e-006	
1.385818e+003	1.051784e-006	
1.385824e+003	1.070846e-006	
1.385830e+003	1.089908e-006	
1.385836e+003	1.108971e-006	
1.385842e+003	1.128033e-006	
1.385848e+003	1.147096e-006	
1.385854e+003	1.166158e-006	
1.385859e+003	1.185220e-006	
1.385865e+003	1.204283e-006	
1.385871e+003	1.223346e-006	
1.385877e+003	1.242411e-006	
1.385883e+003	1.261478e-006	
1.385889e+003	1.280544e-006	
1.385895e+003	1.299611e-006	
1.385900e+003	1.319546e-006	
1.385906e+003	1.341027e-006	
1.385912e+003	1.363183e-006	
1.385918e+003	1.385340e-006	
1.385924e+003	1.407496e-006	
1.385930e+003	1.429652e-006	
1.385936e+003	1.451808e-006	
1.385941e+003	1.473965e-006	
1.385947e+003	1.496121e-006	
1.385953e+003	1.518277e-006	
1.385959e+003	1.540434e-006	
1.385965e+003	1.562590e-006	
1.385971e+003	1.584747e-006	
1.385977e+003	1.606907e-006	
1.385982e+003	1.629070e-006	
1.385988e+003	1.651232e-006	
1.385994e+003	1.673394e-006	
1.386000e+003	1.695826e-006	
1.386006e+003	1.718798e-006	
1.386012e+003	1.742041e-006	
1.386018e+003	1.765283e-006	
1.386023e+003	1.788525e-006	
1.386029e+003	1.811767e-006	
1.386035e+003	1.835009e-006	
1.386041e+003	1.858251e-006	
1.386047e+003	1.881493e-006	
1.386053e+003	1.904735e-006	
1.386059e+003	1.927977e-006	
1.386064e+003	1.951219e-006	
1.386070e+003	1.974463e-006	
1.386076e+003	1.997711e-006	
1.386082e+003	2.020960e-006	
1.386088e+003	2.044210e-006	
1.386094e+003	2.067459e-006	
1.386100e+003	2.090430e-006	
1.386105e+003	2.112763e-006	
1.386111e+003	2.134736e-006	
1.386117e+003	2.156710e-006	
1.386123e+003	2.178683e-006	
1.386129e+003	2.200656e-006	
1.386135e+003	2.222630e-006	
1.386141e+003	2.244604e-006	
1.386146e+003	2.266578e-006	
1.386152e+003	2.288550e-006	
1.386158e+003	2.310524e-006	
1.386164e+003	2.332498e-006	
1.386170e+003	2.354473e-006	
1.386176e+003	2.376453e-006	
1.386182e+003	2.398436e-006	
1.386188e+003	2.420419e-006	
1.386193e+003	2.442401e-006	
1.386199e+003	2.463850e-006	
1.386205e+003	2.483901e-006	
1.386211e+003	2.503066e-006	
1.386217e+003	2.522232e-006	
1.386223e+003	2.541398e-006	
1.386229e+003	2.560563e-006	
1.386234e+003	2.579729e-006	
1.386240e+003	2.598894e-006	
1.386246e+003	2.618059e-006	
1.386252e+003	2.637224e-006	
1.386258e+003	2.656390e-006	
1.386264e+003	2.675555e-006	
1.386270e+003	2.694722e-006	
1.386275e+003	2.713894e-006	
1.386281e+003	2.733070e-006	
1.386287e+003	2.752244e-006	
1.386293e+003	2.771420e-006	
1.386299e+003	2.790206e-006	
1.386305e+003	2.807717e-006	
1.386311e+003	2.824300e-006	
1.386316e+003	2.840880e-006	
1.386322e+003	2.857463e-006	
1.386328e+003	2.874042e-006	
1.386334e+003	2.890625e-006	
1.386340e+003	2.907206e-006	
1.386346e+003	2.923788e-006	
1.386352e+003	2.940369e-006	
1.386357e+003	2.956950e-006	
1.386363e+003	2.973532e-006	
1.386369e+003	2.990115e-006	
1.386375e+003	3.006704e-006	
1.386381e+003	3.023295e-006	
1.386387e+003	3.039887e-006	
1.386393e+003	3.056477e-006	
1.386398e+003	3.072930e-006	
1.386404e+003	3.088853e-006	
1.386410e+003	3.104336e-006	
1.386416e+003	3.119819e-006	
1.386422e+003	3.135305e-006	
1.386428e+003	3.150792e-006	
1.386434e+003	3.166279e-006	
1.386439e+003	3.181764e-006	
1.386445e+003	3.197250e-006	
1.386451e+003	3.212736e-006	
1.386457e+003	3.228221e-006	
1.386463e+003	3.243705e-006	
1.386469e+003	3.259189e-006	
1.386475e+003	3.274678e-006	
1.386480e+003	3.290171e-006	
1.386486e+003	3.305662e-006	
1.386492e+003	3.321155e-006	
1.386498e+003	3.336653e-006	
1.386504e+003	3.352176e-006	
1.386510e+003	3.367723e-006	
1.386516e+003	3.383270e-006	
1.386521e+003	3.398815e-006	
1.386527e+003	3.414361e-006	
1.386533e+003	3.429908e-006	
1.386539e+003	3.445456e-006	
1.386545e+003	3.461005e-006	
1.386551e+003	3.476553e-006	
1.386557e+003	3.492099e-006	
1.386562e+003	3.507648e-006	
1.386568e+003	3.523195e-006	
1.386574e+003	3.538744e-006	
1.386580e+003	3.554292e-006	
1.386586e+003	3.569839e-006	
1.386592e+003	3.585386e-006	
1.386598e+003	3.600860e-006	
1.386604e+003	3.615795e-006	
1.386609e+003	3.630198e-006	
1.386615e+003	3.644601e-006	
1.386621e+003	3.659004e-006	
1.386627e+003	3.673407e-006	
1.386633e+003	3.687810e-006	
1.386639e+003	3.702213e-006	
1.386645e+003	3.716614e-006	
1.386650e+003	3.731015e-006	
1.386656e+003	3.745417e-006	
1.386662e+003	3.759821e-006	
1.386668e+003	3.774225e-006	
1.386674e+003	3.788629e-006	
1.386680e+003	3.803030e-006	
1.386686e+003	3.817431e-006	
1.386691e+003	3.831833e-006	
1.386697e+003	3.845994e-006	
1.386703e+003	3.857782e-006	
1.386709e+003	3.866915e-006	
1.386715e+003	3.876045e-006	
1.386721e+003	3.885178e-006	
1.386727e+003	3.894312e-006	
1.386732e+003	3.903444e-006	
1.386738e+003	3.912580e-006	
1.386744e+003	3.921714e-006	
1.386750e+003	3.930849e-006	
1.386756e+003	3.939981e-006	
1.386762e+003	3.949116e-006	
1.386768e+003	3.958248e-006	
1.386773e+003	3.967379e-006	
1.386779e+003	3.976508e-006	
1.386785e+003	3.985634e-006	
1.386791e+003	3.994762e-006	
1.386797e+003	4.003796e-006	
1.386803e+003	4.008165e-006	
1.386809e+003	4.006696e-006	
1.386814e+003	4.005229e-006	
1.386820e+003	4.003762e-006	
1.386826e+003	4.002293e-006	
1.386832e+003	4.000824e-006	
1.386838e+003	3.999357e-006	
1.386844e+003	3.997889e-006	
1.386850e+003	3.996420e-006	
1.386855e+003	3.994950e-006	
1.386861e+003	3.993480e-006	
1.386867e+003	3.992010e-006	
1.386873e+003	3.990541e-006	
1.386879e+003	3.989067e-006	
1.386885e+003	3.987595e-006	
1.386891e+003	3.986122e-006	
1.386896e+003	3.984649e-006	
1.386902e+003	3.977396e-006	
1.386908e+003	3.961929e-006	
1.386914e+003	3.946290e-006	
1.386920e+003	3.930650e-006	
1.386926e+003	3.915011e-006	
1.386932e+003	3.899370e-006	
1.386938e+003	3.883730e-006	
1.386943e+003	3.868089e-006	
1.386949e+003	3.852445e-006	
1.386955e+003	3.836808e-006	
1.386961e+003	3.821170e-006	
1.386967e+003	3.805530e-006	
1.386973e+003	3.789889e-006	
1.386979e+003	3.774245e-006	
1.386984e+003	3.758601e-006	
1.386990e+003	3.742956e-006	
1.386996e+003	3.727312e-006	
1.387002e+003	3.706505e-006	
1.387008e+003	3.678003e-006	
1.387014e+003	3.648843e-006	
1.387020e+003	3.619684e-006	
1.387025e+003	3.590523e-006	
1.387031e+003	3.561363e-006	
1.387037e+003	3.532204e-006	
1.387043e+003	3.503042e-006	
1.387049e+003	3.473879e-006	
1.387055e+003	3.444722e-006	
1.387061e+003	3.415563e-006	
1.387066e+003	3.386404e-006	
1.387072e+003	3.357243e-006	
1.387078e+003	3.328078e-006	
1.387084e+003	3.298913e-006	
1.387090e+003	3.269749e-006	
1.387096e+003	3.240583e-006	
1.387102e+003	3.208361e-006	
1.387107e+003	3.171336e-006	
1.387113e+003	3.133581e-006	
1.387119e+003	3.095825e-006	
1.387125e+003	3.058070e-006	
1.387131e+003	3.020315e-006	
1.387137e+003	2.982560e-006	
1.387143e+003	2.944804e-006	
1.387148e+003	2.907048e-006	
1.387154e+003	2.869292e-006	
1.387160e+003	2.831537e-006	
1.387166e+003	2.793782e-006	
1.387172e+003	2.756023e-006	
1.387178e+003	2.718257e-006	
1.387184e+003	2.680491e-006	
1.387189e+003	2.642725e-006	
1.387195e+003	2.604958e-006	
1.387201e+003	2.566676e-006	
1.387207e+003	2.527490e-006	
1.387213e+003	2.488122e-006	
1.387219e+003	2.448754e-006	
1.387225e+003	2.409385e-006	
1.387230e+003	2.370018e-006	
1.387236e+003	2.330651e-006	
1.387242e+003	2.291284e-006	
1.387248e+003	2.251918e-006	
1.387254e+003	2.212550e-006	
1.387260e+003	2.173184e-006	
1.387266e+003	2.133817e-006	
1.387271e+003	2.094443e-006	
1.387277e+003	2.055058e-006	
1.387283e+003	2.015672e-006	
1.387289e+003	1.976286e-006	
1.387295e+003	1.936899e-006	
1.387301e+003	1.898780e-006	
1.387307e+003	1.863066e-006	
1.387312e+003	1.828071e-006	
1.387318e+003	1.793075e-006	
1.387324e+003	1.758079e-006	
1.387330e+003	1.723083e-006	
1.387336e+003	1.688086e-006	
1.387342e+003	1.653091e-006	
1.387348e+003	1.618096e-006	
1.387354e+003	1.583101e-006	
1.387359e+003	1.548106e-006	
1.387365e+003	1.513111e-006	
1.387371e+003	1.478107e-006	
1.387377e+003	1.443089e-006	
1.387383e+003	1.408067e-006	
1.387389e+003	1.373044e-006	
1.387395e+003	1.338022e-006	
1.387400e+003	1.305018e-006	
1.387406e+003	1.276297e-006	
1.387412e+003	1.249106e-006	
1.387418e+003	1.221914e-006	
1.387424e+003	1.194722e-006	
1.387430e+003	1.167531e-006	
1.387436e+003	1.140339e-006	
1.387441e+003	1.113148e-006	
1.387447e+003	1.085956e-006	
1.387453e+003	1.058764e-006	
1.387459e+003	1.031572e-006	
1.387465e+003	1.004380e-006	
1.387471e+003	9.771793e-007	
1.387477e+003	9.499614e-007	
1.387482e+003	9.227386e-007	
1.387488e+003	8.955161e-007	
1.387494e+003	8.682934e-007	
1.387500e+003	8.430161e-007	
1.387506e+003	8.221483e-007	
1.387512e+003	8.032259e-007	
1.387518e+003	7.843036e-007	
1.387523e+003	7.653812e-007	
1.387529e+003	7.464588e-007	
1.387535e+003	7.275365e-007	
1.387541e+003	7.086137e-007	
1.387547e+003	6.896912e-007	
1.387553e+003	6.707687e-007	
1.387559e+003	6.518463e-007	
1.387564e+003	6.329237e-007	
1.387570e+003	6.139938e-007	
1.387576e+003	5.950484e-007	
1.387582e+003	5.760974e-007	
1.387588e+003	5.571464e-007	
1.387594e+003	5.381954e-007	
1.387600e+003	5.207006e-007	
1.387605e+003	5.067646e-007	
1.387611e+003	4.947171e-007	
1.387617e+003	4.826697e-007	
1.387623e+003	4.706222e-007	
1.387629e+003	4.585748e-007	
1.387635e+003	4.465273e-007	
1.387641e+003	4.344799e-007	
1.387646e+003	4.224324e-007	
1.387652e+003	4.103849e-007	
1.387658e+003	3.983374e-007	
1.387664e+003	3.862900e-007	
1.387670e+003	3.742384e-007	
1.387676e+003	3.621768e-007	
1.387682e+003	3.501105e-007	
1.387688e+003	3.380441e-007	
1.387693e+003	3.259777e-007	
1.387699e+003	3.148117e-007	
1.387705e+003	3.061156e-007	
1.387711e+003	2.989298e-007	
1.387717e+003	2.917440e-007	
1.387723e+003	2.845583e-007	
1.387729e+003	2.773725e-007	
1.387734e+003	2.701868e-007	
1.387740e+003	2.630010e-007	
1.387746e+003	2.558152e-007	
1.387752e+003	2.486293e-007	
1.387758e+003	2.414434e-007	
1.387764e+003	2.342574e-007	
1.387770e+003	2.270707e-007	
1.387775e+003	2.198811e-007	
1.387781e+003	2.126900e-007	
1.387787e+003	2.054989e-007	
1.387793e+003	1.983077e-007	
1.387799e+003	1.915879e-007	
1.387805e+003	1.863334e-007	
1.387811e+003	1.821840e-007	
1.387816e+003	1.780344e-007	
1.387822e+003	1.738848e-007	
1.387828e+003	1.697352e-007	
1.387834e+003	1.655856e-007	
1.387840e+003	1.614360e-007	
1.387846e+003	1.572864e-007	
1.387852e+003	1.531369e-007	
1.387857e+003	1.489873e-007	
1.387863e+003	1.448377e-007	
1.387869e+003	1.406894e-007	
1.387875e+003	1.365446e-007	
1.387881e+003	1.324022e-007	
1.387887e+003	1.282598e-007	
1.387893e+003	1.241175e-007	
1.387898e+003	1.202062e-007	
1.387904e+003	1.171099e-007	
1.387910e+003	1.147191e-007	
1.387916e+003	1.123282e-007	
1.387922e+003	1.099374e-007	
1.387928e+003	1.075466e-007	
1.387934e+003	1.051558e-007	
1.387939e+003	1.027650e-007	
1.387945e+003	1.003741e-007	
1.387951e+003	9.798328e-008	
1.387957e+003	9.559245e-008	
1.387963e+003	9.320146e-008	
1.387969e+003	9.081303e-008	
1.387975e+003	8.843224e-008	
1.387980e+003	8.605708e-008	
1.387986e+003	8.368192e-008	
1.387992e+003	8.130675e-008	
1.387998e+003	7.903801e-008	
1.388004e+003	7.719501e-008	
1.388010e+003	7.577772e-008	
1.388016e+003	7.436043e-008	
1.388021e+003	7.294314e-008	
1.388027e+003	7.152585e-008	
1.388033e+003	7.010855e-008	
1.388039e+003	6.869125e-008	
1.388045e+003	6.727395e-008	
1.388051e+003	6.585665e-008	
1.388057e+003	6.443936e-008	
1.388062e+003	6.302205e-008	
1.388068e+003	6.160726e-008	
1.388074e+003	6.020135e-008	
1.388080e+003	5.880302e-008	
1.388086e+003	5.740471e-008	
1.388092e+003	5.600644e-008	
1.388098e+003	5.465553e-008	
1.388104e+003	5.352659e-008	
1.388109e+003	5.265236e-008	
1.388115e+003	5.177814e-008	
1.388121e+003	5.090391e-008	
1.388127e+003	5.002969e-008	
1.388133e+003	4.915547e-008	
1.388139e+003	4.828123e-008	
1.388145e+003	4.740701e-008	
1.388150e+003	4.653288e-008	
1.388156e+003	4.565866e-008	
1.388162e+003	4.478443e-008	
1.388168e+003	4.391206e-008	
1.388174e+003	4.304745e-008	
1.388180e+003	4.219099e-008	
1.388186e+003	4.133453e-008	
1.388191e+003	4.047807e-008	
1.388197e+003	3.964260e-008	
1.388203e+003	3.892397e-008	
1.388209e+003	3.836075e-008	
1.388215e+003	3.779754e-008	
1.388221e+003	3.723432e-008	
1.388227e+003	3.667110e-008	
1.388232e+003	3.610788e-008	
1.388238e+003	3.554466e-008	
1.388244e+003	3.498143e-008	
1.388250e+003	3.441822e-008	
1.388256e+003	3.385500e-008	
1.388262e+003	3.329177e-008	
1.388268e+003	3.272976e-008	
1.388273e+003	3.217372e-008	
1.388279e+003	3.162488e-008	
1.388285e+003	3.107604e-008	
1.388291e+003	3.052721e-008	
1.388297e+003	2.998566e-008	
1.388303e+003	2.950274e-008	
1.388309e+003	2.911358e-008	
1.388314e+003	2.872443e-008	
1.388320e+003	2.833528e-008	
1.388326e+003	2.794612e-008	
1.388332e+003	2.755698e-008	
1.388338e+003	2.716784e-008	
1.388344e+003	2.677870e-008	
1.388350e+003	2.638956e-008	
1.388355e+003	2.600041e-008	
1.388361e+003	2.561127e-008	
1.388367e+003	2.522280e-008	
1.388373e+003	2.483834e-008	
1.388379e+003	2.445948e-008	
1.388385e+003	2.408061e-008	
1.388391e+003	2.370175e-008	
1.388396e+003	2.332584e-008	
1.388402e+003	2.298262e-008	
1.388408e+003	2.270111e-008	
1.388414e+003	2.241960e-008	
1.388420e+003	2.213809e-008	
1.388426e+003	2.185657e-008	
1.388432e+003	2.157505e-008	
1.388438e+003	2.129354e-008	
1.388443e+003	2.101203e-008	
1.388449e+003	2.073051e-008	
1.388455e+003	2.044900e-008	
1.388461e+003	2.016748e-008	
1.388467e+003	1.988629e-008	
1.388473e+003	1.960752e-008	
1.388479e+003	1.933269e-008	
1.388484e+003	1.905788e-008	
1.388490e+003	1.878308e-008	
1.388496e+003	1.850914e-008	
1.388502e+003	1.825737e-008	
1.388508e+003	1.805429e-008	
1.388514e+003	1.785120e-008	
1.388520e+003	1.764811e-008	
1.388525e+003	1.744502e-008	
1.388531e+003	1.724194e-008	
1.388537e+003	1.703885e-008	
1.388543e+003	1.683576e-008	
1.388549e+003	1.663267e-008	
1.388555e+003	1.642958e-008	
1.388561e+003	1.622649e-008	
1.388566e+003	1.602353e-008	
1.388572e+003	1.582194e-008	
1.388578e+003	1.562297e-008	
1.388584e+003	1.542399e-008	
1.388590e+003	1.522501e-008	
1.388596e+003	1.502602e-008	
1.388602e+003	1.484102e-008	
1.388607e+003	1.469027e-008	
1.388613e+003	1.454025e-008	
1.388619e+003	1.439023e-008	
1.388625e+003	1.424021e-008	
1.388631e+003	1.409019e-008	
1.388637e+003	1.394018e-008	
1.388643e+003	1.379016e-008	
1.388648e+003	1.364015e-008	
1.388654e+003	1.349013e-008	
1.388660e+003	1.334011e-008	
1.388666e+003	1.319012e-008	
1.388672e+003	1.304083e-008	
1.388678e+003	1.289323e-008	
1.388684e+003	1.274562e-008	
1.388689e+003	1.259801e-008	
1.388695e+003	1.245040e-008	
1.388701e+003	1.231040e-008	
1.388707e+003	1.219139e-008	
1.388713e+003	1.207374e-008	
1.388719e+003	1.195609e-008	
1.388725e+003	1.183844e-008	
1.388730e+003	1.172079e-008	
1.388736e+003	1.160315e-008	
1.388742e+003	1.148550e-008	
1.388748e+003	1.136785e-008	
1.388754e+003	1.125024e-008	
1.388760e+003	1.113259e-008	
1.388766e+003	1.101494e-008	
1.388771e+003	1.089766e-008	
1.388777e+003	1.078138e-008	
1.388783e+003	1.066513e-008	
1.388789e+003	1.054888e-008	
1.388795e+003	1.043262e-008	
1.388801e+003	1.032560e-008	
1.388807e+003	1.024498e-008	
1.388812e+003	1.016861e-008	
1.388818e+003	1.009224e-008	
1.388824e+003	1.001587e-008	
1.388830e+003	9.939502e-009	
1.388836e+003	9.863131e-009	
1.388842e+003	9.786760e-009	
1.388848e+003	9.710387e-009	
1.388854e+003	9.634017e-009	
1.388859e+003	9.557646e-009	
1.388865e+003	9.481274e-009	
1.388871e+003	9.405109e-009	
1.388877e+003	9.329520e-009	
1.388883e+003	9.253986e-009	
1.388889e+003	9.178454e-009	
1.388895e+003	9.102922e-009	
1.388900e+003	9.028597e-009	
1.388906e+003	8.958173e-009	
1.388912e+003	8.888585e-009	
1.388918e+003	8.818995e-009	
1.388924e+003	8.749407e-009	
1.388930e+003	8.679817e-009	
1.388936e+003	8.610226e-009	
1.388941e+003	8.540638e-009	
1.388947e+003	8.471047e-009	
1.388953e+003	8.401456e-009	
1.388959e+003	8.331869e-009	
1.388965e+003	8.262278e-009	
1.388971e+003	8.192799e-009	
1.388977e+003	8.123679e-009	
1.388982e+003	8.054600e-009	
1.388988e+003	7.985527e-009	
1.388994e+003	7.916450e-009	
1.389000e+003	7.847539e-009	
1.389006e+003	7.779167e-009	
1.389012e+003	7.710958e-009	
1.389018e+003	7.642749e-009	
1.389023e+003	7.574539e-009	
1.389029e+003	7.506331e-009	
1.389035e+003	7.438120e-009	
1.389041e+003	7.369912e-009	
1.389047e+003	7.301706e-009	
1.389053e+003	7.233497e-009	
1.389059e+003	7.165291e-009	
1.389064e+003	7.097082e-009	
1.389070e+003	7.028936e-009	
1.389076e+003	6.960981e-009	
1.389082e+003	6.893069e-009	
1.389088e+003	6.825155e-009	
1.389094e+003	6.757244e-009	
1.389100e+003	6.690812e-009	
1.389105e+003	6.629485e-009	
1.389111e+003	6.570179e-009	
1.389117e+003	6.510871e-009	
1.389123e+003	6.451562e-009	
1.389129e+003	6.392254e-009	
1.389135e+003	6.332947e-009	
1.389141e+003	6.273638e-009	
1.389146e+003	6.214331e-009	
1.389152e+003	6.155022e-009	
1.389158e+003	6.095714e-009	
1.389164e+003	6.036406e-009	
1.389170e+003	5.977131e-009	
1.389176e+003	5.917981e-009	
1.389182e+003	5.858866e-009	
1.389188e+003	5.799755e-009	
1.389193e+003	5.740640e-009	
1.389199e+003	5.684897e-009	
1.389205e+003	5.642352e-009	
1.389211e+003	5.606002e-009	
1.389217e+003	5.569650e-009	
1.389223e+003	5.533300e-009	
1.389229e+003	5.496949e-009	
1.389234e+003	5.460598e-009	
1.389240e+003	5.424246e-009	
1.389246e+003	5.387895e-009	
1.389252e+003	5.351544e-009	
1.389258e+003	5.315192e-009	
1.389264e+003	5.278841e-009	
1.389270e+003	5.242512e-009	
1.389275e+003	5.206259e-009	
1.389281e+003	5.170040e-009	
1.389287e+003	5.133820e-009	
1.389293e+003	5.097600e-009	
1.389299e+003	5.061719e-009	
1.389305e+003	5.027237e-009	
1.389311e+003	4.993641e-009	
1.389316e+003	4.960044e-009	
1.389322e+003	4.926447e-009	
1.389328e+003	4.892850e-009	
1.389334e+003	4.859253e-009	
1.389340e+003	4.825657e-009	
1.389346e+003	4.792060e-009	
1.389352e+003	4.758463e-009	
1.389357e+003	4.724867e-009	
1.389363e+003	4.691270e-009	
1.389369e+003	4.657691e-009	
1.389375e+003	4.624185e-009	
1.389381e+003	4.590714e-009	
1.389387e+003	4.557243e-009	
1.389393e+003	4.523773e-009	
1.389398e+003	4.490304e-009	
1.389404e+003	4.456834e-009	
1.389410e+003	4.423364e-009	
1.389416e+003	4.389896e-009	
1.389422e+003	4.356426e-009	
1.389428e+003	4.322959e-009	
1.389434e+003	4.289491e-009	
1.389439e+003	4.256021e-009	
1.389445e+003	4.222553e-009	
1.389451e+003	4.189085e-009	
1.389457e+003	4.155617e-009	
1.389463e+003	4.122148e-009	
1.389469e+003	4.088689e-009	
1.389475e+003	4.055269e-009	
1.389480e+003	4.021874e-009	
1.389486e+003	3.988479e-009	
1.389492e+003	3.955084e-009	
1.389498e+003	3.922398e-009	
1.389504e+003	3.893242e-009	
1.389510e+003	3.867268e-009	
1.389516e+003	3.841294e-009	
1.389521e+003	3.815320e-009	
1.389527e+003	3.789346e-009	
1.389533e+003	3.763373e-009	
1.389539e+003	3.737398e-009	
1.389545e+003	3.711425e-009	
1.389551e+003	3.685451e-009	
1.389557e+003	3.659475e-009	
1.389562e+003	3.633502e-009	
1.389568e+003	3.607537e-009	
1.389574e+003	3.581620e-009	
1.389580e+003	3.555737e-009	
1.389586e+003	3.529854e-009	
1.389592e+003	3.503971e-009	
1.389598e+003	3.478613e-009	
1.389604e+003	3.456046e-009	
1.389609e+003	3.436523e-009	
1.389615e+003	3.416999e-009	
1.389621e+003	3.397476e-009	
1.389627e+003	3.377952e-009	
1.389633e+003	3.358428e-009	
1.389639e+003	3.338905e-009	
1.389645e+003	3.319381e-009	
1.389650e+003	3.299857e-009	
1.389656e+003	3.280333e-009	
1.389662e+003	3.260810e-009	
1.389668e+003	3.241288e-009	
1.389674e+003	3.221775e-009	
1.389680e+003	3.202272e-009	
1.389686e+003	3.182768e-009	
1.389691e+003	3.163264e-009	
1.389697e+003	3.143826e-009	
1.389703e+003	3.124788e-009	
1.389709e+003	3.106265e-009	
1.389715e+003	3.087742e-009	
1.389721e+003	3.069218e-009	
1.389727e+003	3.050696e-009	
1.389732e+003	3.032173e-009	
1.389738e+003	3.013649e-009	
1.389744e+003	2.995125e-009	
1.389750e+003	2.976601e-009	
1.389756e+003	2.958079e-009	
1.389762e+003	2.939556e-009	
1.389768e+003	2.921035e-009	
1.389773e+003	2.902517e-009	
1.389779e+003	2.884006e-009	
1.389785e+003	2.865497e-009	
1.389791e+003	2.846986e-009	
1.389797e+003	2.828473e-009	
1.389803e+003	2.809945e-009	
1.389809e+003	2.791395e-009	
1.389814e+003	2.772847e-009	
1.389820e+003	2.754298e-009	
1.389826e+003	2.735749e-009	
1.389832e+003	2.717200e-009	
1.389838e+003	2.698652e-009	
1.389844e+003	2.680103e-009	
1.389850e+003	2.661555e-009	
1.389855e+003	2.643006e-009	
1.389861e+003	2.624458e-009	
1.389867e+003	2.605909e-009	
1.389873e+003	2.587363e-009	
1.389879e+003	2.568818e-009	
1.389885e+003	2.550274e-009	
1.389891e+003	2.531728e-009	
1.389896e+003	2.513391e-009	
1.389902e+003	2.496787e-009	
1.389908e+003	2.483668e-009	
1.389914e+003	2.470549e-009	
1.389920e+003	2.457431e-009	
1.389926e+003	2.444311e-009	
1.389932e+003	2.431193e-009	
1.389938e+003	2.418074e-009	
1.389943e+003	2.404955e-009	
1.389949e+003	2.391837e-009	
1.389955e+003	2.378718e-009	
1.389961e+003	2.365599e-009	
1.389967e+003	2.352482e-009	
1.389973e+003	2.339381e-009	
1.389979e+003	2.326303e-009	
1.389984e+003	2.313225e-009	
1.389990e+003	2.300147e-009	
1.389996e+003	2.287115e-009	
1.390002e+003	2.274534e-009	
1.390008e+003	2.263085e-009	
1.390014e+003	2.251635e-009	
1.390020e+003	2.240185e-009	
1.390025e+003	2.228735e-009	
1.390031e+003	2.217284e-009	
1.390037e+003	2.205835e-009	
1.390043e+003	2.194384e-009	
1.390049e+003	2.182934e-009	
1.390055e+003	2.171484e-009	
1.390061e+003	2.160035e-009	
1.390066e+003	2.148586e-009	
1.390072e+003	2.137151e-009	
1.390078e+003	2.125742e-009	
1.390084e+003	2.114333e-009	
1.390090e+003	2.102925e-009	
1.390096e+003	2.091520e-009	
1.390102e+003	2.080174e-009	
1.390107e+003	2.069012e-009	
1.390113e+003	2.057851e-009	
1.390119e+003	2.046689e-009	
1.390125e+003	2.035528e-009	
1.390131e+003	2.024366e-009	
1.390137e+003	2.013205e-009	
1.390143e+003	2.002044e-009	
1.390148e+003	1.990882e-009	
1.390154e+003	1.979721e-009	
1.390160e+003	1.968559e-009	
1.390166e+003	1.957398e-009	
1.390172e+003	1.946235e-009	
1.390178e+003	1.935070e-009	
1.390184e+003	1.923903e-009	
1.390189e+003	1.912738e-009	
1.390195e+003	1.901577e-009	
1.390201e+003	1.890516e-009	
1.390207e+003	1.879873e-009	
1.390213e+003	1.869232e-009	
1.390219e+003	1.858590e-009	
1.390225e+003	1.847947e-009	
1.390230e+003	1.837305e-009	
1.390236e+003	1.826663e-009	
1.390242e+003	1.816021e-009	
1.390248e+003	1.805379e-009	
1.390254e+003	1.794737e-009	
1.390260e+003	1.784096e-009	
1.390266e+003	1.773454e-009	
1.390271e+003	1.762813e-009	
1.390277e+003	1.752180e-009	
1.390283e+003	1.741546e-009	
1.390289e+003	1.730912e-009	
1.390295e+003	1.720279e-009	
1.390301e+003	1.710057e-009	
1.390307e+003	1.702255e-009	
1.390312e+003	1.694505e-009	
1.390318e+003	1.686755e-009	
1.390324e+003	1.679005e-009	
1.390330e+003	1.671254e-009	
1.390336e+003	1.663503e-009	
1.390342e+003	1.655753e-009	
1.390348e+003	1.648003e-009	
1.390354e+003	1.640253e-009	
1.390359e+003	1.632502e-009	
1.390365e+003	1.624752e-009	
1.390371e+003	1.617004e-009	
1.390377e+003	1.609266e-009	
1.390383e+003	1.601528e-009	
1.390389e+003	1.593789e-009	
1.390395e+003	1.586052e-009	
1.390400e+003	1.578381e-009	
1.390406e+003	1.571185e-009	
1.390412e+003	1.564022e-009	
1.390418e+003	1.556858e-009	
1.390424e+003	1.549695e-009	
1.390430e+003	1.542531e-009	
1.390436e+003	1.535367e-009	
1.390441e+003	1.528204e-009	
1.390447e+003	1.521040e-009	
1.390453e+003	1.513877e-009	
1.390459e+003	1.506714e-009	
1.390465e+003	1.499550e-009	
1.390471e+003	1.492388e-009	
1.390477e+003	1.485246e-009	
1.390482e+003	1.478103e-009	
1.390488e+003	1.470960e-009	
1.390494e+003	1.463817e-009	
1.390500e+003	1.456675e-009	
1.390506e+003	1.449539e-009	
1.390512e+003	1.442404e-009	
1.390518e+003	1.435269e-009	
1.390523e+003	1.428133e-009	
1.390529e+003	1.420998e-009	
1.390535e+003	1.413863e-009	
1.390541e+003	1.406728e-009	
1.390547e+003	1.399592e-009	
1.390553e+003	1.392457e-009	
1.390559e+003	1.385322e-009	
1.390564e+003	1.378187e-009	
1.390570e+003	1.371052e-009	
1.390576e+003	1.363917e-009	
1.390582e+003	1.356782e-009	
1.390588e+003	1.349647e-009	
1.390594e+003	1.342512e-009	
1.390600e+003	1.335463e-009	
1.390605e+003	1.329035e-009	
1.390611e+003	1.322746e-009	
1.390617e+003	1.316456e-009	
1.390623e+003	1.310167e-009	
1.390629e+003	1.303878e-009	
1.390635e+003	1.297589e-009	
1.390641e+003	1.291300e-009	
1.390646e+003	1.285011e-009	
1.390652e+003	1.278722e-009	
1.390658e+003	1.272433e-009	
1.390664e+003	1.266144e-009	
1.390670e+003	1.259855e-009	
1.390676e+003	1.253565e-009	
1.390682e+003	1.247276e-009	
1.390688e+003	1.240987e-009	
1.390693e+003	1.234698e-009	
1.390699e+003	1.228507e-009	
1.390705e+003	1.223193e-009	
1.390711e+003	1.218130e-009	
1.390717e+003	1.213068e-009	
1.390723e+003	1.208005e-009	
1.390729e+003	1.202943e-009	
1.390734e+003	1.197881e-009	
1.390740e+003	1.192818e-009	
1.390746e+003	1.187756e-009	
1.390752e+003	1.182693e-009	
1.390758e+003	1.177631e-009	
1.390764e+003	1.172569e-009	
1.390770e+003	1.167508e-009	
1.390775e+003	1.162456e-009	
1.390781e+003	1.157406e-009	
1.390787e+003	1.152355e-009	
1.390793e+003	1.147305e-009	
1.390799e+003	1.142274e-009	
1.390805e+003	1.137409e-009	
1.390811e+003	1.132616e-009	
1.390816e+003	1.127823e-009	
1.390822e+003	1.123030e-009	
1.390828e+003	1.118237e-009	
1.390834e+003	1.113445e-009	
1.390840e+003	1.108652e-009	
1.390846e+003	1.103859e-009	
1.390852e+003	1.099066e-009	
1.390857e+003	1.094273e-009	
1.390863e+003	1.089480e-009	
1.390869e+003	1.084687e-009	
1.390875e+003	1.079898e-009	
1.390881e+003	1.075109e-009	
1.390887e+003	1.070320e-009	
1.390893e+003	1.065531e-009	
1.390898e+003	1.060742e-009	
1.390904e+003	1.055953e-009	
1.390910e+003	1.051164e-009	
1.390916e+003	1.046376e-009	
1.390922e+003	1.041587e-009	
1.390928e+003	1.036798e-009	
1.390934e+003	1.032010e-009	
1.390939e+003	1.027221e-009	
1.390945e+003	1.022432e-009	
1.390951e+003	1.017643e-009	
1.390957e+003	1.012854e-009	
1.390963e+003	1.008066e-009	
1.390969e+003	1.003277e-009	
1.390975e+003	9.984882e-010	
1.390980e+003	9.936997e-010	
1.390986e+003	9.889106e-010	
1.390992e+003	9.841219e-010	
1.390998e+003	9.793750e-010	
1.391004e+003	9.751187e-010	
1.391010e+003	9.711916e-010	
1.391016e+003	9.672644e-010	
1.391021e+003	9.633374e-010	
1.391027e+003	9.594103e-010	
1.391033e+003	9.554830e-010	
1.391039e+003	9.515561e-010	
1.391045e+003	9.476289e-010	
1.391051e+003	9.437018e-010	
1.391057e+003	9.397747e-010	
1.391062e+003	9.358473e-010	
1.391068e+003	9.319208e-010	
1.391074e+003	9.279992e-010	
1.391080e+003	9.240804e-010	
1.391086e+003	9.201614e-010	
1.391092e+003	9.162426e-010	
1.391098e+003	9.123445e-010	
1.391104e+003	9.086942e-010	
1.391109e+003	9.052541e-010	
1.391115e+003	9.018138e-010	
1.391121e+003	8.983738e-010	
1.391127e+003	8.949336e-010	
1.391133e+003	8.914934e-010	
1.391139e+003	8.880535e-010	
1.391145e+003	8.846133e-010	
1.391150e+003	8.811732e-010	
1.391156e+003	8.777329e-010	
1.391162e+003	8.742928e-010	
1.391168e+003	8.708526e-010	
1.391174e+003	8.674098e-010	
1.391180e+003	8.639655e-010	
1.391186e+003	8.605213e-010	
1.391191e+003	8.570770e-010	
1.391197e+003	8.536358e-010	
1.391203e+003	8.502424e-010	
1.391209e+003	8.468979e-010	
1.391215e+003	8.435534e-010	
1.391221e+003	8.402089e-010	
1.391227e+003	8.368645e-010	
1.391232e+003	8.335198e-010	
1.391238e+003	8.301754e-010	
1.391244e+003	8.268309e-010	
1.391250e+003	8.234863e-010	
1.391256e+003	8.201420e-010	
1.391262e+003	8.167972e-010	
1.391268e+003	8.134532e-010	
1.391273e+003	8.101154e-010	
1.391279e+003	8.067833e-010	
1.391285e+003	8.034510e-010	
1.391291e+003	8.001189e-010	
1.391297e+003	7.967869e-010	
1.391303e+003	7.934597e-010	
1.391309e+003	7.901396e-010	
1.391314e+003	7.868192e-010	
1.391320e+003	7.834990e-010	
1.391326e+003	7.801786e-010	
1.391332e+003	7.768583e-010	
1.391338e+003	7.735382e-010	
1.391344e+003	7.702178e-010	
1.391350e+003	7.668975e-010	
1.391355e+003	7.635775e-010	
1.391361e+003	7.602570e-010	
1.391367e+003	7.569365e-010	
1.391373e+003	7.536122e-010	
1.391379e+003	7.502839e-010	
1.391385e+003	7.469554e-010	
1.391391e+003	7.436269e-010	
1.391396e+003	7.403096e-010	
1.391402e+003	7.372669e-010	
1.391408e+003	7.346886e-010	
1.391414e+003	7.321103e-010	
1.391420e+003	7.295320e-010	
1.391426e+003	7.269537e-010	
1.391432e+003	7.243754e-010	
1.391438e+003	7.217971e-010	
1.391443e+003	7.192189e-010	
1.391449e+003	7.166405e-010	
1.391455e+003	7.140621e-010	
1.391461e+003	7.114839e-010	
1.391467e+003	7.089057e-010	
1.391473e+003	7.063329e-010	
1.391479e+003	7.037669e-010	
1.391484e+003	7.012009e-010	
1.391490e+003	6.986350e-010	
1.391496e+003	6.960707e-010	
1.391502e+003	6.935508e-010	
1.391508e+003	6.911284e-010	
1.391514e+003	6.887061e-010	
1.391520e+003	6.862838e-010	
1.391525e+003	6.838614e-010	
1.391531e+003	6.814391e-010	
1.391537e+003	6.790168e-010	
1.391543e+003	6.765944e-010	
1.391549e+003	6.741720e-010	
1.391555e+003	6.717498e-010	
1.391561e+003	6.693275e-010	
1.391566e+003	6.669051e-010	
1.391572e+003	6.644796e-010	
1.391578e+003	6.620492e-010	
1.391584e+003	6.596189e-010	
1.391590e+003	6.571885e-010	
1.391596e+003	6.547583e-010	
1.391602e+003	6.523341e-010	
1.391607e+003	6.499276e-010	
1.391613e+003	6.475212e-010	
1.391619e+003	6.451147e-010	
1.391625e+003	6.427083e-010	
1.391631e+003	6.403018e-010	
1.391637e+003	6.378955e-010	
1.391643e+003	6.354891e-010	
1.391648e+003	6.330826e-010	
1.391654e+003	6.306762e-010	
1.391660e+003	6.282698e-010	
1.391666e+003	6.258635e-010	
1.391672e+003	6.234597e-010	
1.391678e+003	6.210614e-010	
1.391684e+003	6.186632e-010	
1.391689e+003	6.162650e-010	
1.391695e+003	6.138674e-010	
1.391701e+003	6.115024e-010	
1.391707e+003	6.092665e-010	
1.391713e+003	6.070306e-010	
1.391719e+003	6.047947e-010	
1.391725e+003	6.025588e-010	
1.391730e+003	6.003229e-010	
1.391736e+003	5.980871e-010	
1.391742e+003	5.958511e-010	
1.391748e+003	5.936153e-010	
1.391754e+003	5.913795e-010	
1.391760e+003	5.891436e-010	
1.391766e+003	5.869077e-010	
1.391771e+003	5.846709e-010	
1.391777e+003	5.824310e-010	
1.391783e+003	5.801911e-010	
1.391789e+003	5.779512e-010	
1.391795e+003	5.757120e-010	
1.391801e+003	5.735158e-010	
1.391807e+003	5.716323e-010	
1.391812e+003	5.697488e-010	
1.391818e+003	5.678653e-010	
1.391824e+003	5.659817e-010	
1.391830e+003	5.640982e-010	
1.391836e+003	5.622146e-010	
1.391842e+003	5.603311e-010	
1.391848e+003	5.584476e-010	
1.391854e+003	5.565641e-010	
1.391859e+003	5.546806e-010	
1.391865e+003	5.527972e-010	
1.391871e+003	5.509151e-010	
1.391877e+003	5.490398e-010	
1.391883e+003	5.471645e-010	
1.391889e+003	5.452891e-010	
1.391895e+003	5.434139e-010	
1.391900e+003	5.415456e-010	
1.391906e+003	5.397821e-010	
1.391912e+003	5.380185e-010	
1.391918e+003	5.362549e-010	
1.391924e+003	5.344913e-010	
1.391930e+003	5.327277e-010	
1.391936e+003	5.309642e-010	
1.391941e+003	5.292006e-010	
1.391947e+003	5.274371e-010	
1.391953e+003	5.256736e-010	
1.391959e+003	5.239101e-010	
1.391965e+003	5.221465e-010	
1.391971e+003	5.203824e-010	
1.391977e+003	5.186148e-010	
1.391982e+003	5.168473e-010	
1.391988e+003	5.150798e-010	
1.391994e+003	5.133121e-010	
