# format  : curve #1.x (tab) curve #1.y (tab) curve #2.x (tab) curve #2.y (tab) ...
# title   : Simulated Spectrum
# abscissa: Energy [eV]
# ordinate: Intensity [counts]
#==========================================================================================================
# Curve #1 (x,y): Config ##: 1
# Reference: W.S.M. Werner, W. Smekal and C. J. Powell, Simulation of Electron Spectra for Surface Analysis (SESSA V2.0) National Institute of Standards and Technology, Gaithersburg, MD (2010), 
# Reliability: 
# Remarks: 
#==========================================================================================================
1.380000e+003	7.812175e-009	
1.380006e+003	7.816592e-009	
1.380012e+003	7.821119e-009	
1.380018e+003	7.825718e-009	
1.380023e+003	7.830400e-009	
1.380029e+003	7.835181e-009	
1.380035e+003	7.840062e-009	
1.380041e+003	7.844998e-009	
1.380047e+003	7.850026e-009	
1.380053e+003	7.855117e-009	
1.380059e+003	7.860283e-009	
1.380064e+003	7.865520e-009	
1.380070e+003	7.870840e-009	
1.380076e+003	7.876269e-009	
1.380082e+003	7.881759e-009	
1.380088e+003	7.887330e-009	
1.380094e+003	7.892983e-009	
1.380100e+003	7.898673e-009	
1.380105e+003	7.904510e-009	
1.380111e+003	7.910428e-009	
1.380117e+003	7.916408e-009	
1.380123e+003	7.922454e-009	
1.380129e+003	7.928573e-009	
1.380135e+003	7.934733e-009	
1.380141e+003	7.940963e-009	
1.380146e+003	7.947257e-009	
1.380152e+003	7.953622e-009	
1.380158e+003	7.960034e-009	
1.380164e+003	7.966499e-009	
1.380170e+003	7.973033e-009	
1.380176e+003	7.979689e-009	
1.380182e+003	7.986379e-009	
1.380188e+003	7.993125e-009	
1.380193e+003	7.999925e-009	
1.380199e+003	8.006770e-009	
1.380205e+003	8.014119e-009	
1.380211e+003	8.021586e-009	
1.380217e+003	8.029100e-009	
1.380223e+003	8.036659e-009	
1.380229e+003	8.044267e-009	
1.380234e+003	8.051937e-009	
1.380240e+003	8.059639e-009	
1.380246e+003	8.067392e-009	
1.380252e+003	8.075199e-009	
1.380258e+003	8.083052e-009	
1.380264e+003	8.090958e-009	
1.380270e+003	8.098898e-009	
1.380275e+003	8.106865e-009	
1.380281e+003	8.114878e-009	
1.380287e+003	8.122920e-009	
1.380293e+003	8.131020e-009	
1.380299e+003	8.139136e-009	
1.380305e+003	8.148388e-009	
1.380311e+003	8.157890e-009	
1.380316e+003	8.167459e-009	
1.380322e+003	8.177078e-009	
1.380328e+003	8.186724e-009	
1.380334e+003	8.196420e-009	
1.380340e+003	8.206133e-009	
1.380346e+003	8.215905e-009	
1.380352e+003	8.225706e-009	
1.380357e+003	8.235544e-009	
1.380363e+003	8.245427e-009	
1.380369e+003	8.255348e-009	
1.380375e+003	8.265357e-009	
1.380381e+003	8.275411e-009	
1.380387e+003	8.285487e-009	
1.380393e+003	8.295623e-009	
1.380398e+003	8.305766e-009	
1.380404e+003	8.316738e-009	
1.380410e+003	8.327979e-009	
1.380416e+003	8.339269e-009	
1.380422e+003	8.350585e-009	
1.380428e+003	8.361946e-009	
1.380434e+003	8.373337e-009	
1.380439e+003	8.384746e-009	
1.380445e+003	8.396218e-009	
1.380451e+003	8.407690e-009	
1.380457e+003	8.419200e-009	
1.380463e+003	8.430746e-009	
1.380469e+003	8.442323e-009	
1.380475e+003	8.453921e-009	
1.380480e+003	8.465565e-009	
1.380486e+003	8.477215e-009	
1.380492e+003	8.488907e-009	
1.380498e+003	8.500623e-009	
1.380504e+003	8.512493e-009	
1.380510e+003	8.524422e-009	
1.380516e+003	8.536365e-009	
1.380521e+003	8.548362e-009	
1.380527e+003	8.560383e-009	
1.380533e+003	8.572430e-009	
1.380539e+003	8.584484e-009	
1.380545e+003	8.596580e-009	
1.380551e+003	8.608696e-009	
1.380557e+003	8.620844e-009	
1.380562e+003	8.633025e-009	
1.380568e+003	8.645213e-009	
1.380574e+003	8.657458e-009	
1.380580e+003	8.669697e-009	
1.380586e+003	8.681972e-009	
1.380592e+003	8.694255e-009	
1.380598e+003	8.706587e-009	
1.380604e+003	8.719710e-009	
1.380609e+003	8.733313e-009	
1.380615e+003	8.746971e-009	
1.380621e+003	8.760653e-009	
1.380627e+003	8.774347e-009	
1.380633e+003	8.788067e-009	
1.380639e+003	8.801806e-009	
1.380645e+003	8.815562e-009	
1.380650e+003	8.829342e-009	
1.380656e+003	8.843150e-009	
1.380662e+003	8.856987e-009	
1.380668e+003	8.870832e-009	
1.380674e+003	8.884746e-009	
1.380680e+003	8.898671e-009	
1.380686e+003	8.912622e-009	
1.380691e+003	8.926607e-009	
1.380697e+003	8.940590e-009	
1.380703e+003	8.955622e-009	
1.380709e+003	8.971419e-009	
1.380715e+003	8.987267e-009	
1.380721e+003	9.003145e-009	
1.380727e+003	9.019035e-009	
1.380732e+003	9.034967e-009	
1.380738e+003	9.050883e-009	
1.380744e+003	9.066831e-009	
1.380750e+003	9.082807e-009	
1.380756e+003	9.098789e-009	
1.380762e+003	9.114806e-009	
1.380768e+003	9.130839e-009	
1.380773e+003	9.146913e-009	
1.380779e+003	9.163006e-009	
1.380785e+003	9.179125e-009	
1.380791e+003	9.195252e-009	
1.380797e+003	9.211427e-009	
1.380803e+003	9.228101e-009	
1.380809e+003	9.245280e-009	
1.380814e+003	9.262529e-009	
1.380820e+003	9.279775e-009	
1.380826e+003	9.297031e-009	
1.380832e+003	9.314295e-009	
1.380838e+003	9.331625e-009	
1.380844e+003	9.348939e-009	
1.380850e+003	9.366265e-009	
1.380855e+003	9.383616e-009	
1.380861e+003	9.400998e-009	
1.380867e+003	9.418379e-009	
1.380873e+003	9.435807e-009	
1.380879e+003	9.453263e-009	
1.380885e+003	9.470728e-009	
1.380891e+003	9.488209e-009	
1.380896e+003	9.505708e-009	
1.380902e+003	9.523481e-009	
1.380908e+003	9.541545e-009	
1.380914e+003	9.559665e-009	
1.380920e+003	9.577775e-009	
1.380926e+003	9.595930e-009	
1.380932e+003	9.614089e-009	
1.380938e+003	9.632251e-009	
1.380943e+003	9.650433e-009	
1.380949e+003	9.668632e-009	
1.380955e+003	9.686861e-009	
1.380961e+003	9.705095e-009	
1.380967e+003	9.723331e-009	
1.380973e+003	9.741605e-009	
1.380979e+003	9.759931e-009	
1.380984e+003	9.778242e-009	
1.380990e+003	9.796580e-009	
1.380996e+003	9.814935e-009	
1.381002e+003	9.834332e-009	
1.381008e+003	9.855274e-009	
1.381014e+003	9.876350e-009	
1.381020e+003	9.897444e-009	
1.381025e+003	9.918573e-009	
1.381031e+003	9.939673e-009	
1.381037e+003	9.960817e-009	
1.381043e+003	9.981979e-009	
1.381049e+003	1.000313e-008	
1.381055e+003	1.002431e-008	
1.381061e+003	1.004551e-008	
1.381066e+003	1.006671e-008	
1.381072e+003	1.008793e-008	
1.381078e+003	1.010916e-008	
1.381084e+003	1.013039e-008	
1.381090e+003	1.015164e-008	
1.381096e+003	1.017291e-008	
1.381102e+003	1.019495e-008	
1.381107e+003	1.021846e-008	
1.381113e+003	1.024211e-008	
1.381119e+003	1.026578e-008	
1.381125e+003	1.028945e-008	
1.381131e+003	1.031315e-008	
1.381137e+003	1.033686e-008	
1.381143e+003	1.036058e-008	
1.381148e+003	1.038433e-008	
1.381154e+003	1.040807e-008	
1.381160e+003	1.043186e-008	
1.381166e+003	1.045564e-008	
1.381172e+003	1.047946e-008	
1.381178e+003	1.050333e-008	
1.381184e+003	1.052724e-008	
1.381189e+003	1.055114e-008	
1.381195e+003	1.057506e-008	
1.381201e+003	1.059942e-008	
1.381207e+003	1.062470e-008	
1.381213e+003	1.065012e-008	
1.381219e+003	1.067554e-008	
1.381225e+003	1.070100e-008	
1.381230e+003	1.072644e-008	
1.381236e+003	1.075191e-008	
1.381242e+003	1.077741e-008	
1.381248e+003	1.080290e-008	
1.381254e+003	1.082842e-008	
1.381260e+003	1.085394e-008	
1.381266e+003	1.087947e-008	
1.381271e+003	1.090501e-008	
1.381277e+003	1.093056e-008	
1.381283e+003	1.095609e-008	
1.381289e+003	1.098167e-008	
1.381295e+003	1.100724e-008	
1.381301e+003	1.103317e-008	
1.381307e+003	1.106028e-008	
1.381312e+003	1.108756e-008	
1.381318e+003	1.111483e-008	
1.381324e+003	1.114212e-008	
1.381330e+003	1.116944e-008	
1.381336e+003	1.119676e-008	
1.381342e+003	1.122408e-008	
1.381348e+003	1.125143e-008	
1.381354e+003	1.127879e-008	
1.381359e+003	1.130616e-008	
1.381365e+003	1.133353e-008	
1.381371e+003	1.136094e-008	
1.381377e+003	1.138840e-008	
1.381383e+003	1.141588e-008	
1.381389e+003	1.144337e-008	
1.381395e+003	1.147087e-008	
1.381400e+003	1.149900e-008	
1.381406e+003	1.152975e-008	
1.381412e+003	1.156087e-008	
1.381418e+003	1.159202e-008	
1.381424e+003	1.162319e-008	
1.381430e+003	1.165436e-008	
1.381436e+003	1.168555e-008	
1.381441e+003	1.171673e-008	
1.381447e+003	1.174794e-008	
1.381453e+003	1.177916e-008	
1.381459e+003	1.181040e-008	
1.381465e+003	1.184164e-008	
1.381471e+003	1.187290e-008	
1.381477e+003	1.190418e-008	
1.381482e+003	1.193548e-008	
1.381488e+003	1.196682e-008	
1.381494e+003	1.199814e-008	
1.381500e+003	1.202988e-008	
1.381506e+003	1.206462e-008	
1.381512e+003	1.209979e-008	
1.381518e+003	1.213497e-008	
1.381523e+003	1.217015e-008	
1.381529e+003	1.220535e-008	
1.381535e+003	1.224056e-008	
1.381541e+003	1.227578e-008	
1.381547e+003	1.231102e-008	
1.381553e+003	1.234626e-008	
1.381559e+003	1.238151e-008	
1.381564e+003	1.241677e-008	
1.381570e+003	1.245207e-008	
1.381576e+003	1.248740e-008	
1.381582e+003	1.252274e-008	
1.381588e+003	1.255812e-008	
1.381594e+003	1.259351e-008	
1.381600e+003	1.262896e-008	
1.381605e+003	1.266571e-008	
1.381611e+003	1.270259e-008	
1.381617e+003	1.273949e-008	
1.381623e+003	1.277642e-008	
1.381629e+003	1.281337e-008	
1.381635e+003	1.285029e-008	
1.381641e+003	1.288724e-008	
1.381646e+003	1.292421e-008	
1.381652e+003	1.296118e-008	
1.381658e+003	1.299816e-008	
1.381664e+003	1.303516e-008	
1.381670e+003	1.307217e-008	
1.381676e+003	1.310915e-008	
1.381682e+003	1.314620e-008	
1.381688e+003	1.318323e-008	
1.381693e+003	1.322029e-008	
1.381699e+003	1.325739e-008	
1.381705e+003	1.329725e-008	
1.381711e+003	1.333762e-008	
1.381717e+003	1.337801e-008	
1.381723e+003	1.341840e-008	
1.381729e+003	1.345875e-008	
1.381734e+003	1.349917e-008	
1.381740e+003	1.353957e-008	
1.381746e+003	1.357998e-008	
1.381752e+003	1.362042e-008	
1.381758e+003	1.366086e-008	
1.381764e+003	1.370130e-008	
1.381770e+003	1.374176e-008	
1.381775e+003	1.378227e-008	
1.381781e+003	1.382280e-008	
1.381787e+003	1.386335e-008	
1.381793e+003	1.390389e-008	
1.381799e+003	1.394446e-008	
1.381805e+003	1.398898e-008	
1.381811e+003	1.403447e-008	
1.381816e+003	1.407999e-008	
1.381822e+003	1.412553e-008	
1.381828e+003	1.417109e-008	
1.381834e+003	1.421661e-008	
1.381840e+003	1.426219e-008	
1.381846e+003	1.430774e-008	
1.381852e+003	1.435331e-008	
1.381857e+003	1.439886e-008	
1.381863e+003	1.444448e-008	
1.381869e+003	1.449003e-008	
1.381875e+003	1.453571e-008	
1.381881e+003	1.458137e-008	
1.381887e+003	1.462703e-008	
1.381893e+003	1.467273e-008	
1.381898e+003	1.471838e-008	
1.381904e+003	1.476685e-008	
1.381910e+003	1.481615e-008	
1.381916e+003	1.486555e-008	
1.381922e+003	1.491493e-008	
1.381928e+003	1.496433e-008	
1.381934e+003	1.501372e-008	
1.381939e+003	1.506315e-008	
1.381945e+003	1.511258e-008	
1.381951e+003	1.516203e-008	
1.381957e+003	1.521147e-008	
1.381963e+003	1.526091e-008	
1.381969e+003	1.531036e-008	
1.381975e+003	1.535978e-008	
1.381980e+003	1.540924e-008	
1.381986e+003	1.545867e-008	
1.381992e+003	1.550813e-008	
1.381998e+003	1.555757e-008	
1.382004e+003	1.560812e-008	
1.382010e+003	1.565911e-008	
1.382016e+003	1.571014e-008	
1.382021e+003	1.576118e-008	
1.382027e+003	1.581222e-008	
1.382033e+003	1.586327e-008	
1.382039e+003	1.591436e-008	
1.382045e+003	1.596544e-008	
1.382051e+003	1.601650e-008	
1.382057e+003	1.606759e-008	
1.382062e+003	1.611869e-008	
1.382068e+003	1.616977e-008	
1.382074e+003	1.622102e-008	
1.382080e+003	1.627230e-008	
1.382086e+003	1.632360e-008	
1.382092e+003	1.637493e-008	
1.382098e+003	1.642624e-008	
1.382104e+003	1.648074e-008	
1.382109e+003	1.653683e-008	
1.382115e+003	1.659313e-008	
1.382121e+003	1.664943e-008	
1.382127e+003	1.670574e-008	
1.382133e+003	1.676205e-008	
1.382139e+003	1.681836e-008	
1.382145e+003	1.687468e-008	
1.382150e+003	1.693101e-008	
1.382156e+003	1.698736e-008	
1.382162e+003	1.704371e-008	
1.382168e+003	1.710004e-008	
1.382174e+003	1.715638e-008	
1.382180e+003	1.721265e-008	
1.382186e+003	1.726895e-008	
1.382191e+003	1.732528e-008	
1.382197e+003	1.738158e-008	
1.382203e+003	1.744103e-008	
1.382209e+003	1.750230e-008	
1.382215e+003	1.756389e-008	
1.382221e+003	1.762549e-008	
1.382227e+003	1.768705e-008	
1.382232e+003	1.774866e-008	
1.382238e+003	1.781023e-008	
1.382244e+003	1.787185e-008	
1.382250e+003	1.793347e-008	
1.382256e+003	1.799505e-008	
1.382262e+003	1.805669e-008	
1.382268e+003	1.811833e-008	
1.382273e+003	1.818005e-008	
1.382279e+003	1.824184e-008	
1.382285e+003	1.830364e-008	
1.382291e+003	1.836545e-008	
1.382297e+003	1.842727e-008	
1.382303e+003	1.849006e-008	
1.382309e+003	1.855364e-008	
1.382314e+003	1.861733e-008	
1.382320e+003	1.868107e-008	
1.382326e+003	1.874480e-008	
1.382332e+003	1.880851e-008	
1.382338e+003	1.887224e-008	
1.382344e+003	1.893599e-008	
1.382350e+003	1.899973e-008	
1.382355e+003	1.906350e-008	
1.382361e+003	1.912725e-008	
1.382367e+003	1.919103e-008	
1.382373e+003	1.925479e-008	
1.382379e+003	1.931854e-008	
1.382385e+003	1.938234e-008	
1.382391e+003	1.944616e-008	
1.382396e+003	1.950993e-008	
1.382402e+003	1.957400e-008	
1.382408e+003	1.963836e-008	
1.382414e+003	1.970274e-008	
1.382420e+003	1.976714e-008	
1.382426e+003	1.983155e-008	
1.382432e+003	1.989596e-008	
1.382438e+003	1.996038e-008	
1.382443e+003	2.002480e-008	
1.382449e+003	2.008925e-008	
1.382455e+003	2.015368e-008	
1.382461e+003	2.021813e-008	
1.382467e+003	2.028256e-008	
1.382473e+003	2.034705e-008	
1.382479e+003	2.041158e-008	
1.382484e+003	2.047609e-008	
1.382490e+003	2.054063e-008	
1.382496e+003	2.060514e-008	
1.382502e+003	2.067200e-008	
1.382508e+003	2.074145e-008	
1.382514e+003	2.081142e-008	
1.382520e+003	2.088139e-008	
1.382525e+003	2.095136e-008	
1.382531e+003	2.102134e-008	
1.382537e+003	2.109131e-008	
1.382543e+003	2.116128e-008	
1.382549e+003	2.123127e-008	
1.382555e+003	2.130125e-008	
1.382561e+003	2.137124e-008	
1.382566e+003	2.144123e-008	
1.382572e+003	2.151128e-008	
1.382578e+003	2.158141e-008	
1.382584e+003	2.165157e-008	
1.382590e+003	2.172173e-008	
1.382596e+003	2.179185e-008	
1.382602e+003	2.186404e-008	
1.382607e+003	2.193896e-008	
1.382613e+003	2.201449e-008	
1.382619e+003	2.208997e-008	
1.382625e+003	2.216549e-008	
1.382631e+003	2.224100e-008	
1.382637e+003	2.231652e-008	
1.382643e+003	2.239205e-008	
1.382648e+003	2.246756e-008	
1.382654e+003	2.254307e-008	
1.382660e+003	2.261858e-008	
1.382666e+003	2.269412e-008	
1.382672e+003	2.276968e-008	
1.382678e+003	2.284527e-008	
1.382684e+003	2.292087e-008	
1.382689e+003	2.299646e-008	
1.382695e+003	2.307206e-008	
1.382701e+003	2.314709e-008	
1.382707e+003	2.322115e-008	
1.382713e+003	2.329499e-008	
1.382719e+003	2.336884e-008	
1.382725e+003	2.344267e-008	
1.382730e+003	2.351653e-008	
1.382736e+003	2.359040e-008	
1.382742e+003	2.366427e-008	
1.382748e+003	2.373812e-008	
1.382754e+003	2.381197e-008	
1.382760e+003	2.388582e-008	
1.382766e+003	2.395970e-008	
1.382771e+003	2.403361e-008	
1.382777e+003	2.410754e-008	
1.382783e+003	2.418151e-008	
1.382789e+003	2.425548e-008	
1.382795e+003	2.432947e-008	
1.382801e+003	2.440376e-008	
1.382807e+003	2.447882e-008	
1.382812e+003	2.455406e-008	
1.382818e+003	2.462929e-008	
1.382824e+003	2.470452e-008	
1.382830e+003	2.477977e-008	
1.382836e+003	2.485503e-008	
1.382842e+003	2.493028e-008	
1.382848e+003	2.500552e-008	
1.382854e+003	2.508079e-008	
1.382859e+003	2.515604e-008	
1.382865e+003	2.523130e-008	
1.382871e+003	2.530657e-008	
1.382877e+003	2.538189e-008	
1.382883e+003	2.545721e-008	
1.382889e+003	2.553254e-008	
1.382895e+003	2.560788e-008	
1.382900e+003	2.568460e-008	
1.382906e+003	2.576491e-008	
1.382912e+003	2.584622e-008	
1.382918e+003	2.592754e-008	
1.382924e+003	2.600888e-008	
1.382930e+003	2.609022e-008	
1.382936e+003	2.617155e-008	
1.382941e+003	2.625287e-008	
1.382947e+003	2.633420e-008	
1.382953e+003	2.641555e-008	
1.382959e+003	2.649688e-008	
1.382965e+003	2.657825e-008	
1.382971e+003	2.665963e-008	
1.382977e+003	2.674109e-008	
1.382982e+003	2.682260e-008	
1.382988e+003	2.690409e-008	
1.382994e+003	2.698560e-008	
1.383000e+003	2.706813e-008	
1.383006e+003	2.715396e-008	
1.383012e+003	2.724080e-008	
1.383018e+003	2.732764e-008	
1.383023e+003	2.741448e-008	
1.383029e+003	2.750128e-008	
1.383035e+003	2.758814e-008	
1.383041e+003	2.767499e-008	
1.383047e+003	2.776189e-008	
1.383053e+003	2.784870e-008	
1.383059e+003	2.793556e-008	
1.383064e+003	2.802236e-008	
1.383070e+003	2.810929e-008	
1.383076e+003	2.819620e-008	
1.383082e+003	2.828321e-008	
1.383088e+003	2.837018e-008	
1.383094e+003	2.845718e-008	
1.383100e+003	2.854383e-008	
1.383105e+003	2.862863e-008	
1.383111e+003	2.871290e-008	
1.383117e+003	2.879718e-008	
1.383123e+003	2.888143e-008	
1.383129e+003	2.896570e-008	
1.383135e+003	2.904993e-008	
1.383141e+003	2.913422e-008	
1.383146e+003	2.921847e-008	
1.383152e+003	2.930277e-008	
1.383158e+003	2.938704e-008	
1.383164e+003	2.947131e-008	
1.383170e+003	2.955559e-008	
1.383176e+003	2.964001e-008	
1.383182e+003	2.972450e-008	
1.383188e+003	2.980894e-008	
1.383193e+003	2.989340e-008	
1.383199e+003	2.997854e-008	
1.383205e+003	3.006800e-008	
1.383211e+003	3.015901e-008	
1.383217e+003	3.024999e-008	
1.383223e+003	3.034100e-008	
1.383229e+003	3.043198e-008	
1.383234e+003	3.052298e-008	
1.383240e+003	3.061393e-008	
1.383246e+003	3.070491e-008	
1.383252e+003	3.079595e-008	
1.383258e+003	3.088695e-008	
1.383264e+003	3.097800e-008	
1.383270e+003	3.106906e-008	
1.383275e+003	3.116021e-008	
1.383281e+003	3.125134e-008	
1.383287e+003	3.134249e-008	
1.383293e+003	3.143368e-008	
1.383299e+003	3.152539e-008	
1.383305e+003	3.162599e-008	
1.383311e+003	3.172981e-008	
1.383316e+003	3.183365e-008	
1.383322e+003	3.193759e-008	
1.383328e+003	3.204143e-008	
1.383334e+003	3.214524e-008	
1.383340e+003	3.224911e-008	
1.383346e+003	3.235295e-008	
1.383352e+003	3.245677e-008	
1.383357e+003	3.256059e-008	
1.383363e+003	3.266445e-008	
1.383369e+003	3.276828e-008	
1.383375e+003	3.287231e-008	
1.383381e+003	3.297633e-008	
1.383387e+003	3.308035e-008	
1.383393e+003	3.318436e-008	
1.383398e+003	3.328845e-008	
1.383404e+003	3.339736e-008	
1.383410e+003	3.350820e-008	
1.383416e+003	3.361902e-008	
1.383422e+003	3.372985e-008	
1.383428e+003	3.384071e-008	
1.383434e+003	3.395160e-008	
1.383439e+003	3.406246e-008	
1.383445e+003	3.417331e-008	
1.383451e+003	3.428416e-008	
1.383457e+003	3.439501e-008	
1.383463e+003	3.450585e-008	
1.383469e+003	3.461671e-008	
1.383475e+003	3.472771e-008	
1.383480e+003	3.483887e-008	
1.383486e+003	3.494999e-008	
1.383492e+003	3.506113e-008	
1.383498e+003	3.517221e-008	
1.383504e+003	3.528275e-008	
1.383510e+003	3.539292e-008	
1.383516e+003	3.550308e-008	
1.383521e+003	3.561322e-008	
1.383527e+003	3.572337e-008	
1.383533e+003	3.583370e-008	
1.383539e+003	3.594389e-008	
1.383545e+003	3.605408e-008	
1.383551e+003	3.616422e-008	
1.383557e+003	3.627439e-008	
1.383562e+003	3.638460e-008	
1.383568e+003	3.649478e-008	
1.383574e+003	3.660509e-008	
1.383580e+003	3.671560e-008	
1.383586e+003	3.682602e-008	
1.383592e+003	3.693642e-008	
1.383598e+003	3.704682e-008	
1.383604e+003	3.717009e-008	
1.383609e+003	3.730014e-008	
1.383615e+003	3.743079e-008	
1.383621e+003	3.756158e-008	
1.383627e+003	3.769235e-008	
1.383633e+003	3.782305e-008	
1.383639e+003	3.795373e-008	
1.383645e+003	3.808440e-008	
1.383650e+003	3.821506e-008	
1.383656e+003	3.834575e-008	
1.383662e+003	3.847657e-008	
1.383668e+003	3.860733e-008	
1.383674e+003	3.873808e-008	
1.383680e+003	3.886898e-008	
1.383686e+003	3.899983e-008	
1.383691e+003	3.913079e-008	
1.383697e+003	3.926176e-008	
1.383703e+003	3.940863e-008	
1.383709e+003	3.956550e-008	
1.383715e+003	3.972368e-008	
1.383721e+003	3.988182e-008	
1.383727e+003	4.003999e-008	
1.383732e+003	4.019814e-008	
1.383738e+003	4.035624e-008	
1.383744e+003	4.051444e-008	
1.383750e+003	4.067265e-008	
1.383756e+003	4.083071e-008	
1.383762e+003	4.098890e-008	
1.383768e+003	4.114711e-008	
1.383773e+003	4.130547e-008	
1.383779e+003	4.146394e-008	
1.383785e+003	4.162241e-008	
1.383791e+003	4.178095e-008	
1.383797e+003	4.193949e-008	
1.383803e+003	4.210117e-008	
1.383809e+003	4.226523e-008	
1.383814e+003	4.242981e-008	
1.383820e+003	4.259437e-008	
1.383826e+003	4.275889e-008	
1.383832e+003	4.292337e-008	
1.383838e+003	4.308797e-008	
1.383844e+003	4.325249e-008	
1.383850e+003	4.341704e-008	
1.383855e+003	4.358160e-008	
1.383861e+003	4.374611e-008	
1.383867e+003	4.391068e-008	
1.383873e+003	4.407531e-008	
1.383879e+003	4.424007e-008	
1.383885e+003	4.440484e-008	
1.383891e+003	4.456958e-008	
1.383896e+003	4.473439e-008	
1.383902e+003	4.490337e-008	
1.383908e+003	4.507604e-008	
1.383914e+003	4.524949e-008	
1.383920e+003	4.542294e-008	
1.383926e+003	4.559642e-008	
1.383932e+003	4.576989e-008	
1.383938e+003	4.594339e-008	
1.383943e+003	4.611686e-008	
1.383949e+003	4.629030e-008	
1.383955e+003	4.646377e-008	
1.383961e+003	4.663724e-008	
1.383967e+003	4.681072e-008	
1.383973e+003	4.698446e-008	
1.383979e+003	4.715855e-008	
1.383984e+003	4.733264e-008	
1.383990e+003	4.750674e-008	
1.383996e+003	4.768080e-008	
1.384002e+003	4.787059e-008	
1.384008e+003	4.807591e-008	
1.384014e+003	4.828516e-008	
1.384020e+003	4.849444e-008	
1.384025e+003	4.870369e-008	
1.384031e+003	4.891300e-008	
1.384037e+003	4.912223e-008	
1.384043e+003	4.933152e-008	
1.384049e+003	4.954074e-008	
1.384055e+003	4.974999e-008	
1.384061e+003	4.995929e-008	
1.384066e+003	5.016845e-008	
1.384072e+003	5.037774e-008	
1.384078e+003	5.058704e-008	
1.384084e+003	5.079641e-008	
1.384090e+003	5.100570e-008	
1.384096e+003	5.121502e-008	
1.384102e+003	5.144691e-008	
1.384107e+003	5.170476e-008	
1.384113e+003	5.196998e-008	
1.384119e+003	5.223525e-008	
1.384125e+003	5.250044e-008	
1.384131e+003	5.276567e-008	
1.384137e+003	5.303086e-008	
1.384143e+003	5.329611e-008	
1.384148e+003	5.356133e-008	
1.384154e+003	5.382663e-008	
1.384160e+003	5.409182e-008	
1.384166e+003	5.435703e-008	
1.384172e+003	5.462266e-008	
1.384178e+003	5.488863e-008	
1.384184e+003	5.515473e-008	
1.384189e+003	5.542083e-008	
1.384195e+003	5.568706e-008	
1.384201e+003	5.595295e-008	
1.384207e+003	5.621871e-008	
1.384213e+003	5.648441e-008	
1.384219e+003	5.675002e-008	
1.384225e+003	5.701566e-008	
1.384230e+003	5.728140e-008	
1.384236e+003	5.754699e-008	
1.384242e+003	5.781273e-008	
1.384248e+003	5.807846e-008	
1.384254e+003	5.834415e-008	
1.384260e+003	5.860974e-008	
1.384266e+003	5.887543e-008	
1.384271e+003	5.914107e-008	
1.384277e+003	5.940668e-008	
1.384283e+003	5.967225e-008	
1.384289e+003	5.993794e-008	
1.384295e+003	6.020358e-008	
1.384301e+003	6.047969e-008	
1.384307e+003	6.077300e-008	
1.384312e+003	6.107249e-008	
1.384318e+003	6.137206e-008	
1.384324e+003	6.167163e-008	
1.384330e+003	6.197111e-008	
1.384336e+003	6.227074e-008	
1.384342e+003	6.257034e-008	
1.384348e+003	6.286988e-008	
1.384354e+003	6.316943e-008	
1.384359e+003	6.346905e-008	
1.384365e+003	6.376854e-008	
1.384371e+003	6.406868e-008	
1.384377e+003	6.436970e-008	
1.384383e+003	6.467090e-008	
1.384389e+003	6.497211e-008	
1.384395e+003	6.527334e-008	
1.384400e+003	6.558914e-008	
1.384406e+003	6.593254e-008	
1.384412e+003	6.628718e-008	
1.384418e+003	6.664173e-008	
1.384424e+003	6.699639e-008	
1.384430e+003	6.735101e-008	
1.384436e+003	6.770556e-008	
1.384441e+003	6.806022e-008	
1.384447e+003	6.841482e-008	
1.384453e+003	6.876947e-008	
1.384459e+003	6.912409e-008	
1.384465e+003	6.947874e-008	
1.384471e+003	6.983336e-008	
1.384477e+003	7.018793e-008	
1.384482e+003	7.054246e-008	
1.384488e+003	7.089703e-008	
1.384494e+003	7.125166e-008	
1.384500e+003	7.162109e-008	
1.384506e+003	7.202426e-008	
1.384512e+003	7.244229e-008	
1.384518e+003	7.286037e-008	
1.384523e+003	7.327843e-008	
1.384529e+003	7.369643e-008	
1.384535e+003	7.411452e-008	
1.384541e+003	7.453261e-008	
1.384547e+003	7.495066e-008	
1.384553e+003	7.536872e-008	
1.384559e+003	7.578678e-008	
1.384564e+003	7.620484e-008	
1.384570e+003	7.662335e-008	
1.384576e+003	7.704249e-008	
1.384582e+003	7.746200e-008	
1.384588e+003	7.788158e-008	
1.384594e+003	7.830109e-008	
1.384600e+003	7.873054e-008	
1.384605e+003	7.918785e-008	
1.384611e+003	7.965831e-008	
1.384617e+003	8.012884e-008	
1.384623e+003	8.059920e-008	
1.384629e+003	8.106966e-008	
1.384635e+003	8.154009e-008	
1.384641e+003	8.201055e-008	
1.384646e+003	8.248111e-008	
1.384652e+003	8.295153e-008	
1.384658e+003	8.342199e-008	
1.384664e+003	8.389252e-008	
1.384670e+003	8.436304e-008	
1.384676e+003	8.483376e-008	
1.384682e+003	8.530437e-008	
1.384688e+003	8.577509e-008	
1.384693e+003	8.624578e-008	
1.384699e+003	8.674408e-008	
1.384705e+003	8.733456e-008	
1.384711e+003	8.797364e-008	
1.384717e+003	8.861272e-008	
1.384723e+003	8.925191e-008	
1.384729e+003	8.989105e-008	
1.384734e+003	9.053030e-008	
1.384740e+003	9.116940e-008	
1.384746e+003	9.180850e-008	
1.384752e+003	9.244775e-008	
1.384758e+003	9.308684e-008	
1.384764e+003	9.372597e-008	
1.384770e+003	9.436545e-008	
1.384775e+003	9.500560e-008	
1.384781e+003	9.564604e-008	
1.384787e+003	9.628663e-008	
1.384793e+003	9.692729e-008	
1.384799e+003	9.758095e-008	
1.384805e+003	9.830037e-008	
1.384811e+003	9.905726e-008	
1.384816e+003	9.981421e-008	
1.384822e+003	1.005710e-007	
1.384828e+003	1.013280e-007	
1.384834e+003	1.020849e-007	
1.384840e+003	1.028417e-007	
1.384846e+003	1.035984e-007	
1.384852e+003	1.043556e-007	
1.384857e+003	1.051125e-007	
1.384863e+003	1.058693e-007	
1.384869e+003	1.066265e-007	
1.384875e+003	1.073842e-007	
1.384881e+003	1.081423e-007	
1.384887e+003	1.089003e-007	
1.384893e+003	1.096587e-007	
1.384898e+003	1.104276e-007	
1.384904e+003	1.112682e-007	
1.384910e+003	1.121545e-007	
1.384916e+003	1.130409e-007	
1.384922e+003	1.139272e-007	
1.384928e+003	1.148136e-007	
1.384934e+003	1.156999e-007	
1.384939e+003	1.165864e-007	
1.384945e+003	1.174727e-007	
1.384951e+003	1.183589e-007	
1.384957e+003	1.192455e-007	
1.384963e+003	1.201318e-007	
1.384969e+003	1.210186e-007	
1.384975e+003	1.219074e-007	
1.384980e+003	1.227972e-007	
1.384986e+003	1.236871e-007	
1.384992e+003	1.245768e-007	
1.384998e+003	1.254763e-007	
1.385004e+003	1.264878e-007	
1.385010e+003	1.275746e-007	
1.385016e+003	1.286616e-007	
1.385021e+003	1.297483e-007	
1.385027e+003	1.308350e-007	
1.385033e+003	1.319219e-007	
1.385039e+003	1.330087e-007	
1.385045e+003	1.340957e-007	
1.385051e+003	1.351823e-007	
1.385057e+003	1.362693e-007	
1.385062e+003	1.373561e-007	
1.385068e+003	1.384432e-007	
1.385074e+003	1.395315e-007	
1.385080e+003	1.406209e-007	
1.385086e+003	1.417101e-007	
1.385092e+003	1.427994e-007	
1.385098e+003	1.438938e-007	
1.385104e+003	1.452311e-007	
1.385109e+003	1.467391e-007	
1.385115e+003	1.482472e-007	
1.385121e+003	1.497553e-007	
1.385127e+003	1.512634e-007	
1.385133e+003	1.527715e-007	
1.385139e+003	1.542796e-007	
1.385145e+003	1.557878e-007	
1.385150e+003	1.572958e-007	
1.385156e+003	1.588040e-007	
1.385162e+003	1.603121e-007	
1.385168e+003	1.618204e-007	
1.385174e+003	1.633298e-007	
1.385180e+003	1.648399e-007	
1.385186e+003	1.663502e-007	
1.385191e+003	1.678603e-007	
1.385197e+003	1.693706e-007	
1.385203e+003	1.711714e-007	
1.385209e+003	1.732043e-007	
1.385215e+003	1.752420e-007	
1.385221e+003	1.772798e-007	
1.385227e+003	1.793175e-007	
1.385232e+003	1.813552e-007	
1.385238e+003	1.833930e-007	
1.385244e+003	1.854305e-007	
1.385250e+003	1.874682e-007	
1.385256e+003	1.895059e-007	
1.385262e+003	1.915436e-007	
1.385268e+003	1.935813e-007	
1.385273e+003	1.956207e-007	
1.385279e+003	1.976613e-007	
1.385285e+003	1.997017e-007	
1.385291e+003	2.017423e-007	
1.385297e+003	2.037828e-007	
1.385303e+003	2.062325e-007	
1.385309e+003	2.090489e-007	
1.385314e+003	2.119020e-007	
1.385320e+003	2.147552e-007	
1.385326e+003	2.176084e-007	
1.385332e+003	2.204617e-007	
1.385338e+003	2.233148e-007	
1.385344e+003	2.261676e-007	
1.385350e+003	2.290210e-007	
1.385355e+003	2.318740e-007	
1.385361e+003	2.347273e-007	
1.385367e+003	2.375806e-007	
1.385373e+003	2.404362e-007	
1.385379e+003	2.432948e-007	
1.385385e+003	2.461531e-007	
1.385391e+003	2.490117e-007	
1.385396e+003	2.518703e-007	
1.385402e+003	2.553006e-007	
1.385408e+003	2.593131e-007	
1.385414e+003	2.634078e-007	
1.385420e+003	2.675029e-007	
1.385426e+003	2.715979e-007	
1.385432e+003	2.756928e-007	
1.385438e+003	2.797877e-007	
1.385443e+003	2.838826e-007	
1.385449e+003	2.879775e-007	
1.385455e+003	2.920726e-007	
1.385461e+003	2.961673e-007	
1.385467e+003	3.002624e-007	
1.385473e+003	3.043610e-007	
1.385479e+003	3.084641e-007	
1.385484e+003	3.125672e-007	
1.385490e+003	3.166700e-007	
1.385496e+003	3.207732e-007	
1.385502e+003	3.256576e-007	
1.385508e+003	3.314092e-007	
1.385514e+003	3.373349e-007	
1.385520e+003	3.432603e-007	
1.385525e+003	3.491860e-007	
1.385531e+003	3.551116e-007	
1.385537e+003	3.610371e-007	
1.385543e+003	3.669627e-007	
1.385549e+003	3.728877e-007	
1.385555e+003	3.788134e-007	
1.385561e+003	3.847389e-007	
1.385566e+003	3.906643e-007	
1.385572e+003	3.965944e-007	
1.385578e+003	4.025297e-007	
1.385584e+003	4.084652e-007	
1.385590e+003	4.144004e-007	
1.385596e+003	4.203363e-007	
1.385602e+003	4.272563e-007	
1.385607e+003	4.353750e-007	
1.385613e+003	4.438035e-007	
1.385619e+003	4.522315e-007	
1.385625e+003	4.606593e-007	
1.385631e+003	4.690877e-007	
1.385637e+003	4.775159e-007	
1.385643e+003	4.859436e-007	
1.385648e+003	4.943719e-007	
1.385654e+003	5.028000e-007	
1.385660e+003	5.112275e-007	
1.385666e+003	5.196561e-007	
1.385672e+003	5.280900e-007	
1.385678e+003	5.365308e-007	
1.385684e+003	5.449739e-007	
1.385689e+003	5.534165e-007	
1.385695e+003	5.618592e-007	
1.385701e+003	5.713811e-007	
1.385707e+003	5.823862e-007	
1.385713e+003	5.938425e-007	
1.385719e+003	6.052990e-007	
1.385725e+003	6.167552e-007	
1.385730e+003	6.282114e-007	
1.385736e+003	6.396680e-007	
1.385742e+003	6.511241e-007	
1.385748e+003	6.625803e-007	
1.385754e+003	6.740366e-007	
1.385760e+003	6.854929e-007	
1.385766e+003	6.969488e-007	
1.385771e+003	7.084134e-007	
1.385777e+003	7.198884e-007	
1.385783e+003	7.313655e-007	
1.385789e+003	7.428429e-007	
1.385795e+003	7.543208e-007	
1.385801e+003	7.667730e-007	
1.385807e+003	7.807620e-007	
1.385812e+003	7.953395e-007	
1.385818e+003	8.099165e-007	
1.385824e+003	8.244941e-007	
1.385830e+003	8.390713e-007	
1.385836e+003	8.536474e-007	
1.385842e+003	8.682244e-007	
1.385848e+003	8.828020e-007	
1.385854e+003	8.973790e-007	
1.385859e+003	9.119559e-007	
1.385865e+003	9.265326e-007	
1.385871e+003	9.411200e-007	
1.385877e+003	9.557230e-007	
1.385883e+003	9.703316e-007	
1.385889e+003	9.849393e-007	
1.385895e+003	9.995471e-007	
1.385900e+003	1.014817e-006	
1.385906e+003	1.031260e-006	
1.385912e+003	1.048218e-006	
1.385918e+003	1.065177e-006	
1.385924e+003	1.082135e-006	
1.385930e+003	1.099092e-006	
1.385936e+003	1.116051e-006	
1.385941e+003	1.133008e-006	
1.385947e+003	1.149966e-006	
1.385953e+003	1.166924e-006	
1.385959e+003	1.183882e-006	
1.385965e+003	1.200841e-006	
1.385971e+003	1.217812e-006	
1.385977e+003	1.234805e-006	
1.385982e+003	1.251806e-006	
1.385988e+003	1.268807e-006	
1.385994e+003	1.285809e-006	
1.386000e+003	1.303015e-006	
1.386006e+003	1.320631e-006	
1.386012e+003	1.338453e-006	
1.386018e+003	1.356274e-006	
1.386023e+003	1.374096e-006	
1.386029e+003	1.391918e-006	
1.386035e+003	1.409740e-006	
1.386041e+003	1.427561e-006	
1.386047e+003	1.445382e-006	
1.386053e+003	1.463203e-006	
1.386059e+003	1.481024e-006	
1.386064e+003	1.498845e-006	
1.386070e+003	1.516683e-006	
1.386076e+003	1.534550e-006	
1.386082e+003	1.552429e-006	
1.386088e+003	1.570309e-006	
1.386094e+003	1.588187e-006	
1.386100e+003	1.605853e-006	
1.386105e+003	1.623033e-006	
1.386111e+003	1.639939e-006	
1.386117e+003	1.656846e-006	
1.386123e+003	1.673752e-006	
1.386129e+003	1.690658e-006	
1.386135e+003	1.707565e-006	
1.386141e+003	1.724471e-006	
1.386146e+003	1.741377e-006	
1.386152e+003	1.758284e-006	
1.386158e+003	1.775190e-006	
1.386164e+003	1.792096e-006	
1.386170e+003	1.809018e-006	
1.386176e+003	1.825976e-006	
1.386182e+003	1.842954e-006	
1.386188e+003	1.859930e-006	
1.386193e+003	1.876906e-006	
1.386199e+003	1.893475e-006	
1.386205e+003	1.908981e-006	
1.386211e+003	1.923813e-006	
1.386217e+003	1.938643e-006	
1.386223e+003	1.953474e-006	
1.386229e+003	1.968305e-006	
1.386234e+003	1.983136e-006	
1.386240e+003	1.997966e-006	
1.386246e+003	2.012797e-006	
1.386252e+003	2.027628e-006	
1.386258e+003	2.042459e-006	
1.386264e+003	2.057290e-006	
1.386270e+003	2.072137e-006	
1.386275e+003	2.087021e-006	
1.386281e+003	2.101928e-006	
1.386287e+003	2.116834e-006	
1.386293e+003	2.131741e-006	
1.386299e+003	2.146351e-006	
1.386305e+003	2.159989e-006	
1.386311e+003	2.172922e-006	
1.386316e+003	2.185853e-006	
1.386322e+003	2.198785e-006	
1.386328e+003	2.211716e-006	
1.386334e+003	2.224648e-006	
1.386340e+003	2.237580e-006	
1.386346e+003	2.250512e-006	
1.386352e+003	2.263444e-006	
1.386357e+003	2.276374e-006	
1.386363e+003	2.289306e-006	
1.386369e+003	2.302250e-006	
1.386375e+003	2.315228e-006	
1.386381e+003	2.328228e-006	
1.386387e+003	2.341229e-006	
1.386393e+003	2.354228e-006	
1.386398e+003	2.367125e-006	
1.386404e+003	2.379616e-006	
1.386410e+003	2.391775e-006	
1.386416e+003	2.403933e-006	
1.386422e+003	2.416091e-006	
1.386428e+003	2.428248e-006	
1.386434e+003	2.440406e-006	
1.386439e+003	2.452565e-006	
1.386445e+003	2.464724e-006	
1.386451e+003	2.476882e-006	
1.386457e+003	2.489041e-006	
1.386463e+003	2.501198e-006	
1.386469e+003	2.513363e-006	
1.386475e+003	2.525552e-006	
1.386480e+003	2.537759e-006	
1.386486e+003	2.549966e-006	
1.386492e+003	2.562173e-006	
1.386498e+003	2.574383e-006	
1.386504e+003	2.586611e-006	
1.386510e+003	2.598859e-006	
1.386516e+003	2.611108e-006	
1.386521e+003	2.623356e-006	
1.386527e+003	2.635604e-006	
1.386533e+003	2.647852e-006	
1.386539e+003	2.660099e-006	
1.386545e+003	2.672347e-006	
1.386551e+003	2.684596e-006	
1.386557e+003	2.696844e-006	
1.386562e+003	2.709092e-006	
1.386568e+003	2.721342e-006	
1.386574e+003	2.733600e-006	
1.386580e+003	2.745862e-006	
1.386586e+003	2.758127e-006	
1.386592e+003	2.770392e-006	
1.386598e+003	2.782597e-006	
1.386604e+003	2.794393e-006	
1.386609e+003	2.805784e-006	
1.386615e+003	2.817175e-006	
1.386621e+003	2.828565e-006	
1.386627e+003	2.839957e-006	
1.386633e+003	2.851349e-006	
1.386639e+003	2.862740e-006	
1.386645e+003	2.874132e-006	
1.386650e+003	2.885524e-006	
1.386656e+003	2.896915e-006	
1.386662e+003	2.908304e-006	
1.386668e+003	2.919696e-006	
1.386674e+003	2.931078e-006	
1.386680e+003	2.942453e-006	
1.386686e+003	2.953831e-006	
1.386691e+003	2.965209e-006	
1.386697e+003	2.976405e-006	
1.386703e+003	2.985795e-006	
1.386709e+003	2.993165e-006	
1.386715e+003	3.000534e-006	
1.386721e+003	3.007904e-006	
1.386727e+003	3.015274e-006	
1.386732e+003	3.022643e-006	
1.386738e+003	3.030012e-006	
1.386744e+003	3.037381e-006	
1.386750e+003	3.044750e-006	
1.386756e+003	3.052118e-006	
1.386762e+003	3.059487e-006	
1.386768e+003	3.066849e-006	
1.386773e+003	3.074201e-006	
1.386779e+003	3.081536e-006	
1.386785e+003	3.088870e-006	
1.386791e+003	3.096204e-006	
1.386797e+003	3.103465e-006	
1.386803e+003	3.107177e-006	
1.386809e+003	3.106447e-006	
1.386814e+003	3.105717e-006	
1.386820e+003	3.104986e-006	
1.386826e+003	3.104256e-006	
1.386832e+003	3.103525e-006	
1.386838e+003	3.102794e-006	
1.386844e+003	3.102063e-006	
1.386850e+003	3.101333e-006	
1.386855e+003	3.100601e-006	
1.386861e+003	3.099869e-006	
1.386867e+003	3.099134e-006	
1.386873e+003	3.098385e-006	
1.386879e+003	3.097615e-006	
1.386885e+003	3.096845e-006	
1.386891e+003	3.096075e-006	
1.386896e+003	3.095305e-006	
1.386902e+003	3.090136e-006	
1.386908e+003	3.078717e-006	
1.386914e+003	3.067167e-006	
1.386920e+003	3.055616e-006	
1.386926e+003	3.044066e-006	
1.386932e+003	3.032515e-006	
1.386938e+003	3.020964e-006	
1.386943e+003	3.009412e-006	
1.386949e+003	2.997862e-006	
1.386955e+003	2.986311e-006	
1.386961e+003	2.974759e-006	
1.386967e+003	2.963207e-006	
1.386973e+003	2.951635e-006	
1.386979e+003	2.940043e-006	
1.386984e+003	2.928458e-006	
1.386990e+003	2.916867e-006	
1.386996e+003	2.905275e-006	
1.387002e+003	2.889755e-006	
1.387008e+003	2.868378e-006	
1.387014e+003	2.846504e-006	
1.387020e+003	2.824629e-006	
1.387025e+003	2.802754e-006	
1.387031e+003	2.780879e-006	
1.387037e+003	2.759004e-006	
1.387043e+003	2.737129e-006	
1.387049e+003	2.715254e-006	
1.387055e+003	2.693379e-006	
1.387061e+003	2.671504e-006	
1.387066e+003	2.649628e-006	
1.387072e+003	2.627731e-006	
1.387078e+003	2.605804e-006	
1.387084e+003	2.583879e-006	
1.387090e+003	2.561953e-006	
1.387096e+003	2.540027e-006	
1.387102e+003	2.515775e-006	
1.387107e+003	2.487870e-006	
1.387113e+003	2.459408e-006	
1.387119e+003	2.430946e-006	
1.387125e+003	2.402484e-006	
1.387131e+003	2.374022e-006	
1.387137e+003	2.345560e-006	
1.387143e+003	2.317099e-006	
1.387148e+003	2.288637e-006	
1.387154e+003	2.260174e-006	
1.387160e+003	2.231711e-006	
1.387166e+003	2.203249e-006	
1.387172e+003	2.174756e-006	
1.387178e+003	2.146212e-006	
1.387184e+003	2.117663e-006	
1.387189e+003	2.089115e-006	
1.387195e+003	2.060566e-006	
1.387201e+003	2.031626e-006	
1.387207e+003	2.001999e-006	
1.387213e+003	1.972233e-006	
1.387219e+003	1.942466e-006	
1.387225e+003	1.912700e-006	
1.387230e+003	1.882935e-006	
1.387236e+003	1.853168e-006	
1.387242e+003	1.823403e-006	
1.387248e+003	1.793637e-006	
1.387254e+003	1.763871e-006	
1.387260e+003	1.734105e-006	
1.387266e+003	1.704338e-006	
1.387271e+003	1.674522e-006	
1.387277e+003	1.644620e-006	
1.387283e+003	1.614707e-006	
1.387289e+003	1.584794e-006	
1.387295e+003	1.554881e-006	
1.387301e+003	1.525933e-006	
1.387307e+003	1.498818e-006	
1.387312e+003	1.472247e-006	
1.387318e+003	1.445676e-006	
1.387324e+003	1.419106e-006	
1.387330e+003	1.392536e-006	
1.387336e+003	1.365965e-006	
1.387342e+003	1.339395e-006	
1.387348e+003	1.312825e-006	
1.387354e+003	1.286255e-006	
1.387359e+003	1.259685e-006	
1.387365e+003	1.233115e-006	
1.387371e+003	1.206479e-006	
1.387377e+003	1.179725e-006	
1.387383e+003	1.152945e-006	
1.387389e+003	1.126165e-006	
1.387395e+003	1.099386e-006	
1.387400e+003	1.074142e-006	
1.387406e+003	1.052158e-006	
1.387412e+003	1.031339e-006	
1.387418e+003	1.010519e-006	
1.387424e+003	9.896986e-007	
1.387430e+003	9.688796e-007	
1.387436e+003	9.480603e-007	
1.387441e+003	9.272410e-007	
1.387447e+003	9.064218e-007	
1.387453e+003	8.856027e-007	
1.387459e+003	8.647834e-007	
1.387465e+003	8.439642e-007	
1.387471e+003	8.230775e-007	
1.387477e+003	8.020561e-007	
1.387482e+003	7.809974e-007	
1.387488e+003	7.599386e-007	
1.387494e+003	7.388798e-007	
1.387500e+003	7.193019e-007	
1.387506e+003	7.030800e-007	
1.387512e+003	6.883390e-007	
1.387518e+003	6.735979e-007	
1.387523e+003	6.588567e-007	
1.387529e+003	6.441157e-007	
1.387535e+003	6.293744e-007	
1.387541e+003	6.146333e-007	
1.387547e+003	5.998917e-007	
1.387553e+003	5.851505e-007	
1.387559e+003	5.704091e-007	
1.387564e+003	5.556681e-007	
1.387570e+003	5.408710e-007	
1.387576e+003	5.259548e-007	
1.387582e+003	5.109960e-007	
1.387588e+003	4.960372e-007	
1.387594e+003	4.810783e-007	
1.387600e+003	4.672278e-007	
1.387605e+003	4.560868e-007	
1.387611e+003	4.463824e-007	
1.387617e+003	4.366781e-007	
1.387623e+003	4.269738e-007	
1.387629e+003	4.172694e-007	
1.387635e+003	4.075651e-007	
1.387641e+003	3.978607e-007	
1.387646e+003	3.881563e-007	
1.387652e+003	3.784519e-007	
1.387658e+003	3.687475e-007	
1.387664e+003	3.590431e-007	
1.387670e+003	3.493068e-007	
1.387676e+003	3.394931e-007	
1.387682e+003	3.296445e-007	
1.387688e+003	3.197958e-007	
1.387693e+003	3.099472e-007	
1.387699e+003	3.007838e-007	
1.387705e+003	2.935005e-007	
1.387711e+003	2.873671e-007	
1.387717e+003	2.812337e-007	
1.387723e+003	2.751003e-007	
1.387729e+003	2.689669e-007	
1.387734e+003	2.628335e-007	
1.387740e+003	2.567000e-007	
1.387746e+003	2.505666e-007	
1.387752e+003	2.444332e-007	
1.387758e+003	2.383000e-007	
1.387764e+003	2.321665e-007	
1.387770e+003	2.260248e-007	
1.387775e+003	2.198613e-007	
1.387781e+003	2.136860e-007	
1.387787e+003	2.075108e-007	
1.387793e+003	2.013355e-007	
1.387799e+003	1.955190e-007	
1.387805e+003	1.908179e-007	
1.387811e+003	1.869580e-007	
1.387816e+003	1.830981e-007	
1.387822e+003	1.792382e-007	
1.387828e+003	1.753783e-007	
1.387834e+003	1.715184e-007	
1.387840e+003	1.676584e-007	
1.387846e+003	1.637985e-007	
1.387852e+003	1.599386e-007	
1.387857e+003	1.560786e-007	
1.387863e+003	1.522187e-007	
1.387869e+003	1.483684e-007	
1.387875e+003	1.445458e-007	
1.387881e+003	1.407409e-007	
1.387887e+003	1.369360e-007	
1.387893e+003	1.331310e-007	
1.387898e+003	1.295025e-007	
1.387904e+003	1.264941e-007	
1.387910e+003	1.240228e-007	
1.387916e+003	1.215516e-007	
1.387922e+003	1.190803e-007	
1.387928e+003	1.166091e-007	
1.387934e+003	1.141378e-007	
1.387939e+003	1.116666e-007	
1.387945e+003	1.091953e-007	
1.387951e+003	1.067241e-007	
1.387957e+003	1.042528e-007	
1.387963e+003	1.017815e-007	
1.387969e+003	9.932850e-008	
1.387975e+003	9.693367e-008	
1.387980e+003	9.458219e-008	
1.387986e+003	9.223071e-008	
1.387992e+003	8.987924e-008	
1.387998e+003	8.760881e-008	
1.388004e+003	8.566259e-008	
1.388010e+003	8.404056e-008	
1.388016e+003	8.241855e-008	
1.388021e+003	8.079653e-008	
1.388027e+003	7.917450e-008	
1.388033e+003	7.755247e-008	
1.388039e+003	7.593044e-008	
1.388045e+003	7.430841e-008	
1.388051e+003	7.268639e-008	
1.388057e+003	7.106433e-008	
1.388062e+003	6.944232e-008	
1.388068e+003	6.783962e-008	
1.388074e+003	6.630475e-008	
1.388080e+003	6.482870e-008	
1.388086e+003	6.335259e-008	
1.388092e+003	6.187648e-008	
1.388098e+003	6.043641e-008	
1.388104e+003	5.916544e-008	
1.388109e+003	5.808852e-008	
1.388115e+003	5.701159e-008	
1.388121e+003	5.593467e-008	
1.388127e+003	5.485775e-008	
1.388133e+003	5.378081e-008	
1.388139e+003	5.270387e-008	
1.388145e+003	5.162689e-008	
1.388150e+003	5.054996e-008	
1.388156e+003	4.947304e-008	
1.388162e+003	4.839612e-008	
1.388168e+003	4.733338e-008	
1.388174e+003	4.633008e-008	
1.388180e+003	4.538910e-008	
1.388186e+003	4.444813e-008	
1.388191e+003	4.350714e-008	
1.388197e+003	4.258216e-008	
1.388203e+003	4.174623e-008	
1.388209e+003	4.102875e-008	
1.388215e+003	4.031126e-008	
1.388221e+003	3.959380e-008	
1.388227e+003	3.887632e-008	
1.388232e+003	3.815885e-008	
1.388238e+003	3.744138e-008	
1.388244e+003	3.672393e-008	
1.388250e+003	3.600645e-008	
1.388256e+003	3.528897e-008	
1.388262e+003	3.457150e-008	
1.388268e+003	3.386334e-008	
1.388273e+003	3.320079e-008	
1.388279e+003	3.259343e-008	
1.388285e+003	3.198607e-008	
1.388291e+003	3.137877e-008	
1.388297e+003	3.077696e-008	
1.388303e+003	3.021987e-008	
1.388309e+003	2.973431e-008	
1.388314e+003	2.924874e-008	
1.388320e+003	2.876317e-008	
1.388326e+003	2.827761e-008	
1.388332e+003	2.779204e-008	
1.388338e+003	2.730648e-008	
1.388344e+003	2.682092e-008	
1.388350e+003	2.633535e-008	
1.388355e+003	2.584979e-008	
1.388361e+003	2.536422e-008	
1.388367e+003	2.488378e-008	
1.388373e+003	2.443403e-008	
1.388379e+003	2.402708e-008	
1.388385e+003	2.362014e-008	
1.388391e+003	2.321320e-008	
1.388396e+003	2.280854e-008	
1.388402e+003	2.242876e-008	
1.388408e+003	2.209611e-008	
1.388414e+003	2.176347e-008	
1.388420e+003	2.143083e-008	
1.388426e+003	2.109818e-008	
1.388432e+003	2.076554e-008	
1.388438e+003	2.043290e-008	
1.388443e+003	2.010026e-008	
1.388449e+003	1.976760e-008	
1.388455e+003	1.943496e-008	
1.388461e+003	1.910233e-008	
1.388467e+003	1.877218e-008	
1.388473e+003	1.846057e-008	
1.388479e+003	1.817924e-008	
1.388484e+003	1.789792e-008	
1.388490e+003	1.761659e-008	
1.388496e+003	1.733593e-008	
1.388502e+003	1.707219e-008	
1.388508e+003	1.684561e-008	
1.388514e+003	1.661903e-008	
1.388520e+003	1.639245e-008	
1.388525e+003	1.616587e-008	
1.388531e+003	1.593929e-008	
1.388537e+003	1.571271e-008	
1.388543e+003	1.548613e-008	
1.388549e+003	1.525954e-008	
1.388555e+003	1.503296e-008	
1.388561e+003	1.480637e-008	
1.388566e+003	1.458075e-008	
1.388572e+003	1.436566e-008	
1.388578e+003	1.417055e-008	
1.388584e+003	1.397542e-008	
1.388590e+003	1.378030e-008	
1.388596e+003	1.358518e-008	
1.388602e+003	1.340077e-008	
1.388607e+003	1.324250e-008	
1.388613e+003	1.308477e-008	
1.388619e+003	1.292704e-008	
1.388625e+003	1.276931e-008	
1.388631e+003	1.261158e-008	
1.388637e+003	1.245385e-008	
1.388643e+003	1.229612e-008	
1.388648e+003	1.213839e-008	
1.388654e+003	1.198066e-008	
1.388660e+003	1.182293e-008	
1.388666e+003	1.166541e-008	
1.388672e+003	1.151324e-008	
1.388678e+003	1.137395e-008	
1.388684e+003	1.123466e-008	
1.388689e+003	1.109537e-008	
1.388695e+003	1.095608e-008	
1.388701e+003	1.082260e-008	
1.388707e+003	1.070517e-008	
1.388713e+003	1.058878e-008	
1.388719e+003	1.047239e-008	
1.388725e+003	1.035600e-008	
1.388730e+003	1.023962e-008	
1.388736e+003	1.012323e-008	
1.388742e+003	1.000685e-008	
1.388748e+003	9.890462e-009	
1.388754e+003	9.774068e-009	
1.388760e+003	9.657681e-009	
1.388766e+003	9.541290e-009	
1.388771e+003	9.427731e-009	
1.388777e+003	9.321835e-009	
1.388783e+003	9.216101e-009	
1.388789e+003	9.110369e-009	
1.388795e+003	9.004637e-009	
1.388801e+003	8.905940e-009	
1.388807e+003	8.827395e-009	
1.388812e+003	8.752085e-009	
1.388818e+003	8.676775e-009	
1.388824e+003	8.601468e-009	
1.388830e+003	8.526161e-009	
1.388836e+003	8.450855e-009	
1.388842e+003	8.375549e-009	
1.388848e+003	8.300241e-009	
1.388854e+003	8.224935e-009	
1.388859e+003	8.149629e-009	
1.388865e+003	8.074323e-009	
1.388871e+003	8.000608e-009	
1.388877e+003	7.931316e-009	
1.388883e+003	7.862414e-009	
1.388889e+003	7.793513e-009	
1.388895e+003	7.724611e-009	
1.388900e+003	7.656640e-009	
1.388906e+003	7.591671e-009	
1.388912e+003	7.527346e-009	
1.388918e+003	7.463022e-009	
1.388924e+003	7.398699e-009	
1.388930e+003	7.334374e-009	
1.388936e+003	7.270050e-009	
1.388941e+003	7.205725e-009	
1.388947e+003	7.141400e-009	
1.388953e+003	7.077078e-009	
1.388959e+003	7.012753e-009	
1.388965e+003	6.948426e-009	
1.388971e+003	6.884965e-009	
1.388977e+003	6.824207e-009	
1.388982e+003	6.763824e-009	
1.388988e+003	6.703435e-009	
1.388994e+003	6.643049e-009	
1.389000e+003	6.582793e-009	
1.389006e+003	6.522976e-009	
1.389012e+003	6.463292e-009	
1.389018e+003	6.403605e-009	
1.389023e+003	6.343919e-009	
1.389029e+003	6.284234e-009	
1.389035e+003	6.224548e-009	
1.389041e+003	6.164883e-009	
1.389047e+003	6.105196e-009	
1.389053e+003	6.045510e-009	
1.389059e+003	5.985823e-009	
1.389064e+003	5.926137e-009	
1.389070e+003	5.866910e-009	
1.389076e+003	5.809163e-009	
1.389082e+003	5.751735e-009	
1.389088e+003	5.694306e-009	
1.389094e+003	5.636877e-009	
1.389100e+003	5.580580e-009	
1.389105e+003	5.528186e-009	
1.389111e+003	5.477335e-009	
1.389117e+003	5.426483e-009	
1.389123e+003	5.375632e-009	
1.389129e+003	5.324780e-009	
1.389135e+003	5.273929e-009	
1.389141e+003	5.223077e-009	
1.389146e+003	5.172226e-009	
1.389152e+003	5.121374e-009	
1.389158e+003	5.070522e-009	
1.389164e+003	5.019670e-009	
1.389170e+003	4.969076e-009	
1.389176e+003	4.919430e-009	
1.389182e+003	4.870070e-009	
1.389188e+003	4.820712e-009	
1.389193e+003	4.771353e-009	
1.389199e+003	4.724562e-009	
1.389205e+003	4.687812e-009	
1.389211e+003	4.655796e-009	
1.389217e+003	4.623779e-009	
1.389223e+003	4.591763e-009	
1.389229e+003	4.559748e-009	
1.389234e+003	4.527732e-009	
1.389240e+003	4.495716e-009	
1.389246e+003	4.463701e-009	
1.389252e+003	4.431684e-009	
1.389258e+003	4.399667e-009	
1.389264e+003	4.367651e-009	
1.389270e+003	4.335793e-009	
1.389275e+003	4.304535e-009	
1.389281e+003	4.273519e-009	
1.389287e+003	4.242504e-009	
1.389293e+003	4.211488e-009	
1.389299e+003	4.180731e-009	
1.389305e+003	4.151048e-009	
1.389311e+003	4.122043e-009	
1.389316e+003	4.093040e-009	
1.389322e+003	4.064036e-009	
1.389328e+003	4.035032e-009	
1.389334e+003	4.006027e-009	
1.389340e+003	3.977023e-009	
1.389346e+003	3.948018e-009	
1.389352e+003	3.919014e-009	
1.389357e+003	3.890009e-009	
1.389363e+003	3.861004e-009	
1.389369e+003	3.832138e-009	
1.389375e+003	3.803822e-009	
1.389381e+003	3.775787e-009	
1.389387e+003	3.747751e-009	
1.389393e+003	3.719716e-009	
1.389398e+003	3.691681e-009	
1.389404e+003	3.663652e-009	
1.389410e+003	3.635627e-009	
1.389416e+003	3.607603e-009	
1.389422e+003	3.579578e-009	
1.389428e+003	3.551555e-009	
1.389434e+003	3.523530e-009	
1.389439e+003	3.495504e-009	
1.389445e+003	3.467480e-009	
1.389451e+003	3.439455e-009	
1.389457e+003	3.411430e-009	
1.389463e+003	3.383406e-009	
1.389469e+003	3.355450e-009	
1.389475e+003	3.327802e-009	
1.389480e+003	3.300339e-009	
1.389486e+003	3.272878e-009	
1.389492e+003	3.245416e-009	
1.389498e+003	3.218495e-009	
1.389504e+003	3.194263e-009	
1.389510e+003	3.172457e-009	
1.389516e+003	3.150649e-009	
1.389521e+003	3.128842e-009	
1.389527e+003	3.107036e-009	
1.389533e+003	3.085229e-009	
1.389539e+003	3.063423e-009	
1.389545e+003	3.041615e-009	
1.389551e+003	3.019800e-009	
1.389557e+003	2.997994e-009	
1.389562e+003	2.976187e-009	
1.389568e+003	2.954454e-009	
1.389574e+003	2.933076e-009	
1.389580e+003	2.911958e-009	
1.389586e+003	2.890840e-009	
1.389592e+003	2.869723e-009	
1.389598e+003	2.849005e-009	
1.389604e+003	2.830415e-009	
1.389609e+003	2.814141e-009	
1.389615e+003	2.797869e-009	
1.389621e+003	2.781595e-009	
1.389627e+003	2.765323e-009	
1.389633e+003	2.749051e-009	
1.389639e+003	2.732777e-009	
1.389645e+003	2.716505e-009	
1.389650e+003	2.700233e-009	
1.389656e+003	2.683960e-009	
1.389662e+003	2.667687e-009	
1.389668e+003	2.651428e-009	
1.389674e+003	2.635242e-009	
1.389680e+003	2.619124e-009	
1.389686e+003	2.603006e-009	
1.389691e+003	2.586888e-009	
1.389697e+003	2.570819e-009	
1.389703e+003	2.555057e-009	
1.389709e+003	2.539688e-009	
1.389715e+003	2.524318e-009	
1.389721e+003	2.508949e-009	
1.389727e+003	2.493581e-009	
1.389732e+003	2.478212e-009	
1.389738e+003	2.462843e-009	
1.389744e+003	2.447474e-009	
1.389750e+003	2.432104e-009	
1.389756e+003	2.416735e-009	
1.389762e+003	2.401366e-009	
1.389768e+003	2.386005e-009	
1.389773e+003	2.370683e-009	
1.389779e+003	2.355407e-009	
1.389785e+003	2.340133e-009	
1.389791e+003	2.324858e-009	
1.389797e+003	2.309581e-009	
1.389803e+003	2.294295e-009	
1.389809e+003	2.278993e-009	
1.389814e+003	2.263691e-009	
1.389820e+003	2.248389e-009	
1.389826e+003	2.233088e-009	
1.389832e+003	2.217786e-009	
1.389838e+003	2.202484e-009	
1.389844e+003	2.187182e-009	
1.389850e+003	2.171880e-009	
1.389855e+003	2.156579e-009	
1.389861e+003	2.141276e-009	
1.389867e+003	2.125977e-009	
1.389873e+003	2.110689e-009	
1.389879e+003	2.095419e-009	
1.389885e+003	2.080148e-009	
1.389891e+003	2.064877e-009	
1.389896e+003	2.049765e-009	
1.389902e+003	2.035971e-009	
1.389908e+003	2.024831e-009	
1.389914e+003	2.013691e-009	
1.389920e+003	2.002551e-009	
1.389926e+003	1.991411e-009	
1.389932e+003	1.980271e-009	
1.389938e+003	1.969131e-009	
1.389943e+003	1.957991e-009	
1.389949e+003	1.946851e-009	
1.389955e+003	1.935711e-009	
1.389961e+003	1.924572e-009	
1.389967e+003	1.913447e-009	
1.389973e+003	1.902435e-009	
1.389979e+003	1.891608e-009	
1.389984e+003	1.880780e-009	
1.389990e+003	1.869952e-009	
1.389996e+003	1.859159e-009	
1.390002e+003	1.848711e-009	
1.390008e+003	1.839123e-009	
1.390014e+003	1.829536e-009	
1.390020e+003	1.819948e-009	
1.390025e+003	1.810360e-009	
1.390031e+003	1.800772e-009	
1.390037e+003	1.791185e-009	
1.390043e+003	1.781597e-009	
1.390049e+003	1.772009e-009	
1.390055e+003	1.762421e-009	
1.390061e+003	1.752833e-009	
1.390066e+003	1.743258e-009	
1.390072e+003	1.733782e-009	
1.390078e+003	1.724508e-009	
1.390084e+003	1.715233e-009	
1.390090e+003	1.705959e-009	
1.390096e+003	1.696688e-009	
1.390102e+003	1.687461e-009	
1.390107e+003	1.678376e-009	
1.390113e+003	1.669290e-009	
1.390119e+003	1.660205e-009	
1.390125e+003	1.651120e-009	
1.390131e+003	1.642035e-009	
1.390137e+003	1.632949e-009	
1.390143e+003	1.623864e-009	
1.390148e+003	1.614778e-009	
1.390154e+003	1.605693e-009	
1.390160e+003	1.596608e-009	
1.390166e+003	1.587522e-009	
1.390172e+003	1.578427e-009	
1.390178e+003	1.569310e-009	
1.390184e+003	1.560193e-009	
1.390189e+003	1.551075e-009	
1.390195e+003	1.541961e-009	
1.390201e+003	1.532924e-009	
1.390207e+003	1.524205e-009	
1.390213e+003	1.515486e-009	
1.390219e+003	1.506768e-009	
1.390225e+003	1.498050e-009	
1.390230e+003	1.489331e-009	
1.390236e+003	1.480613e-009	
1.390242e+003	1.471894e-009	
1.390248e+003	1.463176e-009	
1.390254e+003	1.454457e-009	
1.390260e+003	1.445738e-009	
1.390266e+003	1.437021e-009	
1.390271e+003	1.428317e-009	
1.390277e+003	1.419661e-009	
1.390283e+003	1.411005e-009	
1.390289e+003	1.402349e-009	
1.390295e+003	1.393693e-009	
1.390301e+003	1.385351e-009	
1.390307e+003	1.378850e-009	
1.390312e+003	1.372389e-009	
1.390318e+003	1.365927e-009	
1.390324e+003	1.359466e-009	
1.390330e+003	1.353005e-009	
1.390336e+003	1.346544e-009	
1.390342e+003	1.340082e-009	
1.390348e+003	1.333621e-009	
1.390354e+003	1.327160e-009	
1.390359e+003	1.320698e-009	
1.390365e+003	1.314238e-009	
1.390371e+003	1.307793e-009	
1.390377e+003	1.301426e-009	
1.390383e+003	1.295059e-009	
1.390389e+003	1.288691e-009	
1.390395e+003	1.282323e-009	
1.390400e+003	1.276007e-009	
1.390406e+003	1.270053e-009	
1.390412e+003	1.264123e-009	
1.390418e+003	1.258192e-009	
1.390424e+003	1.252263e-009	
1.390430e+003	1.246332e-009	
1.390436e+003	1.240402e-009	
1.390441e+003	1.234472e-009	
1.390447e+003	1.228541e-009	
1.390453e+003	1.222611e-009	
1.390459e+003	1.216681e-009	
1.390465e+003	1.210751e-009	
1.390471e+003	1.204840e-009	
1.390477e+003	1.199066e-009	
1.390482e+003	1.193292e-009	
1.390488e+003	1.187518e-009	
1.390494e+003	1.181744e-009	
1.390500e+003	1.175971e-009	
1.390506e+003	1.170202e-009	
1.390512e+003	1.164435e-009	
1.390518e+003	1.158667e-009	
1.390523e+003	1.152899e-009	
1.390529e+003	1.147131e-009	
1.390535e+003	1.141364e-009	
1.390541e+003	1.135596e-009	
1.390547e+003	1.129828e-009	
1.390553e+003	1.124060e-009	
1.390559e+003	1.118293e-009	
1.390564e+003	1.112525e-009	
1.390570e+003	1.106757e-009	
1.390576e+003	1.100990e-009	
1.390582e+003	1.095223e-009	
1.390588e+003	1.089455e-009	
1.390594e+003	1.083688e-009	
1.390600e+003	1.077987e-009	
1.390605e+003	1.072757e-009	
1.390611e+003	1.067634e-009	
1.390617e+003	1.062510e-009	
1.390623e+003	1.057386e-009	
1.390629e+003	1.052263e-009	
1.390635e+003	1.047139e-009	
1.390641e+003	1.042016e-009	
1.390646e+003	1.036892e-009	
1.390652e+003	1.031769e-009	
1.390658e+003	1.026645e-009	
1.390664e+003	1.021521e-009	
1.390670e+003	1.016398e-009	
1.390676e+003	1.011274e-009	
1.390682e+003	1.006149e-009	
1.390688e+003	1.001025e-009	
1.390693e+003	9.959017e-010	
1.390699e+003	9.908526e-010	
1.390705e+003	9.864703e-010	
1.390711e+003	9.822805e-010	
1.390717e+003	9.780901e-010	
1.390723e+003	9.738997e-010	
1.390729e+003	9.697095e-010	
1.390734e+003	9.655194e-010	
1.390740e+003	9.613290e-010	
1.390746e+003	9.571388e-010	
1.390752e+003	9.529486e-010	
1.390758e+003	9.487582e-010	
1.390764e+003	9.445680e-010	
1.390770e+003	9.403858e-010	
1.390775e+003	9.362734e-010	
1.390781e+003	9.321769e-010	
1.390787e+003	9.280804e-010	
1.390793e+003	9.239839e-010	
1.390799e+003	9.199015e-010	
1.390805e+003	9.159460e-010	
1.390811e+003	9.120450e-010	
1.390816e+003	9.081443e-010	
1.390822e+003	9.042436e-010	
1.390828e+003	9.003428e-010	
1.390834e+003	8.964421e-010	
1.390840e+003	8.925414e-010	
1.390846e+003	8.886407e-010	
1.390852e+003	8.847397e-010	
1.390857e+003	8.808389e-010	
1.390863e+003	8.769381e-010	
1.390869e+003	8.730397e-010	
1.390875e+003	8.691633e-010	
1.390881e+003	8.652937e-010	
1.390887e+003	8.614241e-010	
1.390893e+003	8.575545e-010	
1.390898e+003	8.536850e-010	
1.390904e+003	8.498156e-010	
1.390910e+003	8.459460e-010	
1.390916e+003	8.420766e-010	
1.390922e+003	8.382071e-010	
1.390928e+003	8.343374e-010	
1.390934e+003	8.304679e-010	
1.390939e+003	8.265985e-010	
1.390945e+003	8.227289e-010	
1.390951e+003	8.188594e-010	
1.390957e+003	8.149900e-010	
1.390963e+003	8.111203e-010	
1.390969e+003	8.072508e-010	
1.390975e+003	8.033814e-010	
1.390980e+003	7.995117e-010	
1.390986e+003	7.956422e-010	
1.390992e+003	7.917727e-010	
1.390998e+003	7.879349e-010	
1.391004e+003	7.844708e-010	
1.391010e+003	7.812572e-010	
1.391016e+003	7.780432e-010	
1.391021e+003	7.748296e-010	
1.391027e+003	7.716159e-010	
1.391033e+003	7.684022e-010	
1.391039e+003	7.651885e-010	
1.391045e+003	7.619745e-010	
1.391051e+003	7.587609e-010	
1.391057e+003	7.555472e-010	
1.391062e+003	7.523334e-010	
1.391068e+003	7.491229e-010	
1.391074e+003	7.459516e-010	
1.391080e+003	7.428006e-010	
1.391086e+003	7.396496e-010	
1.391092e+003	7.364987e-010	
1.391098e+003	7.333634e-010	
1.391104e+003	7.304168e-010	
1.391109e+003	7.276302e-010	
1.391115e+003	7.248435e-010	
1.391121e+003	7.220567e-010	
1.391127e+003	7.192701e-010	
1.391133e+003	7.164834e-010	
1.391139e+003	7.136967e-010	
1.391145e+003	7.109101e-010	
1.391150e+003	7.081232e-010	
1.391156e+003	7.053367e-010	
1.391162e+003	7.025499e-010	
1.391168e+003	6.997621e-010	
1.391174e+003	6.969562e-010	
1.391180e+003	6.941380e-010	
1.391186e+003	6.913199e-010	
1.391191e+003	6.885018e-010	
1.391197e+003	6.856858e-010	
1.391203e+003	6.829067e-010	
1.391209e+003	6.801645e-010	
1.391215e+003	6.774223e-010	
1.391221e+003	6.746799e-010	
1.391227e+003	6.719378e-010	
1.391232e+003	6.691955e-010	
1.391238e+003	6.664533e-010	
1.391244e+003	6.637112e-010	
1.391250e+003	6.609688e-010	
1.391256e+003	6.582268e-010	
1.391262e+003	6.554845e-010	
1.391268e+003	6.527453e-010	
1.391273e+003	6.500548e-010	
1.391279e+003	6.474062e-010	
1.391285e+003	6.447578e-010	
1.391291e+003	6.421094e-010	
1.391297e+003	6.394612e-010	
1.391303e+003	6.368165e-010	
1.391309e+003	6.341771e-010	
1.391314e+003	6.315377e-010	
1.391320e+003	6.288983e-010	
1.391326e+003	6.262589e-010	
1.391332e+003	6.236195e-010	
1.391338e+003	6.209802e-010	
1.391344e+003	6.183409e-010	
1.391350e+003	6.157013e-010	
1.391355e+003	6.130619e-010	
1.391361e+003	6.104226e-010	
1.391367e+003	6.077815e-010	
1.391373e+003	6.051113e-010	
1.391379e+003	6.024095e-010	
1.391385e+003	5.997077e-010	
1.391391e+003	5.970059e-010	
1.391396e+003	5.943125e-010	
1.391402e+003	5.918281e-010	
1.391408e+003	5.896971e-010	
1.391414e+003	5.875661e-010	
1.391420e+003	5.854351e-010	
1.391426e+003	5.833042e-010	
1.391432e+003	5.811731e-010	
1.391438e+003	5.790420e-010	
1.391443e+003	5.769110e-010	
1.391449e+003	5.747800e-010	
1.391455e+003	5.726491e-010	
1.391461e+003	5.705181e-010	
1.391467e+003	5.683888e-010	
1.391473e+003	5.662991e-010	
1.391479e+003	5.642619e-010	
1.391484e+003	5.622247e-010	
1.391490e+003	5.601873e-010	
1.391496e+003	5.581515e-010	
1.391502e+003	5.561495e-010	
1.391508e+003	5.542216e-010	
1.391514e+003	5.522937e-010	
1.391520e+003	5.503659e-010	
1.391525e+003	5.484380e-010	
1.391531e+003	5.465101e-010	
1.391537e+003	5.445822e-010	
1.391543e+003	5.426543e-010	
1.391549e+003	5.407264e-010	
1.391555e+003	5.387986e-010	
1.391561e+003	5.368708e-010	
1.391566e+003	5.349420e-010	
1.391572e+003	5.329904e-010	
1.391578e+003	5.310002e-010	
1.391584e+003	5.290101e-010	
1.391590e+003	5.270201e-010	
1.391596e+003	5.250301e-010	
1.391602e+003	5.230448e-010	
1.391607e+003	5.210729e-010	
1.391613e+003	5.191009e-010	
1.391619e+003	5.171291e-010	
1.391625e+003	5.151572e-010	
1.391631e+003	5.131853e-010	
1.391637e+003	5.112135e-010	
1.391643e+003	5.092416e-010	
1.391648e+003	5.072697e-010	
1.391654e+003	5.052979e-010	
1.391660e+003	5.033262e-010	
1.391666e+003	5.013547e-010	
1.391672e+003	4.994019e-010	
1.391678e+003	4.974923e-010	
1.391684e+003	4.955829e-010	
1.391689e+003	4.936734e-010	
1.391695e+003	4.917644e-010	
1.391701e+003	4.898802e-010	
1.391707e+003	4.880942e-010	
1.391713e+003	4.863082e-010	
1.391719e+003	4.845221e-010	
1.391725e+003	4.827362e-010	
1.391730e+003	4.809502e-010	
1.391736e+003	4.791642e-010	
1.391742e+003	4.773783e-010	
1.391748e+003	4.755923e-010	
1.391754e+003	4.738064e-010	
1.391760e+003	4.720205e-010	
1.391766e+003	4.702343e-010	
1.391771e+003	4.684407e-010	
1.391777e+003	4.666236e-010	
1.391783e+003	4.648064e-010	
1.391789e+003	4.629892e-010	
1.391795e+003	4.611727e-010	
1.391801e+003	4.593888e-010	
1.391807e+003	4.578428e-010	
1.391812e+003	4.562968e-010	
1.391818e+003	4.547509e-010	
1.391824e+003	4.532049e-010	
1.391830e+003	4.516590e-010	
1.391836e+003	4.501129e-010	
1.391842e+003	4.485671e-010	
1.391848e+003	4.470210e-010	
1.391854e+003	4.454751e-010	
1.391859e+003	4.439292e-010	
1.391865e+003	4.423835e-010	
1.391871e+003	4.408491e-010	
1.391877e+003	4.393657e-010	
1.391883e+003	4.378822e-010	
1.391889e+003	4.363988e-010	
1.391895e+003	4.349154e-010	
1.391900e+003	4.334373e-010	
1.391906e+003	4.320389e-010	
1.391912e+003	4.306405e-010	
1.391918e+003	4.292421e-010	
1.391924e+003	4.278438e-010	
1.391930e+003	4.264454e-010	
1.391936e+003	4.250470e-010	
1.391941e+003	4.236487e-010	
1.391947e+003	4.222503e-010	
1.391953e+003	4.208520e-010	
1.391959e+003	4.194536e-010	
1.391965e+003	4.180552e-010	
1.391971e+003	4.166530e-010	
1.391977e+003	4.152234e-010	
1.391982e+003	4.137938e-010	
1.391988e+003	4.123643e-010	
1.391994e+003	4.109347e-010	
