# format  : curve #1.x (tab) curve #1.y (tab) curve #2.x (tab) curve #2.y (tab) ...
# title   : Simulated Spectrum
# abscissa: Energy [eV]
# ordinate: Intensity [counts]
#==========================================================================================================
# Curve #1 (x,y): Config ##: 1
# Reference: W.S.M. Werner, W. Smekal and C. J. Powell, Simulation of Electron Spectra for Surface Analysis (SESSA V2.0) National Institute of Standards and Technology, Gaithersburg, MD (2010), 
# Reliability: 
# Remarks: 
#==========================================================================================================
1.380000e+003	9.214312e-009	
1.380006e+003	9.220268e-009	
1.380012e+003	9.226323e-009	
1.380018e+003	9.232456e-009	
1.380023e+003	9.238682e-009	
1.380029e+003	9.245017e-009	
1.380035e+003	9.251408e-009	
1.380041e+003	9.257915e-009	
1.380047e+003	9.264506e-009	
1.380053e+003	9.271181e-009	
1.380059e+003	9.277936e-009	
1.380064e+003	9.284777e-009	
1.380070e+003	9.291696e-009	
1.380076e+003	9.298716e-009	
1.380082e+003	9.305811e-009	
1.380088e+003	9.312982e-009	
1.380094e+003	9.320239e-009	
1.380100e+003	9.327610e-009	
1.380105e+003	9.335056e-009	
1.380111e+003	9.342570e-009	
1.380117e+003	9.350158e-009	
1.380123e+003	9.357821e-009	
1.380129e+003	9.365544e-009	
1.380135e+003	9.373345e-009	
1.380141e+003	9.381195e-009	
1.380146e+003	9.389123e-009	
1.380152e+003	9.397114e-009	
1.380158e+003	9.405178e-009	
1.380164e+003	9.413289e-009	
1.380170e+003	9.421480e-009	
1.380176e+003	9.429738e-009	
1.380182e+003	9.438057e-009	
1.380188e+003	9.446443e-009	
1.380193e+003	9.454886e-009	
1.380199e+003	9.463373e-009	
1.380205e+003	9.472419e-009	
1.380211e+003	9.481578e-009	
1.380217e+003	9.490812e-009	
1.380223e+003	9.500110e-009	
1.380229e+003	9.509428e-009	
1.380234e+003	9.518820e-009	
1.380240e+003	9.528261e-009	
1.380246e+003	9.537767e-009	
1.380252e+003	9.547317e-009	
1.380258e+003	9.556917e-009	
1.380264e+003	9.566550e-009	
1.380270e+003	9.576255e-009	
1.380275e+003	9.585976e-009	
1.380281e+003	9.595756e-009	
1.380287e+003	9.605582e-009	
1.380293e+003	9.615460e-009	
1.380299e+003	9.625391e-009	
1.380305e+003	9.636548e-009	
1.380311e+003	9.648045e-009	
1.380316e+003	9.659582e-009	
1.380322e+003	9.671187e-009	
1.380328e+003	9.682842e-009	
1.380334e+003	9.694521e-009	
1.380340e+003	9.706275e-009	
1.380346e+003	9.718034e-009	
1.380352e+003	9.729849e-009	
1.380357e+003	9.741703e-009	
1.380363e+003	9.753594e-009	
1.380369e+003	9.765536e-009	
1.380375e+003	9.777536e-009	
1.380381e+003	9.789572e-009	
1.380387e+003	9.801667e-009	
1.380393e+003	9.813800e-009	
1.380398e+003	9.825960e-009	
1.380404e+003	9.838987e-009	
1.380410e+003	9.852331e-009	
1.380416e+003	9.865723e-009	
1.380422e+003	9.879162e-009	
1.380428e+003	9.892632e-009	
1.380434e+003	9.906143e-009	
1.380439e+003	9.919671e-009	
1.380445e+003	9.933264e-009	
1.380451e+003	9.946870e-009	
1.380457e+003	9.960504e-009	
1.380463e+003	9.974195e-009	
1.380469e+003	9.987899e-009	
1.380475e+003	1.000165e-008	
1.380480e+003	1.001543e-008	
1.380486e+003	1.002922e-008	
1.380492e+003	1.004306e-008	
1.380498e+003	1.005692e-008	
1.380504e+003	1.007087e-008	
1.380510e+003	1.008483e-008	
1.380516e+003	1.009884e-008	
1.380521e+003	1.011288e-008	
1.380527e+003	1.012694e-008	
1.380533e+003	1.014102e-008	
1.380539e+003	1.015514e-008	
1.380545e+003	1.016928e-008	
1.380551e+003	1.018347e-008	
1.380557e+003	1.019769e-008	
1.380562e+003	1.021191e-008	
1.380568e+003	1.022619e-008	
1.380574e+003	1.024047e-008	
1.380580e+003	1.025480e-008	
1.380586e+003	1.026914e-008	
1.380592e+003	1.028352e-008	
1.380598e+003	1.029791e-008	
1.380604e+003	1.031317e-008	
1.380609e+003	1.032892e-008	
1.380615e+003	1.034472e-008	
1.380621e+003	1.036054e-008	
1.380627e+003	1.037641e-008	
1.380633e+003	1.039230e-008	
1.380639e+003	1.040820e-008	
1.380645e+003	1.042413e-008	
1.380650e+003	1.044008e-008	
1.380656e+003	1.045607e-008	
1.380662e+003	1.047208e-008	
1.380668e+003	1.048811e-008	
1.380674e+003	1.050417e-008	
1.380680e+003	1.052028e-008	
1.380686e+003	1.053639e-008	
1.380691e+003	1.055253e-008	
1.380697e+003	1.056869e-008	
1.380703e+003	1.058597e-008	
1.380709e+003	1.060408e-008	
1.380715e+003	1.062223e-008	
1.380721e+003	1.064042e-008	
1.380727e+003	1.065863e-008	
1.380732e+003	1.067688e-008	
1.380738e+003	1.069512e-008	
1.380744e+003	1.071338e-008	
1.380750e+003	1.073169e-008	
1.380756e+003	1.075001e-008	
1.380762e+003	1.076835e-008	
1.380768e+003	1.078672e-008	
1.380773e+003	1.080511e-008	
1.380779e+003	1.082354e-008	
1.380785e+003	1.084196e-008	
1.380791e+003	1.086044e-008	
1.380797e+003	1.087892e-008	
1.380803e+003	1.089786e-008	
1.380809e+003	1.091728e-008	
1.380814e+003	1.093675e-008	
1.380820e+003	1.095624e-008	
1.380826e+003	1.097574e-008	
1.380832e+003	1.099527e-008	
1.380838e+003	1.101482e-008	
1.380844e+003	1.103438e-008	
1.380850e+003	1.105396e-008	
1.380855e+003	1.107356e-008	
1.380861e+003	1.109318e-008	
1.380867e+003	1.111282e-008	
1.380873e+003	1.113249e-008	
1.380879e+003	1.115218e-008	
1.380885e+003	1.117189e-008	
1.380891e+003	1.119163e-008	
1.380896e+003	1.121138e-008	
1.380902e+003	1.123127e-008	
1.380908e+003	1.125132e-008	
1.380914e+003	1.127141e-008	
1.380920e+003	1.129153e-008	
1.380926e+003	1.131168e-008	
1.380932e+003	1.133182e-008	
1.380938e+003	1.135198e-008	
1.380943e+003	1.137216e-008	
1.380949e+003	1.139236e-008	
1.380955e+003	1.141257e-008	
1.380961e+003	1.143280e-008	
1.380967e+003	1.145305e-008	
1.380973e+003	1.147332e-008	
1.380979e+003	1.149361e-008	
1.380984e+003	1.151392e-008	
1.380990e+003	1.153425e-008	
1.380996e+003	1.155460e-008	
1.381002e+003	1.157602e-008	
1.381008e+003	1.159904e-008	
1.381014e+003	1.162222e-008	
1.381020e+003	1.164540e-008	
1.381025e+003	1.166862e-008	
1.381031e+003	1.169188e-008	
1.381037e+003	1.171510e-008	
1.381043e+003	1.173836e-008	
1.381049e+003	1.176164e-008	
1.381055e+003	1.178491e-008	
1.381061e+003	1.180824e-008	
1.381066e+003	1.183152e-008	
1.381072e+003	1.185485e-008	
1.381078e+003	1.187819e-008	
1.381084e+003	1.190155e-008	
1.381090e+003	1.192491e-008	
1.381096e+003	1.194828e-008	
1.381102e+003	1.197244e-008	
1.381107e+003	1.199801e-008	
1.381113e+003	1.202371e-008	
1.381119e+003	1.204943e-008	
1.381125e+003	1.207513e-008	
1.381131e+003	1.210090e-008	
1.381137e+003	1.212666e-008	
1.381143e+003	1.215244e-008	
1.381148e+003	1.217822e-008	
1.381154e+003	1.220407e-008	
1.381160e+003	1.222988e-008	
1.381166e+003	1.225574e-008	
1.381172e+003	1.228164e-008	
1.381178e+003	1.230754e-008	
1.381184e+003	1.233350e-008	
1.381189e+003	1.235944e-008	
1.381195e+003	1.238539e-008	
1.381201e+003	1.241168e-008	
1.381207e+003	1.243867e-008	
1.381213e+003	1.246577e-008	
1.381219e+003	1.249288e-008	
1.381225e+003	1.251999e-008	
1.381230e+003	1.254714e-008	
1.381236e+003	1.257427e-008	
1.381242e+003	1.260146e-008	
1.381248e+003	1.262863e-008	
1.381254e+003	1.265584e-008	
1.381260e+003	1.268305e-008	
1.381266e+003	1.271029e-008	
1.381271e+003	1.273754e-008	
1.381277e+003	1.276478e-008	
1.381283e+003	1.279206e-008	
1.381289e+003	1.281932e-008	
1.381295e+003	1.284662e-008	
1.381301e+003	1.287417e-008	
1.381307e+003	1.290260e-008	
1.381312e+003	1.293116e-008	
1.381318e+003	1.295972e-008	
1.381324e+003	1.298830e-008	
1.381330e+003	1.301689e-008	
1.381336e+003	1.304551e-008	
1.381342e+003	1.307412e-008	
1.381348e+003	1.310276e-008	
1.381354e+003	1.313141e-008	
1.381359e+003	1.316007e-008	
1.381365e+003	1.318877e-008	
1.381371e+003	1.321748e-008	
1.381377e+003	1.324622e-008	
1.381383e+003	1.327494e-008	
1.381389e+003	1.330373e-008	
1.381395e+003	1.333251e-008	
1.381400e+003	1.336187e-008	
1.381406e+003	1.339380e-008	
1.381412e+003	1.342611e-008	
1.381418e+003	1.345837e-008	
1.381424e+003	1.349073e-008	
1.381430e+003	1.352307e-008	
1.381436e+003	1.355540e-008	
1.381441e+003	1.358779e-008	
1.381447e+003	1.362014e-008	
1.381453e+003	1.365254e-008	
1.381459e+003	1.368495e-008	
1.381465e+003	1.371735e-008	
1.381471e+003	1.374977e-008	
1.381477e+003	1.378221e-008	
1.381482e+003	1.381470e-008	
1.381488e+003	1.384716e-008	
1.381494e+003	1.387964e-008	
1.381500e+003	1.391253e-008	
1.381506e+003	1.394828e-008	
1.381512e+003	1.398443e-008	
1.381518e+003	1.402060e-008	
1.381523e+003	1.405676e-008	
1.381529e+003	1.409296e-008	
1.381535e+003	1.412917e-008	
1.381541e+003	1.416538e-008	
1.381547e+003	1.420159e-008	
1.381553e+003	1.423784e-008	
1.381559e+003	1.427407e-008	
1.381564e+003	1.431035e-008	
1.381570e+003	1.434662e-008	
1.381576e+003	1.438292e-008	
1.381582e+003	1.441924e-008	
1.381588e+003	1.445557e-008	
1.381594e+003	1.449192e-008	
1.381600e+003	1.452831e-008	
1.381605e+003	1.456534e-008	
1.381611e+003	1.460249e-008	
1.381617e+003	1.463962e-008	
1.381623e+003	1.467675e-008	
1.381629e+003	1.471390e-008	
1.381635e+003	1.475107e-008	
1.381641e+003	1.478826e-008	
1.381646e+003	1.482545e-008	
1.381652e+003	1.486263e-008	
1.381658e+003	1.489987e-008	
1.381664e+003	1.493709e-008	
1.381670e+003	1.497432e-008	
1.381676e+003	1.501156e-008	
1.381682e+003	1.504881e-008	
1.381688e+003	1.508609e-008	
1.381693e+003	1.512337e-008	
1.381699e+003	1.516073e-008	
1.381705e+003	1.520047e-008	
1.381711e+003	1.524067e-008	
1.381717e+003	1.528086e-008	
1.381723e+003	1.532105e-008	
1.381729e+003	1.536129e-008	
1.381734e+003	1.540151e-008	
1.381740e+003	1.544173e-008	
1.381746e+003	1.548199e-008	
1.381752e+003	1.552225e-008	
1.381758e+003	1.556251e-008	
1.381764e+003	1.560279e-008	
1.381770e+003	1.564306e-008	
1.381775e+003	1.568342e-008	
1.381781e+003	1.572374e-008	
1.381787e+003	1.576409e-008	
1.381793e+003	1.580445e-008	
1.381799e+003	1.584484e-008	
1.381805e+003	1.588908e-008	
1.381811e+003	1.593427e-008	
1.381816e+003	1.597950e-008	
1.381822e+003	1.602474e-008	
1.381828e+003	1.606996e-008	
1.381834e+003	1.611522e-008	
1.381840e+003	1.616049e-008	
1.381846e+003	1.620572e-008	
1.381852e+003	1.625100e-008	
1.381857e+003	1.629628e-008	
1.381863e+003	1.634157e-008	
1.381869e+003	1.638689e-008	
1.381875e+003	1.643219e-008	
1.381881e+003	1.647753e-008	
1.381887e+003	1.652287e-008	
1.381893e+003	1.656822e-008	
1.381898e+003	1.661358e-008	
1.381904e+003	1.666147e-008	
1.381910e+003	1.671012e-008	
1.381916e+003	1.675886e-008	
1.381922e+003	1.680760e-008	
1.381928e+003	1.685636e-008	
1.381934e+003	1.690510e-008	
1.381939e+003	1.695389e-008	
1.381945e+003	1.700268e-008	
1.381951e+003	1.705146e-008	
1.381957e+003	1.710023e-008	
1.381963e+003	1.714904e-008	
1.381969e+003	1.719785e-008	
1.381975e+003	1.724665e-008	
1.381980e+003	1.729545e-008	
1.381986e+003	1.734428e-008	
1.381992e+003	1.739307e-008	
1.381998e+003	1.744188e-008	
1.382004e+003	1.749131e-008	
1.382010e+003	1.754099e-008	
1.382016e+003	1.759069e-008	
1.382021e+003	1.764042e-008	
1.382027e+003	1.769015e-008	
1.382033e+003	1.773988e-008	
1.382039e+003	1.778961e-008	
1.382045e+003	1.783937e-008	
1.382051e+003	1.788909e-008	
1.382057e+003	1.793886e-008	
1.382062e+003	1.798863e-008	
1.382068e+003	1.803840e-008	
1.382074e+003	1.808823e-008	
1.382080e+003	1.813815e-008	
1.382086e+003	1.818800e-008	
1.382092e+003	1.823788e-008	
1.382098e+003	1.828778e-008	
1.382104e+003	1.834101e-008	
1.382109e+003	1.839587e-008	
1.382115e+003	1.845092e-008	
1.382121e+003	1.850598e-008	
1.382127e+003	1.856107e-008	
1.382133e+003	1.861615e-008	
1.382139e+003	1.867123e-008	
1.382145e+003	1.872635e-008	
1.382150e+003	1.878145e-008	
1.382156e+003	1.883655e-008	
1.382162e+003	1.889167e-008	
1.382168e+003	1.894680e-008	
1.382174e+003	1.900193e-008	
1.382180e+003	1.905701e-008	
1.382186e+003	1.911214e-008	
1.382191e+003	1.916727e-008	
1.382197e+003	1.922240e-008	
1.382203e+003	1.928095e-008	
1.382209e+003	1.934154e-008	
1.382215e+003	1.940247e-008	
1.382221e+003	1.946339e-008	
1.382227e+003	1.952427e-008	
1.382232e+003	1.958523e-008	
1.382238e+003	1.964617e-008	
1.382244e+003	1.970711e-008	
1.382250e+003	1.976805e-008	
1.382256e+003	1.982899e-008	
1.382262e+003	1.988997e-008	
1.382268e+003	1.995094e-008	
1.382273e+003	2.001197e-008	
1.382279e+003	2.007299e-008	
1.382285e+003	2.013408e-008	
1.382291e+003	2.019517e-008	
1.382297e+003	2.025624e-008	
1.382303e+003	2.031835e-008	
1.382309e+003	2.038130e-008	
1.382314e+003	2.044435e-008	
1.382320e+003	2.050742e-008	
1.382326e+003	2.057052e-008	
1.382332e+003	2.063361e-008	
1.382338e+003	2.069667e-008	
1.382344e+003	2.075978e-008	
1.382350e+003	2.082289e-008	
1.382355e+003	2.088599e-008	
1.382361e+003	2.094911e-008	
1.382367e+003	2.101224e-008	
1.382373e+003	2.107539e-008	
1.382379e+003	2.113854e-008	
1.382385e+003	2.120167e-008	
1.382391e+003	2.126482e-008	
1.382396e+003	2.132798e-008	
1.382402e+003	2.139150e-008	
1.382408e+003	2.145542e-008	
1.382414e+003	2.151936e-008	
1.382420e+003	2.158335e-008	
1.382426e+003	2.164732e-008	
1.382432e+003	2.171131e-008	
1.382438e+003	2.177531e-008	
1.382443e+003	2.183931e-008	
1.382449e+003	2.190332e-008	
1.382455e+003	2.196733e-008	
1.382461e+003	2.203136e-008	
1.382467e+003	2.209537e-008	
1.382473e+003	2.215943e-008	
1.382479e+003	2.222349e-008	
1.382484e+003	2.228755e-008	
1.382490e+003	2.235164e-008	
1.382496e+003	2.241570e-008	
1.382502e+003	2.248283e-008	
1.382508e+003	2.255332e-008	
1.382514e+003	2.262451e-008	
1.382520e+003	2.269570e-008	
1.382525e+003	2.276687e-008	
1.382531e+003	2.283805e-008	
1.382537e+003	2.290923e-008	
1.382543e+003	2.298044e-008	
1.382549e+003	2.305161e-008	
1.382555e+003	2.312280e-008	
1.382561e+003	2.319400e-008	
1.382566e+003	2.326518e-008	
1.382572e+003	2.333643e-008	
1.382578e+003	2.340770e-008	
1.382584e+003	2.347896e-008	
1.382590e+003	2.355025e-008	
1.382596e+003	2.362154e-008	
1.382602e+003	2.369565e-008	
1.382607e+003	2.377354e-008	
1.382613e+003	2.385222e-008	
1.382619e+003	2.393093e-008	
1.382625e+003	2.400964e-008	
1.382631e+003	2.408837e-008	
1.382637e+003	2.416707e-008	
1.382643e+003	2.424579e-008	
1.382648e+003	2.432451e-008	
1.382654e+003	2.440324e-008	
1.382660e+003	2.448196e-008	
1.382666e+003	2.456067e-008	
1.382672e+003	2.463938e-008	
1.382678e+003	2.471813e-008	
1.382684e+003	2.479691e-008	
1.382689e+003	2.487569e-008	
1.382695e+003	2.495447e-008	
1.382701e+003	2.503290e-008	
1.382707e+003	2.511104e-008	
1.382713e+003	2.518901e-008	
1.382719e+003	2.526701e-008	
1.382725e+003	2.534496e-008	
1.382730e+003	2.542295e-008	
1.382736e+003	2.550096e-008	
1.382742e+003	2.557892e-008	
1.382748e+003	2.565694e-008	
1.382754e+003	2.573491e-008	
1.382760e+003	2.581291e-008	
1.382766e+003	2.589092e-008	
1.382771e+003	2.596895e-008	
1.382777e+003	2.604697e-008	
1.382783e+003	2.612503e-008	
1.382789e+003	2.620306e-008	
1.382795e+003	2.628111e-008	
1.382801e+003	2.636005e-008	
1.382807e+003	2.644084e-008	
1.382812e+003	2.652206e-008	
1.382818e+003	2.660336e-008	
1.382824e+003	2.668459e-008	
1.382830e+003	2.676580e-008	
1.382836e+003	2.684707e-008	
1.382842e+003	2.692830e-008	
1.382848e+003	2.700956e-008	
1.382854e+003	2.709084e-008	
1.382859e+003	2.717205e-008	
1.382865e+003	2.725334e-008	
1.382871e+003	2.733462e-008	
1.382877e+003	2.741590e-008	
1.382883e+003	2.749717e-008	
1.382889e+003	2.757849e-008	
1.382895e+003	2.765982e-008	
1.382900e+003	2.774328e-008	
1.382906e+003	2.783217e-008	
1.382912e+003	2.792259e-008	
1.382918e+003	2.801305e-008	
1.382924e+003	2.810354e-008	
1.382930e+003	2.819399e-008	
1.382936e+003	2.828448e-008	
1.382941e+003	2.837497e-008	
1.382947e+003	2.846544e-008	
1.382953e+003	2.855593e-008	
1.382959e+003	2.864637e-008	
1.382965e+003	2.873687e-008	
1.382971e+003	2.882737e-008	
1.382977e+003	2.891792e-008	
1.382982e+003	2.900850e-008	
1.382988e+003	2.909909e-008	
1.382994e+003	2.918962e-008	
1.383000e+003	2.928181e-008	
1.383006e+003	2.937928e-008	
1.383012e+003	2.947832e-008	
1.383018e+003	2.957738e-008	
1.383023e+003	2.967640e-008	
1.383029e+003	2.977547e-008	
1.383035e+003	2.987451e-008	
1.383041e+003	2.997355e-008	
1.383047e+003	3.007263e-008	
1.383053e+003	3.017170e-008	
1.383059e+003	3.027075e-008	
1.383064e+003	3.036980e-008	
1.383070e+003	3.046893e-008	
1.383076e+003	3.056802e-008	
1.383082e+003	3.066719e-008	
1.383088e+003	3.076631e-008	
1.383094e+003	3.086544e-008	
1.383100e+003	3.096438e-008	
1.383105e+003	3.106241e-008	
1.383111e+003	3.116016e-008	
1.383117e+003	3.125788e-008	
1.383123e+003	3.135561e-008	
1.383129e+003	3.145334e-008	
1.383135e+003	3.155109e-008	
1.383141e+003	3.164886e-008	
1.383146e+003	3.174662e-008	
1.383152e+003	3.184438e-008	
1.383158e+003	3.194213e-008	
1.383164e+003	3.203989e-008	
1.383170e+003	3.213766e-008	
1.383176e+003	3.223542e-008	
1.383182e+003	3.233331e-008	
1.383188e+003	3.243117e-008	
1.383193e+003	3.252901e-008	
1.383199e+003	3.262787e-008	
1.383205e+003	3.273313e-008	
1.383211e+003	3.284065e-008	
1.383217e+003	3.294811e-008	
1.383223e+003	3.305564e-008	
1.383229e+003	3.316318e-008	
1.383234e+003	3.327069e-008	
1.383240e+003	3.337821e-008	
1.383246e+003	3.348573e-008	
1.383252e+003	3.359320e-008	
1.383258e+003	3.370075e-008	
1.383264e+003	3.380825e-008	
1.383270e+003	3.391578e-008	
1.383275e+003	3.402336e-008	
1.383281e+003	3.413096e-008	
1.383287e+003	3.423860e-008	
1.383293e+003	3.434623e-008	
1.383299e+003	3.445459e-008	
1.383305e+003	3.457474e-008	
1.383311e+003	3.469907e-008	
1.383316e+003	3.482344e-008	
1.383322e+003	3.494782e-008	
1.383328e+003	3.507218e-008	
1.383334e+003	3.519666e-008	
1.383340e+003	3.532101e-008	
1.383346e+003	3.544545e-008	
1.383352e+003	3.556983e-008	
1.383357e+003	3.569423e-008	
1.383363e+003	3.581858e-008	
1.383369e+003	3.594301e-008	
1.383375e+003	3.606745e-008	
1.383381e+003	3.619197e-008	
1.383387e+003	3.631647e-008	
1.383393e+003	3.644092e-008	
1.383398e+003	3.656556e-008	
1.383404e+003	3.669673e-008	
1.383410e+003	3.683051e-008	
1.383416e+003	3.696432e-008	
1.383422e+003	3.709817e-008	
1.383428e+003	3.723206e-008	
1.383434e+003	3.736589e-008	
1.383439e+003	3.749969e-008	
1.383445e+003	3.763353e-008	
1.383451e+003	3.776736e-008	
1.383457e+003	3.790122e-008	
1.383463e+003	3.803499e-008	
1.383469e+003	3.816882e-008	
1.383475e+003	3.830282e-008	
1.383480e+003	3.843682e-008	
1.383486e+003	3.857079e-008	
1.383492e+003	3.870474e-008	
1.383498e+003	3.883870e-008	
1.383504e+003	3.897233e-008	
1.383510e+003	3.910582e-008	
1.383516e+003	3.923939e-008	
1.383521e+003	3.937292e-008	
1.383527e+003	3.950645e-008	
1.383533e+003	3.963995e-008	
1.383539e+003	3.977346e-008	
1.383545e+003	3.990698e-008	
1.383551e+003	4.004047e-008	
1.383557e+003	4.017402e-008	
1.383562e+003	4.030762e-008	
1.383568e+003	4.044117e-008	
1.383574e+003	4.057476e-008	
1.383580e+003	4.070839e-008	
1.383586e+003	4.084197e-008	
1.383592e+003	4.097559e-008	
1.383598e+003	4.110930e-008	
1.383604e+003	4.125877e-008	
1.383609e+003	4.141659e-008	
1.383615e+003	4.157517e-008	
1.383621e+003	4.173369e-008	
1.383627e+003	4.189223e-008	
1.383633e+003	4.205089e-008	
1.383639e+003	4.220952e-008	
1.383645e+003	4.236813e-008	
1.383650e+003	4.252669e-008	
1.383656e+003	4.268520e-008	
1.383662e+003	4.284379e-008	
1.383668e+003	4.300252e-008	
1.383674e+003	4.316113e-008	
1.383680e+003	4.331980e-008	
1.383686e+003	4.347844e-008	
1.383691e+003	4.363715e-008	
1.383697e+003	4.379587e-008	
1.383703e+003	4.397397e-008	
1.383709e+003	4.416423e-008	
1.383715e+003	4.435609e-008	
1.383721e+003	4.454790e-008	
1.383727e+003	4.473970e-008	
1.383732e+003	4.493148e-008	
1.383738e+003	4.512331e-008	
1.383744e+003	4.531513e-008	
1.383750e+003	4.550690e-008	
1.383756e+003	4.569868e-008	
1.383762e+003	4.589054e-008	
1.383768e+003	4.608235e-008	
1.383773e+003	4.627424e-008	
1.383779e+003	4.646621e-008	
1.383785e+003	4.665823e-008	
1.383791e+003	4.685018e-008	
1.383797e+003	4.704212e-008	
1.383803e+003	4.723795e-008	
1.383809e+003	4.743636e-008	
1.383814e+003	4.763553e-008	
1.383820e+003	4.783481e-008	
1.383826e+003	4.803399e-008	
1.383832e+003	4.823310e-008	
1.383838e+003	4.843227e-008	
1.383844e+003	4.863143e-008	
1.383850e+003	4.883068e-008	
1.383855e+003	4.902994e-008	
1.383861e+003	4.922915e-008	
1.383867e+003	4.942827e-008	
1.383873e+003	4.962756e-008	
1.383879e+003	4.982684e-008	
1.383885e+003	5.002619e-008	
1.383891e+003	5.022541e-008	
1.383896e+003	5.042469e-008	
1.383902e+003	5.062913e-008	
1.383908e+003	5.083785e-008	
1.383914e+003	5.104753e-008	
1.383920e+003	5.125729e-008	
1.383926e+003	5.146694e-008	
1.383932e+003	5.167663e-008	
1.383938e+003	5.188625e-008	
1.383943e+003	5.209598e-008	
1.383949e+003	5.230562e-008	
1.383955e+003	5.251536e-008	
1.383961e+003	5.272496e-008	
1.383967e+003	5.293470e-008	
1.383973e+003	5.314454e-008	
1.383979e+003	5.335442e-008	
1.383984e+003	5.356445e-008	
1.383990e+003	5.377448e-008	
1.383996e+003	5.398445e-008	
1.384002e+003	5.421323e-008	
1.384008e+003	5.446109e-008	
1.384014e+003	5.471350e-008	
1.384020e+003	5.496603e-008	
1.384025e+003	5.521856e-008	
1.384031e+003	5.547101e-008	
1.384037e+003	5.572348e-008	
1.384043e+003	5.597591e-008	
1.384049e+003	5.622840e-008	
1.384055e+003	5.648096e-008	
1.384061e+003	5.673349e-008	
1.384066e+003	5.698585e-008	
1.384072e+003	5.723839e-008	
1.384078e+003	5.749089e-008	
1.384084e+003	5.774341e-008	
1.384090e+003	5.799589e-008	
1.384096e+003	5.824843e-008	
1.384102e+003	5.852831e-008	
1.384107e+003	5.883953e-008	
1.384113e+003	5.915976e-008	
1.384119e+003	5.947998e-008	
1.384125e+003	5.980022e-008	
1.384131e+003	6.012050e-008	
1.384137e+003	6.044076e-008	
1.384143e+003	6.076100e-008	
1.384148e+003	6.108131e-008	
1.384154e+003	6.140143e-008	
1.384160e+003	6.172177e-008	
1.384166e+003	6.204193e-008	
1.384172e+003	6.236240e-008	
1.384178e+003	6.268301e-008	
1.384184e+003	6.300365e-008	
1.384189e+003	6.332433e-008	
1.384195e+003	6.364496e-008	
1.384201e+003	6.396550e-008	
1.384207e+003	6.428575e-008	
1.384213e+003	6.460587e-008	
1.384219e+003	6.492607e-008	
1.384225e+003	6.524620e-008	
1.384230e+003	6.556640e-008	
1.384236e+003	6.588658e-008	
1.384242e+003	6.620677e-008	
1.384248e+003	6.652687e-008	
1.384254e+003	6.684704e-008	
1.384260e+003	6.716726e-008	
1.384266e+003	6.748743e-008	
1.384271e+003	6.780754e-008	
1.384277e+003	6.812772e-008	
1.384283e+003	6.844785e-008	
1.384289e+003	6.876801e-008	
1.384295e+003	6.908813e-008	
1.384301e+003	6.942105e-008	
1.384307e+003	6.977494e-008	
1.384312e+003	7.013625e-008	
1.384318e+003	7.049778e-008	
1.384324e+003	7.085926e-008	
1.384330e+003	7.122077e-008	
1.384336e+003	7.158219e-008	
1.384342e+003	7.194359e-008	
1.384348e+003	7.230511e-008	
1.384354e+003	7.266654e-008	
1.384359e+003	7.302805e-008	
1.384365e+003	7.338942e-008	
1.384371e+003	7.375126e-008	
1.384377e+003	7.411341e-008	
1.384383e+003	7.447565e-008	
1.384389e+003	7.483786e-008	
1.384395e+003	7.520013e-008	
1.384400e+003	7.558015e-008	
1.384406e+003	7.599359e-008	
1.384412e+003	7.642090e-008	
1.384418e+003	7.684812e-008	
1.384424e+003	7.727541e-008	
1.384430e+003	7.770264e-008	
1.384436e+003	7.812983e-008	
1.384441e+003	7.855703e-008	
1.384447e+003	7.898424e-008	
1.384453e+003	7.941146e-008	
1.384459e+003	7.983874e-008	
1.384465e+003	8.026595e-008	
1.384471e+003	8.069319e-008	
1.384477e+003	8.112041e-008	
1.384482e+003	8.154762e-008	
1.384488e+003	8.197494e-008	
1.384494e+003	8.240215e-008	
1.384500e+003	8.284744e-008	
1.384506e+003	8.333377e-008	
1.384512e+003	8.383819e-008	
1.384518e+003	8.434260e-008	
1.384523e+003	8.484697e-008	
1.384529e+003	8.535145e-008	
1.384535e+003	8.585582e-008	
1.384541e+003	8.636026e-008	
1.384547e+003	8.686472e-008	
1.384553e+003	8.736917e-008	
1.384559e+003	8.787362e-008	
1.384564e+003	8.837810e-008	
1.384570e+003	8.888269e-008	
1.384576e+003	8.938763e-008	
1.384582e+003	8.989272e-008	
1.384588e+003	9.039795e-008	
1.384594e+003	9.090305e-008	
1.384600e+003	9.142033e-008	
1.384605e+003	9.197138e-008	
1.384611e+003	9.253824e-008	
1.384617e+003	9.310531e-008	
1.384623e+003	9.367242e-008	
1.384629e+003	9.423948e-008	
1.384635e+003	9.480647e-008	
1.384641e+003	9.537361e-008	
1.384646e+003	9.594066e-008	
1.384652e+003	9.650779e-008	
1.384658e+003	9.707484e-008	
1.384664e+003	9.764201e-008	
1.384670e+003	9.820895e-008	
1.384676e+003	9.877619e-008	
1.384682e+003	9.934350e-008	
1.384688e+003	9.991058e-008	
1.384693e+003	1.004778e-007	
1.384699e+003	1.010784e-007	
1.384705e+003	1.017911e-007	
1.384711e+003	1.025626e-007	
1.384717e+003	1.033341e-007	
1.384723e+003	1.041057e-007	
1.384729e+003	1.048771e-007	
1.384734e+003	1.056487e-007	
1.384740e+003	1.064203e-007	
1.384746e+003	1.071917e-007	
1.384752e+003	1.079634e-007	
1.384758e+003	1.087349e-007	
1.384764e+003	1.095064e-007	
1.384770e+003	1.102781e-007	
1.384775e+003	1.110503e-007	
1.384781e+003	1.118225e-007	
1.384787e+003	1.125947e-007	
1.384793e+003	1.133671e-007	
1.384799e+003	1.141552e-007	
1.384805e+003	1.150230e-007	
1.384811e+003	1.159362e-007	
1.384816e+003	1.168493e-007	
1.384822e+003	1.177625e-007	
1.384828e+003	1.186757e-007	
1.384834e+003	1.195889e-007	
1.384840e+003	1.205020e-007	
1.384846e+003	1.214153e-007	
1.384852e+003	1.223285e-007	
1.384857e+003	1.232415e-007	
1.384863e+003	1.241549e-007	
1.384869e+003	1.250682e-007	
1.384875e+003	1.259816e-007	
1.384881e+003	1.268956e-007	
1.384887e+003	1.278093e-007	
1.384893e+003	1.287231e-007	
1.384898e+003	1.296502e-007	
1.384904e+003	1.306639e-007	
1.384910e+003	1.317327e-007	
1.384916e+003	1.328018e-007	
1.384922e+003	1.338706e-007	
1.384928e+003	1.349397e-007	
1.384934e+003	1.360087e-007	
1.384939e+003	1.370777e-007	
1.384945e+003	1.381466e-007	
1.384951e+003	1.392157e-007	
1.384957e+003	1.402848e-007	
1.384963e+003	1.413537e-007	
1.384969e+003	1.424229e-007	
1.384975e+003	1.434932e-007	
1.384980e+003	1.445637e-007	
1.384986e+003	1.456343e-007	
1.384992e+003	1.467051e-007	
1.384998e+003	1.477872e-007	
1.385004e+003	1.490054e-007	
1.385010e+003	1.503144e-007	
1.385016e+003	1.516235e-007	
1.385021e+003	1.529326e-007	
1.385027e+003	1.542418e-007	
1.385033e+003	1.555509e-007	
1.385039e+003	1.568599e-007	
1.385045e+003	1.581691e-007	
1.385051e+003	1.594782e-007	
1.385057e+003	1.607875e-007	
1.385062e+003	1.620966e-007	
1.385068e+003	1.634058e-007	
1.385074e+003	1.647156e-007	
1.385080e+003	1.660258e-007	
1.385086e+003	1.673362e-007	
1.385092e+003	1.686464e-007	
1.385098e+003	1.699630e-007	
1.385104e+003	1.715736e-007	
1.385109e+003	1.733915e-007	
1.385115e+003	1.752093e-007	
1.385121e+003	1.770271e-007	
1.385127e+003	1.788450e-007	
1.385133e+003	1.806628e-007	
1.385139e+003	1.824805e-007	
1.385145e+003	1.842982e-007	
1.385150e+003	1.861161e-007	
1.385156e+003	1.879341e-007	
1.385162e+003	1.897516e-007	
1.385168e+003	1.915696e-007	
1.385174e+003	1.933880e-007	
1.385180e+003	1.952068e-007	
1.385186e+003	1.970260e-007	
1.385191e+003	1.988446e-007	
1.385197e+003	2.006634e-007	
1.385203e+003	2.028344e-007	
1.385209e+003	2.052868e-007	
1.385215e+003	2.077451e-007	
1.385221e+003	2.102032e-007	
1.385227e+003	2.126615e-007	
1.385232e+003	2.151198e-007	
1.385238e+003	2.175778e-007	
1.385244e+003	2.200361e-007	
1.385250e+003	2.224942e-007	
1.385256e+003	2.249526e-007	
1.385262e+003	2.274108e-007	
1.385268e+003	2.298691e-007	
1.385273e+003	2.323279e-007	
1.385279e+003	2.347873e-007	
1.385285e+003	2.372469e-007	
1.385291e+003	2.397065e-007	
1.385297e+003	2.421661e-007	
1.385303e+003	2.451221e-007	
1.385309e+003	2.485220e-007	
1.385314e+003	2.519671e-007	
1.385320e+003	2.554119e-007	
1.385326e+003	2.588571e-007	
1.385332e+003	2.623021e-007	
1.385338e+003	2.657469e-007	
1.385344e+003	2.691918e-007	
1.385350e+003	2.726365e-007	
1.385355e+003	2.760816e-007	
1.385361e+003	2.795266e-007	
1.385367e+003	2.829714e-007	
1.385373e+003	2.864176e-007	
1.385379e+003	2.898649e-007	
1.385385e+003	2.933123e-007	
1.385391e+003	2.967597e-007	
1.385396e+003	3.002072e-007	
1.385402e+003	3.043486e-007	
1.385408e+003	3.091956e-007	
1.385414e+003	3.141427e-007	
1.385420e+003	3.190898e-007	
1.385426e+003	3.240370e-007	
1.385432e+003	3.289844e-007	
1.385438e+003	3.339315e-007	
1.385443e+003	3.388787e-007	
1.385449e+003	3.438260e-007	
1.385455e+003	3.487731e-007	
1.385461e+003	3.537203e-007	
1.385467e+003	3.586673e-007	
1.385473e+003	3.636158e-007	
1.385479e+003	3.685667e-007	
1.385484e+003	3.735177e-007	
1.385490e+003	3.784685e-007	
1.385496e+003	3.834196e-007	
1.385502e+003	3.893185e-007	
1.385508e+003	3.962698e-007	
1.385514e+003	4.034311e-007	
1.385520e+003	4.105941e-007	
1.385525e+003	4.177555e-007	
1.385531e+003	4.249175e-007	
1.385537e+003	4.320797e-007	
1.385543e+003	4.392417e-007	
1.385549e+003	4.464035e-007	
1.385555e+003	4.535660e-007	
1.385561e+003	4.607272e-007	
1.385566e+003	4.678898e-007	
1.385572e+003	4.750534e-007	
1.385578e+003	4.822201e-007	
1.385584e+003	4.893865e-007	
1.385590e+003	4.965531e-007	
1.385596e+003	5.037197e-007	
1.385602e+003	5.120806e-007	
1.385607e+003	5.218960e-007	
1.385613e+003	5.320867e-007	
1.385619e+003	5.422779e-007	
1.385625e+003	5.524680e-007	
1.385631e+003	5.626595e-007	
1.385637e+003	5.728501e-007	
1.385643e+003	5.830407e-007	
1.385648e+003	5.932318e-007	
1.385654e+003	6.034221e-007	
1.385660e+003	6.136131e-007	
1.385666e+003	6.238038e-007	
1.385672e+003	6.339973e-007	
1.385678e+003	6.441940e-007	
1.385684e+003	6.543914e-007	
1.385689e+003	6.645888e-007	
1.385695e+003	6.747866e-007	
1.385701e+003	6.862940e-007	
1.385707e+003	6.996002e-007	
1.385713e+003	7.134545e-007	
1.385719e+003	7.273078e-007	
1.385725e+003	7.411628e-007	
1.385730e+003	7.550166e-007	
1.385736e+003	7.688710e-007	
1.385742e+003	7.827246e-007	
1.385748e+003	7.965788e-007	
1.385754e+003	8.104336e-007	
1.385760e+003	8.242872e-007	
1.385766e+003	8.381410e-007	
1.385771e+003	8.519989e-007	
1.385777e+003	8.658617e-007	
1.385783e+003	8.797259e-007	
1.385789e+003	8.935906e-007	
1.385795e+003	9.074540e-007	
1.385801e+003	9.225017e-007	
1.385807e+003	9.394140e-007	
1.385812e+003	9.570392e-007	
1.385818e+003	9.746647e-007	
1.385824e+003	9.922901e-007	
1.385830e+003	1.009915e-006	
1.385836e+003	1.027540e-006	
1.385842e+003	1.045166e-006	
1.385848e+003	1.062791e-006	
1.385854e+003	1.080416e-006	
1.385859e+003	1.098041e-006	
1.385865e+003	1.115665e-006	
1.385871e+003	1.133296e-006	
1.385877e+003	1.150934e-006	
1.385883e+003	1.168573e-006	
1.385889e+003	1.186213e-006	
1.385895e+003	1.203852e-006	
1.385900e+003	1.222294e-006	
1.385906e+003	1.242162e-006	
1.385912e+003	1.262655e-006	
1.385918e+003	1.283147e-006	
1.385924e+003	1.303639e-006	
1.385930e+003	1.324131e-006	
1.385936e+003	1.344623e-006	
1.385941e+003	1.365115e-006	
1.385947e+003	1.385606e-006	
1.385953e+003	1.406099e-006	
1.385959e+003	1.426590e-006	
1.385965e+003	1.447081e-006	
1.385971e+003	1.467578e-006	
1.385977e+003	1.488087e-006	
1.385982e+003	1.508600e-006	
1.385988e+003	1.529112e-006	
1.385994e+003	1.549625e-006	
1.386000e+003	1.570386e-006	
1.386006e+003	1.591646e-006	
1.386012e+003	1.613155e-006	
1.386018e+003	1.634664e-006	
1.386023e+003	1.656172e-006	
1.386029e+003	1.677681e-006	
1.386035e+003	1.699191e-006	
1.386041e+003	1.720698e-006	
1.386047e+003	1.742208e-006	
1.386053e+003	1.763716e-006	
1.386059e+003	1.785226e-006	
1.386064e+003	1.806734e-006	
1.386070e+003	1.828251e-006	
1.386076e+003	1.849780e-006	
1.386082e+003	1.871317e-006	
1.386088e+003	1.892853e-006	
1.386094e+003	1.914388e-006	
1.386100e+003	1.935667e-006	
1.386105e+003	1.956355e-006	
1.386111e+003	1.976713e-006	
1.386117e+003	1.997071e-006	
1.386123e+003	2.017428e-006	
1.386129e+003	2.037786e-006	
1.386135e+003	2.058143e-006	
1.386141e+003	2.078500e-006	
1.386146e+003	2.098858e-006	
1.386152e+003	2.119215e-006	
1.386158e+003	2.139572e-006	
1.386164e+003	2.159929e-006	
1.386170e+003	2.180294e-006	
1.386176e+003	2.200677e-006	
1.386182e+003	2.221067e-006	
1.386188e+003	2.241457e-006	
1.386193e+003	2.261847e-006	
1.386199e+003	2.281745e-006	
1.386205e+003	2.300353e-006	
1.386211e+003	2.318142e-006	
1.386217e+003	2.335931e-006	
1.386223e+003	2.353720e-006	
1.386229e+003	2.371510e-006	
1.386234e+003	2.389299e-006	
1.386240e+003	2.407088e-006	
1.386246e+003	2.424877e-006	
1.386252e+003	2.442665e-006	
1.386258e+003	2.460456e-006	
1.386264e+003	2.478244e-006	
1.386270e+003	2.496040e-006	
1.386275e+003	2.513855e-006	
1.386281e+003	2.531680e-006	
1.386287e+003	2.549505e-006	
1.386293e+003	2.567330e-006	
1.386299e+003	2.584796e-006	
1.386305e+003	2.601083e-006	
1.386311e+003	2.616513e-006	
1.386316e+003	2.631943e-006	
1.386322e+003	2.647375e-006	
1.386328e+003	2.662805e-006	
1.386334e+003	2.678235e-006	
1.386340e+003	2.693665e-006	
1.386346e+003	2.709095e-006	
1.386352e+003	2.724525e-006	
1.386357e+003	2.739956e-006	
1.386363e+003	2.755387e-006	
1.386369e+003	2.770823e-006	
1.386375e+003	2.786274e-006	
1.386381e+003	2.801735e-006	
1.386387e+003	2.817199e-006	
1.386393e+003	2.832662e-006	
1.386398e+003	2.847999e-006	
1.386404e+003	2.862844e-006	
1.386410e+003	2.877283e-006	
1.386416e+003	2.891724e-006	
1.386422e+003	2.906168e-006	
1.386428e+003	2.920610e-006	
1.386434e+003	2.935052e-006	
1.386439e+003	2.949494e-006	
1.386445e+003	2.963937e-006	
1.386451e+003	2.978379e-006	
1.386457e+003	2.992819e-006	
1.386463e+003	3.007258e-006	
1.386469e+003	3.021703e-006	
1.386475e+003	3.036162e-006	
1.386480e+003	3.050627e-006	
1.386486e+003	3.065092e-006	
1.386492e+003	3.079557e-006	
1.386498e+003	3.094027e-006	
1.386504e+003	3.108522e-006	
1.386510e+003	3.123037e-006	
1.386516e+003	3.137552e-006	
1.386521e+003	3.152066e-006	
1.386527e+003	3.166579e-006	
1.386533e+003	3.181096e-006	
1.386539e+003	3.195613e-006	
1.386545e+003	3.210130e-006	
1.386551e+003	3.224646e-006	
1.386557e+003	3.239161e-006	
1.386562e+003	3.253678e-006	
1.386568e+003	3.268194e-006	
1.386574e+003	3.282715e-006	
1.386580e+003	3.297238e-006	
1.386586e+003	3.311760e-006	
1.386592e+003	3.326282e-006	
1.386598e+003	3.340734e-006	
1.386604e+003	3.354690e-006	
1.386609e+003	3.368155e-006	
1.386615e+003	3.381621e-006	
1.386621e+003	3.395086e-006	
1.386627e+003	3.408551e-006	
1.386633e+003	3.422017e-006	
1.386639e+003	3.435482e-006	
1.386645e+003	3.448946e-006	
1.386650e+003	3.462411e-006	
1.386656e+003	3.475875e-006	
1.386662e+003	3.489338e-006	
1.386668e+003	3.502800e-006	
1.386674e+003	3.516263e-006	
1.386680e+003	3.529722e-006	
1.386686e+003	3.543182e-006	
1.386691e+003	3.556640e-006	
1.386697e+003	3.569878e-006	
1.386703e+003	3.580925e-006	
1.386709e+003	3.589521e-006	
1.386715e+003	3.598116e-006	
1.386721e+003	3.606711e-006	
1.386727e+003	3.615307e-006	
1.386732e+003	3.623901e-006	
1.386738e+003	3.632492e-006	
1.386744e+003	3.641089e-006	
1.386750e+003	3.649685e-006	
1.386756e+003	3.658282e-006	
1.386762e+003	3.666878e-006	
1.386768e+003	3.675473e-006	
1.386773e+003	3.684061e-006	
1.386779e+003	3.692640e-006	
1.386785e+003	3.701218e-006	
1.386791e+003	3.709797e-006	
1.386797e+003	3.718288e-006	
1.386803e+003	3.722472e-006	
1.386809e+003	3.721266e-006	
1.386814e+003	3.720061e-006	
1.386820e+003	3.718853e-006	
1.386826e+003	3.717650e-006	
1.386832e+003	3.716447e-006	
1.386838e+003	3.715243e-006	
1.386844e+003	3.714040e-006	
1.386850e+003	3.712837e-006	
1.386855e+003	3.711633e-006	
1.386861e+003	3.710429e-006	
1.386867e+003	3.709225e-006	
1.386873e+003	3.708012e-006	
1.386879e+003	3.706790e-006	
1.386885e+003	3.705566e-006	
1.386891e+003	3.704342e-006	
1.386896e+003	3.703119e-006	
1.386902e+003	3.696559e-006	
1.386908e+003	3.682415e-006	
1.386914e+003	3.668113e-006	
1.386920e+003	3.653814e-006	
1.386926e+003	3.639514e-006	
1.386932e+003	3.625214e-006	
1.386938e+003	3.610914e-006	
1.386943e+003	3.596613e-006	
1.386949e+003	3.582314e-006	
1.386955e+003	3.568013e-006	
1.386961e+003	3.553713e-006	
1.386967e+003	3.539412e-006	
1.386973e+003	3.525103e-006	
1.386979e+003	3.510783e-006	
1.386984e+003	3.496463e-006	
1.386990e+003	3.482144e-006	
1.386996e+003	3.467824e-006	
1.387002e+003	3.448738e-006	
1.387008e+003	3.422548e-006	
1.387014e+003	3.395748e-006	
1.387020e+003	3.368953e-006	
1.387025e+003	3.342158e-006	
1.387031e+003	3.315362e-006	
1.387037e+003	3.288567e-006	
1.387043e+003	3.261772e-006	
1.387049e+003	3.234977e-006	
1.387055e+003	3.208182e-006	
1.387061e+003	3.181387e-006	
1.387066e+003	3.154591e-006	
1.387072e+003	3.127786e-006	
1.387078e+003	3.100967e-006	
1.387084e+003	3.074148e-006	
1.387090e+003	3.047329e-006	
1.387096e+003	3.020509e-006	
1.387102e+003	2.990868e-006	
1.387107e+003	2.956793e-006	
1.387113e+003	2.922044e-006	
1.387119e+003	2.887293e-006	
1.387125e+003	2.852545e-006	
1.387131e+003	2.817796e-006	
1.387137e+003	2.783047e-006	
1.387143e+003	2.748299e-006	
1.387148e+003	2.713550e-006	
1.387154e+003	2.678801e-006	
1.387160e+003	2.644052e-006	
1.387166e+003	2.609303e-006	
1.387172e+003	2.574539e-006	
1.387178e+003	2.539751e-006	
1.387184e+003	2.504961e-006	
1.387189e+003	2.470171e-006	
1.387195e+003	2.435379e-006	
1.387201e+003	2.400114e-006	
1.387207e+003	2.364015e-006	
1.387213e+003	2.327748e-006	
1.387219e+003	2.291481e-006	
1.387225e+003	2.255214e-006	
1.387230e+003	2.218947e-006	
1.387236e+003	2.182680e-006	
1.387242e+003	2.146412e-006	
1.387248e+003	2.110145e-006	
1.387254e+003	2.073878e-006	
1.387260e+003	2.037611e-006	
1.387266e+003	2.001343e-006	
1.387271e+003	1.965053e-006	
1.387277e+003	1.928722e-006	
1.387283e+003	1.892385e-006	
1.387289e+003	1.856048e-006	
1.387295e+003	1.819711e-006	
1.387301e+003	1.784543e-006	
1.387307e+003	1.751596e-006	
1.387312e+003	1.719312e-006	
1.387318e+003	1.687030e-006	
1.387324e+003	1.654748e-006	
1.387330e+003	1.622465e-006	
1.387336e+003	1.590183e-006	
1.387342e+003	1.557900e-006	
1.387348e+003	1.525618e-006	
1.387354e+003	1.493336e-006	
1.387359e+003	1.461054e-006	
1.387365e+003	1.428771e-006	
1.387371e+003	1.396458e-006	
1.387377e+003	1.364089e-006	
1.387383e+003	1.331707e-006	
1.387389e+003	1.299326e-006	
1.387395e+003	1.266944e-006	
1.387400e+003	1.236427e-006	
1.387406e+003	1.209863e-006	
1.387412e+003	1.184711e-006	
1.387418e+003	1.159559e-006	
1.387424e+003	1.134406e-006	
1.387430e+003	1.109254e-006	
1.387436e+003	1.084102e-006	
1.387441e+003	1.058950e-006	
1.387447e+003	1.033798e-006	
1.387453e+003	1.008645e-006	
1.387459e+003	9.834937e-007	
1.387465e+003	9.583418e-007	
1.387471e+003	9.331583e-007	
1.387477e+003	9.079112e-007	
1.387482e+003	8.826464e-007	
1.387488e+003	8.573815e-007	
1.387494e+003	8.321167e-007	
1.387500e+003	8.086477e-007	
1.387506e+003	7.892497e-007	
1.387512e+003	7.716477e-007	
1.387518e+003	7.540456e-007	
1.387523e+003	7.364437e-007	
1.387529e+003	7.188416e-007	
1.387535e+003	7.012396e-007	
1.387541e+003	6.836376e-007	
1.387547e+003	6.660356e-007	
1.387553e+003	6.484335e-007	
1.387559e+003	6.308316e-007	
1.387564e+003	6.132295e-007	
1.387570e+003	5.956009e-007	
1.387576e+003	5.779160e-007	
1.387582e+003	5.602104e-007	
1.387588e+003	5.425055e-007	
1.387594e+003	5.248007e-007	
1.387600e+003	5.084403e-007	
1.387605e+003	4.953661e-007	
1.387611e+003	4.840347e-007	
1.387617e+003	4.727032e-007	
1.387623e+003	4.613717e-007	
1.387629e+003	4.500402e-007	
1.387635e+003	4.387088e-007	
1.387641e+003	4.273773e-007	
1.387646e+003	4.160459e-007	
1.387652e+003	4.047144e-007	
1.387658e+003	3.933829e-007	
1.387664e+003	3.820514e-007	
1.387670e+003	3.707048e-007	
1.387676e+003	3.593217e-007	
1.387682e+003	3.479220e-007	
1.387688e+003	3.365223e-007	
1.387693e+003	3.251226e-007	
1.387699e+003	3.145541e-007	
1.387705e+003	3.062660e-007	
1.387711e+003	2.993723e-007	
1.387717e+003	2.924785e-007	
1.387723e+003	2.855848e-007	
1.387729e+003	2.786908e-007	
1.387734e+003	2.717970e-007	
1.387740e+003	2.649034e-007	
1.387746e+003	2.580098e-007	
1.387752e+003	2.511162e-007	
1.387758e+003	2.442226e-007	
1.387764e+003	2.373290e-007	
1.387770e+003	2.304315e-007	
1.387775e+003	2.235237e-007	
1.387781e+003	2.166103e-007	
1.387787e+003	2.096969e-007	
1.387793e+003	2.027837e-007	
1.387799e+003	1.963055e-007	
1.387805e+003	1.911801e-007	
1.387811e+003	1.870748e-007	
1.387816e+003	1.829696e-007	
1.387822e+003	1.788643e-007	
1.387828e+003	1.747591e-007	
1.387834e+003	1.706538e-007	
1.387840e+003	1.665486e-007	
1.387846e+003	1.624434e-007	
1.387852e+003	1.583382e-007	
1.387857e+003	1.542329e-007	
1.387863e+003	1.501276e-007	
1.387869e+003	1.460270e-007	
1.387875e+003	1.419394e-007	
1.387881e+003	1.378602e-007	
1.387887e+003	1.337810e-007	
1.387893e+003	1.297018e-007	
1.387898e+003	1.258360e-007	
1.387904e+003	1.227226e-007	
1.387910e+003	1.202607e-007	
1.387916e+003	1.177987e-007	
1.387922e+003	1.153367e-007	
1.387928e+003	1.128746e-007	
1.387934e+003	1.104126e-007	
1.387939e+003	1.079506e-007	
1.387945e+003	1.054888e-007	
1.387951e+003	1.030268e-007	
1.387957e+003	1.005649e-007	
1.387963e+003	9.810292e-008	
1.387969e+003	9.564960e-008	
1.387975e+003	9.322382e-008	
1.387980e+003	9.081848e-008	
1.387986e+003	8.841314e-008	
1.387992e+003	8.600780e-008	
1.387998e+003	8.370073e-008	
1.388004e+003	8.178676e-008	
1.388010e+003	8.026588e-008	
1.388016e+003	7.874499e-008	
1.388021e+003	7.722404e-008	
1.388027e+003	7.570310e-008	
1.388033e+003	7.418213e-008	
1.388039e+003	7.266127e-008	
1.388045e+003	7.114038e-008	
1.388051e+003	6.961955e-008	
1.388057e+003	6.809869e-008	
1.388062e+003	6.657784e-008	
1.388068e+003	6.506610e-008	
1.388074e+003	6.358645e-008	
1.388080e+003	6.213457e-008	
1.388086e+003	6.068271e-008	
1.388092e+003	5.923084e-008	
1.388098e+003	5.782265e-008	
1.388104e+003	5.661945e-008	
1.388109e+003	5.565147e-008	
1.388115e+003	5.468348e-008	
1.388121e+003	5.371558e-008	
1.388127e+003	5.274759e-008	
1.388133e+003	5.177961e-008	
1.388139e+003	5.081163e-008	
1.388145e+003	4.984365e-008	
1.388150e+003	4.887567e-008	
1.388156e+003	4.790768e-008	
1.388162e+003	4.693969e-008	
1.388168e+003	4.597840e-008	
1.388174e+003	4.504522e-008	
1.388180e+003	4.414150e-008	
1.388186e+003	4.323777e-008	
1.388191e+003	4.233404e-008	
1.388197e+003	4.144971e-008	
1.388203e+003	4.067329e-008	
1.388209e+003	4.004041e-008	
1.388215e+003	3.940751e-008	
1.388221e+003	3.877461e-008	
1.388227e+003	3.814173e-008	
1.388232e+003	3.750885e-008	
1.388238e+003	3.687596e-008	
1.388244e+003	3.624308e-008	
1.388250e+003	3.561022e-008	
1.388256e+003	3.497735e-008	
1.388262e+003	3.434448e-008	
1.388268e+003	3.371601e-008	
1.388273e+003	3.310910e-008	
1.388279e+003	3.252828e-008	
1.388285e+003	3.194747e-008	
1.388291e+003	3.136665e-008	
1.388297e+003	3.079256e-008	
1.388303e+003	3.027264e-008	
1.388309e+003	2.983933e-008	
1.388314e+003	2.940604e-008	
1.388320e+003	2.897275e-008	
1.388326e+003	2.853946e-008	
1.388332e+003	2.810616e-008	
1.388338e+003	2.767286e-008	
1.388344e+003	2.723957e-008	
1.388350e+003	2.680627e-008	
1.388355e+003	2.637297e-008	
1.388361e+003	2.593967e-008	
1.388367e+003	2.550879e-008	
1.388373e+003	2.509250e-008	
1.388379e+003	2.469637e-008	
1.388385e+003	2.430025e-008	
1.388391e+003	2.390411e-008	
1.388396e+003	2.351071e-008	
1.388402e+003	2.314746e-008	
1.388408e+003	2.284127e-008	
1.388414e+003	2.253510e-008	
1.388420e+003	2.222892e-008	
1.388426e+003	2.192275e-008	
1.388432e+003	2.161658e-008	
1.388438e+003	2.131041e-008	
1.388443e+003	2.100424e-008	
1.388449e+003	2.069807e-008	
1.388455e+003	2.039189e-008	
1.388461e+003	2.008572e-008	
1.388467e+003	1.978073e-008	
1.388473e+003	1.948450e-008	
1.388479e+003	1.920258e-008	
1.388484e+003	1.892067e-008	
1.388490e+003	1.863875e-008	
1.388496e+003	1.835764e-008	
1.388502e+003	1.809701e-008	
1.388508e+003	1.788136e-008	
1.388514e+003	1.766572e-008	
1.388520e+003	1.745007e-008	
1.388525e+003	1.723442e-008	
1.388531e+003	1.701875e-008	
1.388537e+003	1.680311e-008	
1.388543e+003	1.658747e-008	
1.388549e+003	1.637183e-008	
1.388555e+003	1.615619e-008	
1.388561e+003	1.594055e-008	
1.388566e+003	1.572536e-008	
1.388572e+003	1.551516e-008	
1.388578e+003	1.531439e-008	
1.388584e+003	1.511362e-008	
1.388590e+003	1.491285e-008	
1.388596e+003	1.471209e-008	
1.388602e+003	1.452424e-008	
1.388607e+003	1.436805e-008	
1.388613e+003	1.421253e-008	
1.388619e+003	1.405701e-008	
1.388625e+003	1.390149e-008	
1.388631e+003	1.374597e-008	
1.388637e+003	1.359045e-008	
1.388643e+003	1.343492e-008	
1.388648e+003	1.327940e-008	
1.388654e+003	1.312388e-008	
1.388660e+003	1.296836e-008	
1.388666e+003	1.281293e-008	
1.388672e+003	1.266003e-008	
1.388678e+003	1.251322e-008	
1.388684e+003	1.236642e-008	
1.388689e+003	1.221961e-008	
1.388695e+003	1.207281e-008	
1.388701e+003	1.193307e-008	
1.388707e+003	1.181270e-008	
1.388713e+003	1.169360e-008	
1.388719e+003	1.157449e-008	
1.388725e+003	1.145538e-008	
1.388730e+003	1.133628e-008	
1.388736e+003	1.121717e-008	
1.388742e+003	1.109806e-008	
1.388748e+003	1.097895e-008	
1.388754e+003	1.085985e-008	
1.388760e+003	1.074074e-008	
1.388766e+003	1.062163e-008	
1.388771e+003	1.050386e-008	
1.388777e+003	1.038971e-008	
1.388783e+003	1.027564e-008	
1.388789e+003	1.016157e-008	
1.388795e+003	1.004750e-008	
1.388801e+003	9.941953e-009	
1.388807e+003	9.860813e-009	
1.388812e+003	9.783593e-009	
1.388818e+003	9.706372e-009	
1.388824e+003	9.629150e-009	
1.388830e+003	9.551929e-009	
1.388836e+003	9.474710e-009	
1.388842e+003	9.397489e-009	
1.388848e+003	9.320265e-009	
1.388854e+003	9.243043e-009	
1.388859e+003	9.165822e-009	
1.388865e+003	9.088604e-009	
1.388871e+003	9.012134e-009	
1.388877e+003	8.937755e-009	
1.388883e+003	8.863560e-009	
1.388889e+003	8.789367e-009	
1.388895e+003	8.715172e-009	
1.388900e+003	8.642096e-009	
1.388906e+003	8.572634e-009	
1.388912e+003	8.503948e-009	
1.388918e+003	8.435260e-009	
1.388924e+003	8.366572e-009	
1.388930e+003	8.297885e-009	
1.388936e+003	8.229200e-009	
1.388941e+003	8.160518e-009	
1.388947e+003	8.091831e-009	
1.388953e+003	8.023147e-009	
1.388959e+003	7.954462e-009	
1.388965e+003	7.885776e-009	
1.388971e+003	7.817500e-009	
1.388977e+003	7.750501e-009	
1.388982e+003	7.683678e-009	
1.388988e+003	7.616854e-009	
1.388994e+003	7.550030e-009	
1.389000e+003	7.483358e-009	
1.389006e+003	7.417197e-009	
1.389012e+003	7.351187e-009	
1.389018e+003	7.285180e-009	
1.389023e+003	7.219170e-009	
1.389029e+003	7.153162e-009	
1.389035e+003	7.087153e-009	
1.389041e+003	7.021144e-009	
1.389047e+003	6.955136e-009	
1.389053e+003	6.889126e-009	
1.389059e+003	6.823119e-009	
1.389064e+003	6.757110e-009	
1.389070e+003	6.691316e-009	
1.389076e+003	6.626228e-009	
1.389082e+003	6.561283e-009	
1.389088e+003	6.496343e-009	
1.389094e+003	6.431401e-009	
1.389100e+003	6.367828e-009	
1.389105e+003	6.308974e-009	
1.389111e+003	6.251987e-009	
1.389117e+003	6.195000e-009	
1.389123e+003	6.138012e-009	
1.389129e+003	6.081028e-009	
1.389135e+003	6.024041e-009	
1.389141e+003	5.967055e-009	
1.389146e+003	5.910071e-009	
1.389152e+003	5.853085e-009	
1.389158e+003	5.796124e-009	
1.389164e+003	5.739137e-009	
1.389170e+003	5.682272e-009	
1.389176e+003	5.625855e-009	
1.389182e+003	5.569575e-009	
1.389188e+003	5.513296e-009	
1.389193e+003	5.457014e-009	
1.389199e+003	5.403845e-009	
1.389205e+003	5.362847e-009	
1.389211e+003	5.327589e-009	
1.389217e+003	5.292329e-009	
1.389223e+003	5.257070e-009	
1.389229e+003	5.221811e-009	
1.389234e+003	5.186551e-009	
1.389240e+003	5.151292e-009	
1.389246e+003	5.116033e-009	
1.389252e+003	5.080774e-009	
1.389258e+003	5.045513e-009	
1.389264e+003	5.010252e-009	
1.389270e+003	4.975067e-009	
1.389275e+003	4.940169e-009	
1.389281e+003	4.905381e-009	
1.389287e+003	4.870595e-009	
1.389293e+003	4.835808e-009	
1.389299e+003	4.801334e-009	
1.389305e+003	4.768158e-009	
1.389311e+003	4.735799e-009	
1.389316e+003	4.703441e-009	
1.389322e+003	4.671081e-009	
1.389328e+003	4.638722e-009	
1.389334e+003	4.606363e-009	
1.389340e+003	4.574003e-009	
1.389346e+003	4.541645e-009	
1.389352e+003	4.509285e-009	
1.389357e+003	4.476926e-009	
1.389363e+003	4.444568e-009	
1.389369e+003	4.412275e-009	
1.389375e+003	4.380242e-009	
1.389381e+003	4.348340e-009	
1.389387e+003	4.316440e-009	
1.389393e+003	4.284538e-009	
1.389398e+003	4.252637e-009	
1.389404e+003	4.220739e-009	
1.389410e+003	4.188843e-009	
1.389416e+003	4.156946e-009	
1.389422e+003	4.125051e-009	
1.389428e+003	4.093155e-009	
1.389434e+003	4.061258e-009	
1.389439e+003	4.029363e-009	
1.389445e+003	3.997466e-009	
1.389451e+003	3.965570e-009	
1.389457e+003	3.933674e-009	
1.389463e+003	3.901778e-009	
1.389469e+003	3.869915e-009	
1.389475e+003	3.838197e-009	
1.389480e+003	3.806568e-009	
1.389486e+003	3.774939e-009	
1.389492e+003	3.743308e-009	
1.389498e+003	3.712333e-009	
1.389504e+003	3.684618e-009	
1.389510e+003	3.659842e-009	
1.389516e+003	3.635066e-009	
1.389521e+003	3.610290e-009	
1.389527e+003	3.585515e-009	
1.389533e+003	3.560739e-009	
1.389539e+003	3.535963e-009	
1.389545e+003	3.511187e-009	
1.389551e+003	3.486410e-009	
1.389557e+003	3.461635e-009	
1.389562e+003	3.436859e-009	
1.389568e+003	3.412118e-009	
1.389574e+003	3.387543e-009	
1.389580e+003	3.363094e-009	
1.389586e+003	3.338644e-009	
1.389592e+003	3.314194e-009	
1.389598e+003	3.290228e-009	
1.389604e+003	3.268841e-009	
1.389609e+003	3.250264e-009	
1.389615e+003	3.231686e-009	
1.389621e+003	3.213110e-009	
1.389627e+003	3.194533e-009	
1.389633e+003	3.175957e-009	
1.389639e+003	3.157380e-009	
1.389645e+003	3.138804e-009	
1.389650e+003	3.120227e-009	
1.389656e+003	3.101651e-009	
1.389662e+003	3.083073e-009	
1.389668e+003	3.064504e-009	
1.389674e+003	3.045968e-009	
1.389680e+003	3.027464e-009	
1.389686e+003	3.008961e-009	
1.389691e+003	2.990457e-009	
1.389697e+003	2.972013e-009	
1.389703e+003	2.953941e-009	
1.389709e+003	2.936343e-009	
1.389715e+003	2.918746e-009	
1.389721e+003	2.901148e-009	
1.389727e+003	2.883542e-009	
1.389732e+003	2.865944e-009	
1.389738e+003	2.848347e-009	
1.389744e+003	2.830748e-009	
1.389750e+003	2.813152e-009	
1.389756e+003	2.795554e-009	
1.389762e+003	2.777956e-009	
1.389768e+003	2.760362e-009	
1.389773e+003	2.742787e-009	
1.389779e+003	2.725234e-009	
1.389785e+003	2.707681e-009	
1.389791e+003	2.690127e-009	
1.389797e+003	2.672573e-009	
1.389803e+003	2.655005e-009	
1.389809e+003	2.637419e-009	
1.389814e+003	2.619831e-009	
1.389820e+003	2.602244e-009	
1.389826e+003	2.584656e-009	
1.389832e+003	2.567069e-009	
1.389838e+003	2.549482e-009	
1.389844e+003	2.531895e-009	
1.389850e+003	2.514308e-009	
1.389855e+003	2.496721e-009	
1.389861e+003	2.479133e-009	
1.389867e+003	2.461547e-009	
1.389873e+003	2.443966e-009	
1.389879e+003	2.426394e-009	
1.389885e+003	2.408822e-009	
1.389891e+003	2.391249e-009	
1.389896e+003	2.373868e-009	
1.389902e+003	2.358087e-009	
1.389908e+003	2.345524e-009	
1.389914e+003	2.332961e-009	
1.389920e+003	2.320397e-009	
1.389926e+003	2.307834e-009	
1.389932e+003	2.295271e-009	
1.389938e+003	2.282708e-009	
1.389943e+003	2.270146e-009	
1.389949e+003	2.257583e-009	
1.389955e+003	2.245020e-009	
1.389961e+003	2.232458e-009	
1.389967e+003	2.219902e-009	
1.389973e+003	2.207399e-009	
1.389979e+003	2.194984e-009	
1.389984e+003	2.182569e-009	
1.389990e+003	2.170154e-009	
1.389996e+003	2.157781e-009	
1.390002e+003	2.145825e-009	
1.390008e+003	2.134913e-009	
1.390014e+003	2.124001e-009	
1.390020e+003	2.113089e-009	
1.390025e+003	2.102176e-009	
1.390031e+003	2.091265e-009	
1.390037e+003	2.080353e-009	
1.390043e+003	2.069440e-009	
1.390049e+003	2.058529e-009	
1.390055e+003	2.047616e-009	
1.390061e+003	2.036705e-009	
1.390066e+003	2.025798e-009	
1.390072e+003	2.014939e-009	
1.390078e+003	2.004175e-009	
1.390084e+003	1.993411e-009	
1.390090e+003	1.982647e-009	
1.390096e+003	1.971888e-009	
1.390102e+003	1.961182e-009	
1.390107e+003	1.950646e-009	
1.390113e+003	1.940112e-009	
1.390119e+003	1.929576e-009	
1.390125e+003	1.919041e-009	
1.390131e+003	1.908506e-009	
1.390137e+003	1.897971e-009	
1.390143e+003	1.887436e-009	
1.390148e+003	1.876901e-009	
1.390154e+003	1.866365e-009	
1.390160e+003	1.855830e-009	
1.390166e+003	1.845295e-009	
1.390172e+003	1.834755e-009	
1.390178e+003	1.824206e-009	
1.390184e+003	1.813655e-009	
1.390189e+003	1.803104e-009	
1.390195e+003	1.792559e-009	
1.390201e+003	1.782105e-009	
1.390207e+003	1.772038e-009	
1.390213e+003	1.761971e-009	
1.390219e+003	1.751905e-009	
1.390225e+003	1.741838e-009	
1.390230e+003	1.731771e-009	
1.390236e+003	1.721704e-009	
1.390242e+003	1.711637e-009	
1.390248e+003	1.701570e-009	
1.390254e+003	1.691503e-009	
1.390260e+003	1.681437e-009	
1.390266e+003	1.671370e-009	
1.390271e+003	1.661310e-009	
1.390277e+003	1.651273e-009	
1.390283e+003	1.641236e-009	
1.390289e+003	1.631199e-009	
1.390295e+003	1.621162e-009	
1.390301e+003	1.611505e-009	
1.390307e+003	1.604083e-009	
1.390312e+003	1.596708e-009	
1.390318e+003	1.589333e-009	
1.390324e+003	1.581958e-009	
1.390330e+003	1.574583e-009	
1.390336e+003	1.567208e-009	
1.390342e+003	1.559833e-009	
1.390348e+003	1.552457e-009	
1.390354e+003	1.545083e-009	
1.390359e+003	1.537707e-009	
1.390365e+003	1.530333e-009	
1.390371e+003	1.522966e-009	
1.390377e+003	1.515635e-009	
1.390383e+003	1.508304e-009	
1.390389e+003	1.500974e-009	
1.390395e+003	1.493643e-009	
1.390400e+003	1.486374e-009	
1.390406e+003	1.479545e-009	
1.390412e+003	1.472744e-009	
1.390418e+003	1.465944e-009	
1.390424e+003	1.459144e-009	
1.390430e+003	1.452344e-009	
1.390436e+003	1.445543e-009	
1.390441e+003	1.438743e-009	
1.390447e+003	1.431942e-009	
1.390453e+003	1.425142e-009	
1.390459e+003	1.418342e-009	
1.390465e+003	1.411541e-009	
1.390471e+003	1.404751e-009	
1.390477e+003	1.398024e-009	
1.390482e+003	1.391298e-009	
1.390488e+003	1.384571e-009	
1.390494e+003	1.377845e-009	
1.390500e+003	1.371119e-009	
1.390506e+003	1.364399e-009	
1.390512e+003	1.357681e-009	
1.390518e+003	1.350962e-009	
1.390523e+003	1.344242e-009	
1.390529e+003	1.337524e-009	
1.390535e+003	1.330805e-009	
1.390541e+003	1.324086e-009	
1.390547e+003	1.317367e-009	
1.390553e+003	1.310647e-009	
1.390559e+003	1.303929e-009	
1.390564e+003	1.297210e-009	
1.390570e+003	1.290491e-009	
1.390576e+003	1.283772e-009	
1.390582e+003	1.277053e-009	
1.390588e+003	1.270334e-009	
1.390594e+003	1.263616e-009	
1.390600e+003	1.256976e-009	
1.390605e+003	1.250910e-009	
1.390611e+003	1.244973e-009	
1.390617e+003	1.239035e-009	
1.390623e+003	1.233097e-009	
1.390629e+003	1.227159e-009	
1.390635e+003	1.221221e-009	
1.390641e+003	1.215283e-009	
1.390646e+003	1.209345e-009	
1.390652e+003	1.203407e-009	
1.390658e+003	1.197469e-009	
1.390664e+003	1.191532e-009	
1.390670e+003	1.185594e-009	
1.390676e+003	1.179656e-009	
1.390682e+003	1.173717e-009	
1.390688e+003	1.167779e-009	
1.390693e+003	1.161841e-009	
1.390699e+003	1.155994e-009	
1.390705e+003	1.150956e-009	
1.390711e+003	1.146150e-009	
1.390717e+003	1.141345e-009	
1.390723e+003	1.136540e-009	
1.390729e+003	1.131734e-009	
1.390734e+003	1.126929e-009	
1.390740e+003	1.122124e-009	
1.390746e+003	1.117318e-009	
1.390752e+003	1.112513e-009	
1.390758e+003	1.107707e-009	
1.390764e+003	1.102902e-009	
1.390770e+003	1.098100e-009	
1.390775e+003	1.093332e-009	
1.390781e+003	1.088570e-009	
1.390787e+003	1.083809e-009	
1.390793e+003	1.079048e-009	
1.390799e+003	1.074304e-009	
1.390805e+003	1.069714e-009	
1.390811e+003	1.065190e-009	
1.390816e+003	1.060666e-009	
1.390822e+003	1.056143e-009	
1.390828e+003	1.051619e-009	
1.390834e+003	1.047095e-009	
1.390840e+003	1.042572e-009	
1.390846e+003	1.038048e-009	
1.390852e+003	1.033524e-009	
1.390857e+003	1.029001e-009	
1.390863e+003	1.024477e-009	
1.390869e+003	1.019954e-009	
1.390875e+003	1.015442e-009	
1.390881e+003	1.010933e-009	
1.390887e+003	1.006424e-009	
1.390893e+003	1.001915e-009	
1.390898e+003	9.974062e-010	
1.390904e+003	9.928974e-010	
1.390910e+003	9.883886e-010	
1.390916e+003	9.838795e-010	
1.390922e+003	9.793708e-010	
1.390928e+003	9.748620e-010	
1.390934e+003	9.703530e-010	
1.390939e+003	9.658443e-010	
1.390945e+003	9.613351e-010	
1.390951e+003	9.568262e-010	
1.390957e+003	9.523173e-010	
1.390963e+003	9.478084e-010	
1.390969e+003	9.432993e-010	
1.390975e+003	9.387906e-010	
1.390980e+003	9.342819e-010	
1.390986e+003	9.297726e-010	
1.390992e+003	9.252638e-010	
1.390998e+003	9.207933e-010	
1.391004e+003	9.167762e-010	
1.391010e+003	9.130626e-010	
1.391016e+003	9.093493e-010	
1.391021e+003	9.056360e-010	
1.391027e+003	9.019226e-010	
1.391033e+003	8.982090e-010	
1.391039e+003	8.944958e-010	
1.391045e+003	8.907823e-010	
1.391051e+003	8.870688e-010	
1.391057e+003	8.833556e-010	
1.391062e+003	8.796421e-010	
1.391068e+003	8.759302e-010	
1.391074e+003	8.722369e-010	
1.391080e+003	8.685532e-010	
1.391086e+003	8.648693e-010	
1.391092e+003	8.611854e-010	
1.391098e+003	8.575211e-010	
1.391104e+003	8.540853e-010	
1.391109e+003	8.508436e-010	
1.391115e+003	8.476018e-010	
1.391121e+003	8.443600e-010	
1.391127e+003	8.411183e-010	
1.391133e+003	8.378766e-010	
1.391139e+003	8.346348e-010	
1.391145e+003	8.313931e-010	
1.391150e+003	8.281510e-010	
1.391156e+003	8.249094e-010	
1.391162e+003	8.216676e-010	
1.391168e+003	8.184252e-010	
1.391174e+003	8.151744e-010	
1.391180e+003	8.119175e-010	
1.391186e+003	8.086609e-010	
1.391191e+003	8.054043e-010	
1.391197e+003	8.021504e-010	
1.391203e+003	7.989411e-010	
1.391209e+003	7.957763e-010	
1.391215e+003	7.926120e-010	
1.391221e+003	7.894472e-010	
1.391227e+003	7.862828e-010	
1.391232e+003	7.831182e-010	
1.391238e+003	7.799535e-010	
1.391244e+003	7.767889e-010	
1.391250e+003	7.736244e-010	
1.391256e+003	7.704601e-010	
1.391262e+003	7.672954e-010	
1.391268e+003	7.641321e-010	
1.391273e+003	7.609921e-010	
1.391279e+003	7.578718e-010	
1.391285e+003	7.547517e-010	
1.391291e+003	7.516315e-010	
1.391297e+003	7.485115e-010	
1.391303e+003	7.453960e-010	
1.391309e+003	7.422867e-010	
1.391314e+003	7.391773e-010	
1.391320e+003	7.360680e-010	
1.391326e+003	7.329587e-010	
1.391332e+003	7.298496e-010	
1.391338e+003	7.267405e-010	
1.391344e+003	7.236314e-010	
1.391350e+003	7.205221e-010	
1.391355e+003	7.174130e-010	
1.391361e+003	7.143037e-010	
1.391367e+003	7.111938e-010	
1.391373e+003	7.080701e-010	
1.391379e+003	7.049315e-010	
1.391385e+003	7.017927e-010	
1.391391e+003	6.986541e-010	
1.391396e+003	6.955255e-010	
1.391402e+003	6.926507e-010	
1.391408e+003	6.902044e-010	
1.391414e+003	6.877582e-010	
1.391420e+003	6.853120e-010	
1.391426e+003	6.828658e-010	
1.391432e+003	6.804194e-010	
1.391438e+003	6.779732e-010	
1.391443e+003	6.755269e-010	
1.391449e+003	6.730806e-010	
1.391455e+003	6.706345e-010	
1.391461e+003	6.681883e-010	
1.391467e+003	6.657428e-010	
1.391473e+003	6.633161e-010	
1.391479e+003	6.609143e-010	
1.391484e+003	6.585124e-010	
1.391490e+003	6.561106e-010	
1.391496e+003	6.537103e-010	
1.391502e+003	6.513510e-010	
1.391508e+003	6.490818e-010	
1.391514e+003	6.468125e-010	
1.391520e+003	6.445433e-010	
1.391525e+003	6.422740e-010	
1.391531e+003	6.400048e-010	
1.391537e+003	6.377355e-010	
1.391543e+003	6.354662e-010	
1.391549e+003	6.331971e-010	
1.391555e+003	6.309279e-010	
1.391561e+003	6.286586e-010	
1.391566e+003	6.263890e-010	
1.391572e+003	6.241086e-010	
1.391578e+003	6.218099e-010	
1.391584e+003	6.195113e-010	
1.391590e+003	6.172127e-010	
1.391596e+003	6.149143e-010	
1.391602e+003	6.126213e-010	
1.391607e+003	6.103449e-010	
1.391613e+003	6.080684e-010	
1.391619e+003	6.057919e-010	
1.391625e+003	6.035154e-010	
1.391631e+003	6.012389e-010	
1.391637e+003	5.989624e-010	
1.391643e+003	5.966859e-010	
1.391648e+003	5.944094e-010	
1.391654e+003	5.921330e-010	
1.391660e+003	5.898566e-010	
1.391666e+003	5.875803e-010	
1.391672e+003	5.853129e-010	
1.391678e+003	5.830659e-010	
1.391684e+003	5.808189e-010	
1.391689e+003	5.785719e-010	
1.391695e+003	5.763255e-010	
1.391701e+003	5.741092e-010	
1.391707e+003	5.720120e-010	
1.391713e+003	5.699149e-010	
1.391719e+003	5.678178e-010	
1.391725e+003	5.657207e-010	
1.391730e+003	5.636236e-010	
1.391736e+003	5.615265e-010	
1.391742e+003	5.594294e-010	
1.391748e+003	5.573323e-010	
1.391754e+003	5.552352e-010	
1.391760e+003	5.531381e-010	
1.391766e+003	5.510409e-010	
1.391771e+003	5.489403e-010	
1.391777e+003	5.468285e-010	
1.391783e+003	5.447166e-010	
1.391789e+003	5.426048e-010	
1.391795e+003	5.404937e-010	
1.391801e+003	5.384224e-010	
1.391807e+003	5.366394e-010	
1.391812e+003	5.348565e-010	
1.391818e+003	5.330737e-010	
1.391824e+003	5.312909e-010	
1.391830e+003	5.295081e-010	
1.391836e+003	5.277252e-010	
1.391842e+003	5.259424e-010	
1.391848e+003	5.241596e-010	
1.391854e+003	5.223768e-010	
1.391859e+003	5.205940e-010	
1.391865e+003	5.188113e-010	
1.391871e+003	5.170339e-010	
1.391877e+003	5.152807e-010	
1.391883e+003	5.135274e-010	
1.391889e+003	5.117742e-010	
1.391895e+003	5.100210e-010	
1.391900e+003	5.082742e-010	
1.391906e+003	5.066241e-010	
1.391912e+003	5.049740e-010	
1.391918e+003	5.033239e-010	
1.391924e+003	5.016739e-010	
1.391930e+003	5.000237e-010	
1.391936e+003	4.983737e-010	
1.391941e+003	4.967236e-010	
1.391947e+003	4.950736e-010	
1.391953e+003	4.934235e-010	
1.391959e+003	4.917734e-010	
1.391965e+003	4.901234e-010	
1.391971e+003	4.884715e-010	
1.391977e+003	4.868067e-010	
1.391982e+003	4.851419e-010	
1.391988e+003	4.834771e-010	
1.391994e+003	4.818123e-010	
