# format  : curve #1.x (tab) curve #1.y (tab) curve #2.x (tab) curve #2.y (tab) ...
# title   : Simulated Spectrum
# abscissa: Energy [eV]
# ordinate: Intensity [counts]
#==========================================================================================================
# Curve #1 (x,y): Config ##: 1
# Reference: W.S.M. Werner, W. Smekal and C. J. Powell, Simulation of Electron Spectra for Surface Analysis (SESSA V2.0) National Institute of Standards and Technology, Gaithersburg, MD (2010), 
# Reliability: 
# Remarks: 
#==========================================================================================================
1.380000e+003	7.302833e-009	
1.380006e+003	7.310513e-009	
1.380012e+003	7.318299e-009	
1.380018e+003	7.326125e-009	
1.380023e+003	7.334041e-009	
1.380029e+003	7.342005e-009	
1.380035e+003	7.350031e-009	
1.380041e+003	7.358130e-009	
1.380047e+003	7.366285e-009	
1.380053e+003	7.374478e-009	
1.380059e+003	7.382762e-009	
1.380064e+003	7.391100e-009	
1.380070e+003	7.399497e-009	
1.380076e+003	7.407965e-009	
1.380082e+003	7.416491e-009	
1.380088e+003	7.425053e-009	
1.380094e+003	7.433703e-009	
1.380100e+003	7.442372e-009	
1.380105e+003	7.452019e-009	
1.380111e+003	7.461758e-009	
1.380117e+003	7.471547e-009	
1.380123e+003	7.481404e-009	
1.380129e+003	7.491308e-009	
1.380135e+003	7.501279e-009	
1.380141e+003	7.511267e-009	
1.380146e+003	7.521315e-009	
1.380152e+003	7.531400e-009	
1.380158e+003	7.541532e-009	
1.380164e+003	7.551716e-009	
1.380170e+003	7.561946e-009	
1.380176e+003	7.572231e-009	
1.380182e+003	7.582564e-009	
1.380188e+003	7.592940e-009	
1.380193e+003	7.603346e-009	
1.380199e+003	7.613811e-009	
1.380205e+003	7.625811e-009	
1.380211e+003	7.638037e-009	
1.380217e+003	7.650326e-009	
1.380223e+003	7.662663e-009	
1.380229e+003	7.675010e-009	
1.380234e+003	7.687404e-009	
1.380240e+003	7.699844e-009	
1.380246e+003	7.712310e-009	
1.380252e+003	7.724828e-009	
1.380258e+003	7.737386e-009	
1.380264e+003	7.749979e-009	
1.380270e+003	7.762586e-009	
1.380275e+003	7.775219e-009	
1.380281e+003	7.787921e-009	
1.380287e+003	7.800630e-009	
1.380293e+003	7.813380e-009	
1.380299e+003	7.826146e-009	
1.380305e+003	7.841254e-009	
1.380311e+003	7.856963e-009	
1.380316e+003	7.872709e-009	
1.380322e+003	7.888485e-009	
1.380328e+003	7.904314e-009	
1.380334e+003	7.920161e-009	
1.380340e+003	7.936023e-009	
1.380346e+003	7.951942e-009	
1.380352e+003	7.967858e-009	
1.380357e+003	7.983830e-009	
1.380363e+003	7.999827e-009	
1.380369e+003	8.015840e-009	
1.380375e+003	8.031941e-009	
1.380381e+003	8.048050e-009	
1.380387e+003	8.064214e-009	
1.380393e+003	8.080391e-009	
1.380398e+003	8.096601e-009	
1.380404e+003	8.115133e-009	
1.380410e+003	8.134482e-009	
1.380416e+003	8.153880e-009	
1.380422e+003	8.173306e-009	
1.380428e+003	8.192780e-009	
1.380434e+003	8.212247e-009	
1.380439e+003	8.231764e-009	
1.380445e+003	8.251294e-009	
1.380451e+003	8.270854e-009	
1.380457e+003	8.290428e-009	
1.380463e+003	8.310026e-009	
1.380469e+003	8.329660e-009	
1.380475e+003	8.349299e-009	
1.380480e+003	8.368970e-009	
1.380486e+003	8.388671e-009	
1.380492e+003	8.408390e-009	
1.380498e+003	8.428119e-009	
1.380504e+003	8.449903e-009	
1.380510e+003	8.472611e-009	
1.380516e+003	8.495381e-009	
1.380521e+003	8.518187e-009	
1.380527e+003	8.540985e-009	
1.380533e+003	8.563831e-009	
1.380539e+003	8.586689e-009	
1.380545e+003	8.609555e-009	
1.380551e+003	8.632462e-009	
1.380557e+003	8.655378e-009	
1.380562e+003	8.678311e-009	
1.380568e+003	8.701266e-009	
1.380574e+003	8.724242e-009	
1.380580e+003	8.747239e-009	
1.380586e+003	8.770254e-009	
1.380592e+003	8.793283e-009	
1.380598e+003	8.816341e-009	
1.380604e+003	8.842395e-009	
1.380609e+003	8.870218e-009	
1.380615e+003	8.898136e-009	
1.380621e+003	8.926060e-009	
1.380627e+003	8.954012e-009	
1.380633e+003	8.981976e-009	
1.380639e+003	9.009981e-009	
1.380645e+003	9.037960e-009	
1.380650e+003	9.065997e-009	
1.380656e+003	9.094030e-009	
1.380662e+003	9.122094e-009	
1.380668e+003	9.150145e-009	
1.380674e+003	9.178263e-009	
1.380680e+003	9.206384e-009	
1.380686e+003	9.234522e-009	
1.380691e+003	9.262693e-009	
1.380697e+003	9.290872e-009	
1.380703e+003	9.322652e-009	
1.380709e+003	9.357013e-009	
1.380715e+003	9.391545e-009	
1.380721e+003	9.426092e-009	
1.380727e+003	9.460674e-009	
1.380732e+003	9.495265e-009	
1.380738e+003	9.529882e-009	
1.380744e+003	9.564489e-009	
1.380750e+003	9.599128e-009	
1.380756e+003	9.633789e-009	
1.380762e+003	9.668437e-009	
1.380768e+003	9.703130e-009	
1.380773e+003	9.737838e-009	
1.380779e+003	9.772555e-009	
1.380785e+003	9.807313e-009	
1.380791e+003	9.842084e-009	
1.380797e+003	9.876858e-009	
1.380803e+003	9.914952e-009	
1.380809e+003	9.956308e-009	
1.380814e+003	9.997867e-009	
1.380820e+003	1.003944e-008	
1.380826e+003	1.008103e-008	
1.380832e+003	1.012265e-008	
1.380838e+003	1.016427e-008	
1.380844e+003	1.020590e-008	
1.380850e+003	1.024757e-008	
1.380855e+003	1.028924e-008	
1.380861e+003	1.033092e-008	
1.380867e+003	1.037262e-008	
1.380873e+003	1.041432e-008	
1.380879e+003	1.045606e-008	
1.380885e+003	1.049782e-008	
1.380891e+003	1.053960e-008	
1.380896e+003	1.058138e-008	
1.380902e+003	1.062654e-008	
1.380908e+003	1.067569e-008	
1.380914e+003	1.072519e-008	
1.380920e+003	1.077471e-008	
1.380926e+003	1.082424e-008	
1.380932e+003	1.087377e-008	
1.380938e+003	1.092332e-008	
1.380943e+003	1.097289e-008	
1.380949e+003	1.102247e-008	
1.380955e+003	1.107204e-008	
1.380961e+003	1.112165e-008	
1.380967e+003	1.117126e-008	
1.380973e+003	1.122088e-008	
1.380979e+003	1.127054e-008	
1.380984e+003	1.132021e-008	
1.380990e+003	1.136988e-008	
1.380996e+003	1.141958e-008	
1.381002e+003	1.147359e-008	
1.381008e+003	1.153403e-008	
1.381014e+003	1.159503e-008	
1.381020e+003	1.165606e-008	
1.381025e+003	1.171708e-008	
1.381031e+003	1.177811e-008	
1.381037e+003	1.183916e-008	
1.381043e+003	1.190021e-008	
1.381049e+003	1.196127e-008	
1.381055e+003	1.202236e-008	
1.381061e+003	1.208345e-008	
1.381066e+003	1.214454e-008	
1.381072e+003	1.220564e-008	
1.381078e+003	1.226676e-008	
1.381084e+003	1.232790e-008	
1.381090e+003	1.238901e-008	
1.381096e+003	1.245017e-008	
1.381102e+003	1.251552e-008	
1.381107e+003	1.258883e-008	
1.381113e+003	1.266284e-008	
1.381119e+003	1.273688e-008	
1.381125e+003	1.281092e-008	
1.381131e+003	1.288497e-008	
1.381137e+003	1.295903e-008	
1.381143e+003	1.303312e-008	
1.381148e+003	1.310722e-008	
1.381154e+003	1.318131e-008	
1.381160e+003	1.325544e-008	
1.381166e+003	1.332955e-008	
1.381172e+003	1.340373e-008	
1.381178e+003	1.347791e-008	
1.381184e+003	1.355212e-008	
1.381189e+003	1.362634e-008	
1.381195e+003	1.370059e-008	
1.381201e+003	1.377872e-008	
1.381207e+003	1.386588e-008	
1.381213e+003	1.395407e-008	
1.381219e+003	1.404225e-008	
1.381225e+003	1.413044e-008	
1.381230e+003	1.421863e-008	
1.381236e+003	1.430686e-008	
1.381242e+003	1.439508e-008	
1.381248e+003	1.448332e-008	
1.381254e+003	1.457158e-008	
1.381260e+003	1.465983e-008	
1.381266e+003	1.474809e-008	
1.381271e+003	1.483637e-008	
1.381277e+003	1.492464e-008	
1.381283e+003	1.501291e-008	
1.381289e+003	1.510121e-008	
1.381295e+003	1.518951e-008	
1.381301e+003	1.528113e-008	
1.381307e+003	1.538423e-008	
1.381312e+003	1.548866e-008	
1.381318e+003	1.559310e-008	
1.381324e+003	1.569754e-008	
1.381330e+003	1.580198e-008	
1.381336e+003	1.590644e-008	
1.381342e+003	1.601090e-008	
1.381348e+003	1.611538e-008	
1.381354e+003	1.621987e-008	
1.381359e+003	1.632439e-008	
1.381365e+003	1.642888e-008	
1.381371e+003	1.653342e-008	
1.381377e+003	1.663798e-008	
1.381383e+003	1.674258e-008	
1.381389e+003	1.684717e-008	
1.381395e+003	1.695178e-008	
1.381400e+003	1.705965e-008	
1.381406e+003	1.718208e-008	
1.381412e+003	1.730655e-008	
1.381418e+003	1.743103e-008	
1.381424e+003	1.755550e-008	
1.381430e+003	1.767999e-008	
1.381436e+003	1.780450e-008	
1.381441e+003	1.792902e-008	
1.381447e+003	1.805354e-008	
1.381453e+003	1.817807e-008	
1.381459e+003	1.830261e-008	
1.381465e+003	1.842715e-008	
1.381471e+003	1.855172e-008	
1.381477e+003	1.867631e-008	
1.381482e+003	1.880092e-008	
1.381488e+003	1.892551e-008	
1.381494e+003	1.905014e-008	
1.381500e+003	1.917714e-008	
1.381506e+003	1.932128e-008	
1.381512e+003	1.946781e-008	
1.381518e+003	1.961437e-008	
1.381523e+003	1.976094e-008	
1.381529e+003	1.990749e-008	
1.381535e+003	2.005406e-008	
1.381541e+003	2.020065e-008	
1.381547e+003	2.034723e-008	
1.381553e+003	2.049384e-008	
1.381559e+003	2.064044e-008	
1.381564e+003	2.078705e-008	
1.381570e+003	2.093369e-008	
1.381576e+003	2.108034e-008	
1.381582e+003	2.122703e-008	
1.381588e+003	2.137372e-008	
1.381594e+003	2.152042e-008	
1.381600e+003	2.166829e-008	
1.381605e+003	2.183375e-008	
1.381611e+003	2.200172e-008	
1.381617e+003	2.216971e-008	
1.381623e+003	2.233768e-008	
1.381629e+003	2.250567e-008	
1.381635e+003	2.267365e-008	
1.381641e+003	2.284165e-008	
1.381646e+003	2.300967e-008	
1.381652e+003	2.317769e-008	
1.381658e+003	2.334572e-008	
1.381664e+003	2.351376e-008	
1.381670e+003	2.368179e-008	
1.381676e+003	2.384984e-008	
1.381682e+003	2.401791e-008	
1.381688e+003	2.418599e-008	
1.381693e+003	2.435405e-008	
1.381699e+003	2.452256e-008	
1.381705e+003	2.471101e-008	
1.381711e+003	2.490290e-008	
1.381717e+003	2.509478e-008	
1.381723e+003	2.528667e-008	
1.381729e+003	2.547857e-008	
1.381734e+003	2.567049e-008	
1.381740e+003	2.586237e-008	
1.381746e+003	2.605431e-008	
1.381752e+003	2.624624e-008	
1.381758e+003	2.643817e-008	
1.381764e+003	2.663011e-008	
1.381770e+003	2.682207e-008	
1.381775e+003	2.701407e-008	
1.381781e+003	2.720607e-008	
1.381787e+003	2.739808e-008	
1.381793e+003	2.759011e-008	
1.381799e+003	2.778213e-008	
1.381805e+003	2.799509e-008	
1.381811e+003	2.821301e-008	
1.381816e+003	2.843117e-008	
1.381822e+003	2.864931e-008	
1.381828e+003	2.886749e-008	
1.381834e+003	2.908567e-008	
1.381840e+003	2.930384e-008	
1.381846e+003	2.952202e-008	
1.381852e+003	2.974022e-008	
1.381857e+003	2.995837e-008	
1.381863e+003	3.017660e-008	
1.381869e+003	3.039480e-008	
1.381875e+003	3.061305e-008	
1.381881e+003	3.083130e-008	
1.381887e+003	3.104957e-008	
1.381893e+003	3.126782e-008	
1.381898e+003	3.148608e-008	
1.381904e+003	3.172239e-008	
1.381910e+003	3.196441e-008	
1.381916e+003	3.220682e-008	
1.381922e+003	3.244925e-008	
1.381928e+003	3.269169e-008	
1.381934e+003	3.293413e-008	
1.381939e+003	3.317659e-008	
1.381945e+003	3.341905e-008	
1.381951e+003	3.366150e-008	
1.381957e+003	3.390397e-008	
1.381963e+003	3.414645e-008	
1.381969e+003	3.438889e-008	
1.381975e+003	3.463137e-008	
1.381980e+003	3.487383e-008	
1.381986e+003	3.511629e-008	
1.381992e+003	3.535877e-008	
1.381998e+003	3.560121e-008	
1.382004e+003	3.585802e-008	
1.382010e+003	3.612052e-008	
1.382016e+003	3.638360e-008	
1.382021e+003	3.664671e-008	
1.382027e+003	3.690984e-008	
1.382033e+003	3.717297e-008	
1.382039e+003	3.743607e-008	
1.382045e+003	3.769919e-008	
1.382051e+003	3.796231e-008	
1.382057e+003	3.822544e-008	
1.382062e+003	3.848859e-008	
1.382068e+003	3.875170e-008	
1.382074e+003	3.901495e-008	
1.382080e+003	3.927825e-008	
1.382086e+003	3.954154e-008	
1.382092e+003	3.980481e-008	
1.382098e+003	4.006811e-008	
1.382104e+003	4.034463e-008	
1.382109e+003	4.062773e-008	
1.382115e+003	4.091154e-008	
1.382121e+003	4.119544e-008	
1.382127e+003	4.147933e-008	
1.382133e+003	4.176323e-008	
1.382139e+003	4.204710e-008	
1.382145e+003	4.233101e-008	
1.382150e+003	4.261494e-008	
1.382156e+003	4.289880e-008	
1.382162e+003	4.318272e-008	
1.382168e+003	4.346662e-008	
1.382174e+003	4.375052e-008	
1.382180e+003	4.403442e-008	
1.382186e+003	4.431828e-008	
1.382191e+003	4.460216e-008	
1.382197e+003	4.488603e-008	
1.382203e+003	4.517929e-008	
1.382209e+003	4.547816e-008	
1.382215e+003	4.577782e-008	
1.382221e+003	4.607750e-008	
1.382227e+003	4.637715e-008	
1.382232e+003	4.667686e-008	
1.382238e+003	4.697655e-008	
1.382244e+003	4.727621e-008	
1.382250e+003	4.757592e-008	
1.382256e+003	4.787562e-008	
1.382262e+003	4.817535e-008	
1.382268e+003	4.847504e-008	
1.382273e+003	4.877483e-008	
1.382279e+003	4.907464e-008	
1.382285e+003	4.937449e-008	
1.382291e+003	4.967433e-008	
1.382297e+003	4.997413e-008	
1.382303e+003	5.027775e-008	
1.382309e+003	5.058432e-008	
1.382314e+003	5.089133e-008	
1.382320e+003	5.119840e-008	
1.382326e+003	5.150545e-008	
1.382332e+003	5.181246e-008	
1.382338e+003	5.211954e-008	
1.382344e+003	5.242658e-008	
1.382350e+003	5.273364e-008	
1.382355e+003	5.304071e-008	
1.382361e+003	5.334777e-008	
1.382367e+003	5.365486e-008	
1.382373e+003	5.396193e-008	
1.382379e+003	5.426901e-008	
1.382385e+003	5.457611e-008	
1.382391e+003	5.488318e-008	
1.382396e+003	5.519028e-008	
1.382402e+003	5.549669e-008	
1.382408e+003	5.580257e-008	
1.382414e+003	5.610829e-008	
1.382420e+003	5.641403e-008	
1.382426e+003	5.671977e-008	
1.382432e+003	5.702553e-008	
1.382438e+003	5.733129e-008	
1.382443e+003	5.763706e-008	
1.382449e+003	5.794281e-008	
1.382455e+003	5.824858e-008	
1.382461e+003	5.855433e-008	
1.382467e+003	5.886014e-008	
1.382473e+003	5.916595e-008	
1.382479e+003	5.947174e-008	
1.382484e+003	5.977757e-008	
1.382490e+003	6.008342e-008	
1.382496e+003	6.038925e-008	
1.382502e+003	6.069308e-008	
1.382508e+003	6.099469e-008	
1.382514e+003	6.129582e-008	
1.382520e+003	6.159696e-008	
1.382525e+003	6.189813e-008	
1.382531e+003	6.219927e-008	
1.382537e+003	6.250044e-008	
1.382543e+003	6.280157e-008	
1.382549e+003	6.310273e-008	
1.382555e+003	6.340390e-008	
1.382561e+003	6.370502e-008	
1.382566e+003	6.400622e-008	
1.382572e+003	6.430739e-008	
1.382578e+003	6.460866e-008	
1.382584e+003	6.490991e-008	
1.382590e+003	6.521119e-008	
1.382596e+003	6.551247e-008	
1.382602e+003	6.580887e-008	
1.382607e+003	6.609879e-008	
1.382613e+003	6.638728e-008	
1.382619e+003	6.667577e-008	
1.382625e+003	6.696429e-008	
1.382631e+003	6.725279e-008	
1.382637e+003	6.754131e-008	
1.382643e+003	6.782977e-008	
1.382648e+003	6.811828e-008	
1.382654e+003	6.840681e-008	
1.382660e+003	6.869531e-008	
1.382666e+003	6.898383e-008	
1.382672e+003	6.927235e-008	
1.382678e+003	6.956093e-008	
1.382684e+003	6.984946e-008	
1.382689e+003	7.013803e-008	
1.382695e+003	7.042656e-008	
1.382701e+003	7.070597e-008	
1.382707e+003	7.097077e-008	
1.382713e+003	7.123210e-008	
1.382719e+003	7.149345e-008	
1.382725e+003	7.175473e-008	
1.382730e+003	7.201608e-008	
1.382736e+003	7.227739e-008	
1.382742e+003	7.253873e-008	
1.382748e+003	7.280008e-008	
1.382754e+003	7.306139e-008	
1.382760e+003	7.332272e-008	
1.382766e+003	7.358407e-008	
1.382771e+003	7.384541e-008	
1.382777e+003	7.410679e-008	
1.382783e+003	7.436820e-008	
1.382789e+003	7.462962e-008	
1.382795e+003	7.489103e-008	
1.382801e+003	7.514419e-008	
1.382807e+003	7.537989e-008	
1.382812e+003	7.561118e-008	
1.382818e+003	7.584242e-008	
1.382824e+003	7.607367e-008	
1.382830e+003	7.630492e-008	
1.382836e+003	7.653617e-008	
1.382842e+003	7.676743e-008	
1.382848e+003	7.699865e-008	
1.382854e+003	7.722994e-008	
1.382859e+003	7.746121e-008	
1.382865e+003	7.769250e-008	
1.382871e+003	7.792376e-008	
1.382877e+003	7.815510e-008	
1.382883e+003	7.838639e-008	
1.382889e+003	7.861770e-008	
1.382895e+003	7.884903e-008	
1.382900e+003	7.907321e-008	
1.382906e+003	7.927930e-008	
1.382912e+003	7.948021e-008	
1.382918e+003	7.968109e-008	
1.382924e+003	7.988203e-008	
1.382930e+003	8.008295e-008	
1.382936e+003	8.028383e-008	
1.382941e+003	8.048475e-008	
1.382947e+003	8.068570e-008	
1.382953e+003	8.088657e-008	
1.382959e+003	8.108746e-008	
1.382965e+003	8.128837e-008	
1.382971e+003	8.148936e-008	
1.382977e+003	8.169037e-008	
1.382982e+003	8.189139e-008	
1.382988e+003	8.209237e-008	
1.382994e+003	8.229344e-008	
1.383000e+003	8.248824e-008	
1.383006e+003	8.266220e-008	
1.383012e+003	8.282998e-008	
1.383018e+003	8.299766e-008	
1.383023e+003	8.316539e-008	
1.383029e+003	8.333312e-008	
1.383035e+003	8.350087e-008	
1.383041e+003	8.366862e-008	
1.383047e+003	8.383633e-008	
1.383053e+003	8.400409e-008	
1.383059e+003	8.417181e-008	
1.383064e+003	8.433956e-008	
1.383070e+003	8.450735e-008	
1.383076e+003	8.467514e-008	
1.383082e+003	8.484298e-008	
1.383088e+003	8.501080e-008	
1.383094e+003	8.517868e-008	
1.383100e+003	8.534103e-008	
1.383105e+003	8.547762e-008	
1.383111e+003	8.560628e-008	
1.383117e+003	8.573490e-008	
1.383123e+003	8.586355e-008	
1.383129e+003	8.599222e-008	
1.383135e+003	8.612086e-008	
1.383141e+003	8.624950e-008	
1.383146e+003	8.637814e-008	
1.383152e+003	8.650686e-008	
1.383158e+003	8.663550e-008	
1.383164e+003	8.676414e-008	
1.383170e+003	8.689280e-008	
1.383176e+003	8.702157e-008	
1.383182e+003	8.715038e-008	
1.383188e+003	8.727917e-008	
1.383193e+003	8.740793e-008	
1.383199e+003	8.753389e-008	
1.383205e+003	8.764199e-008	
1.383211e+003	8.774387e-008	
1.383217e+003	8.784573e-008	
1.383223e+003	8.794765e-008	
1.383229e+003	8.804955e-008	
1.383234e+003	8.815139e-008	
1.383240e+003	8.825334e-008	
1.383246e+003	8.835522e-008	
1.383252e+003	8.845718e-008	
1.383258e+003	8.855909e-008	
1.383264e+003	8.866096e-008	
1.383270e+003	8.876290e-008	
1.383275e+003	8.886486e-008	
1.383281e+003	8.896688e-008	
1.383287e+003	8.906888e-008	
1.383293e+003	8.917090e-008	
1.383299e+003	8.927218e-008	
1.383305e+003	8.936262e-008	
1.383311e+003	8.944919e-008	
1.383316e+003	8.953577e-008	
1.383322e+003	8.962233e-008	
1.383328e+003	8.970883e-008	
1.383334e+003	8.979541e-008	
1.383340e+003	8.988187e-008	
1.383346e+003	8.996836e-008	
1.383352e+003	9.005494e-008	
1.383357e+003	9.014144e-008	
1.383363e+003	9.022796e-008	
1.383369e+003	9.031456e-008	
1.383375e+003	9.040111e-008	
1.383381e+003	9.048784e-008	
1.383387e+003	9.057450e-008	
1.383393e+003	9.066119e-008	
1.383398e+003	9.074763e-008	
1.383404e+003	9.082404e-008	
1.383410e+003	9.089630e-008	
1.383416e+003	9.096865e-008	
1.383422e+003	9.104097e-008	
1.383428e+003	9.111336e-008	
1.383434e+003	9.118571e-008	
1.383439e+003	9.125807e-008	
1.383445e+003	9.133039e-008	
1.383451e+003	9.140276e-008	
1.383457e+003	9.147513e-008	
1.383463e+003	9.154748e-008	
1.383469e+003	9.161984e-008	
1.383475e+003	9.169233e-008	
1.383480e+003	9.176484e-008	
1.383486e+003	9.183729e-008	
1.383492e+003	9.190984e-008	
1.383498e+003	9.198244e-008	
1.383504e+003	9.204513e-008	
1.383510e+003	9.210334e-008	
1.383516e+003	9.216132e-008	
1.383521e+003	9.221922e-008	
1.383527e+003	9.227733e-008	
1.383533e+003	9.233526e-008	
1.383539e+003	9.239323e-008	
1.383545e+003	9.245123e-008	
1.383551e+003	9.250917e-008	
1.383557e+003	9.256723e-008	
1.383562e+003	9.262531e-008	
1.383568e+003	9.268328e-008	
1.383574e+003	9.274136e-008	
1.383580e+003	9.279950e-008	
1.383586e+003	9.285767e-008	
1.383592e+003	9.291580e-008	
1.383598e+003	9.297388e-008	
1.383604e+003	9.303968e-008	
1.383609e+003	9.310966e-008	
1.383615e+003	9.317996e-008	
1.383621e+003	9.325017e-008	
1.383627e+003	9.332044e-008	
1.383633e+003	9.339068e-008	
1.383639e+003	9.346087e-008	
1.383645e+003	9.353109e-008	
1.383650e+003	9.360131e-008	
1.383656e+003	9.367172e-008	
1.383662e+003	9.374200e-008	
1.383668e+003	9.381220e-008	
1.383674e+003	9.388251e-008	
1.383680e+003	9.395291e-008	
1.383686e+003	9.402319e-008	
1.383691e+003	9.409364e-008	
1.383697e+003	9.416410e-008	
1.383703e+003	9.424858e-008	
1.383709e+003	9.434189e-008	
1.383715e+003	9.443633e-008	
1.383721e+003	9.453071e-008	
1.383727e+003	9.462514e-008	
1.383732e+003	9.471956e-008	
1.383738e+003	9.481403e-008	
1.383744e+003	9.490841e-008	
1.383750e+003	9.500278e-008	
1.383756e+003	9.509729e-008	
1.383762e+003	9.519177e-008	
1.383768e+003	9.528614e-008	
1.383773e+003	9.538064e-008	
1.383779e+003	9.547534e-008	
1.383785e+003	9.557004e-008	
1.383791e+003	9.566475e-008	
1.383797e+003	9.575941e-008	
1.383803e+003	9.585786e-008	
1.383809e+003	9.595934e-008	
1.383814e+003	9.606135e-008	
1.383820e+003	9.616328e-008	
1.383826e+003	9.626517e-008	
1.383832e+003	9.636720e-008	
1.383838e+003	9.646915e-008	
1.383844e+003	9.657108e-008	
1.383850e+003	9.667298e-008	
1.383855e+003	9.677499e-008	
1.383861e+003	9.687698e-008	
1.383867e+003	9.697889e-008	
1.383873e+003	9.708097e-008	
1.383879e+003	9.718308e-008	
1.383885e+003	9.728518e-008	
1.383891e+003	9.738731e-008	
1.383896e+003	9.748941e-008	
1.383902e+003	9.759713e-008	
1.383908e+003	9.770985e-008	
1.383914e+003	9.782362e-008	
1.383920e+003	9.793734e-008	
1.383926e+003	9.805105e-008	
1.383932e+003	9.816476e-008	
1.383938e+003	9.827848e-008	
1.383943e+003	9.839223e-008	
1.383949e+003	9.850598e-008	
1.383955e+003	9.861974e-008	
1.383961e+003	9.873347e-008	
1.383967e+003	9.884721e-008	
1.383973e+003	9.896114e-008	
1.383979e+003	9.907536e-008	
1.383984e+003	9.918949e-008	
1.383990e+003	9.930368e-008	
1.383996e+003	9.941790e-008	
1.384002e+003	9.954838e-008	
1.384008e+003	9.969511e-008	
1.384014e+003	9.984588e-008	
1.384020e+003	9.999674e-008	
1.384025e+003	1.001475e-007	
1.384031e+003	1.002984e-007	
1.384037e+003	1.004492e-007	
1.384043e+003	1.006000e-007	
1.384049e+003	1.007508e-007	
1.384055e+003	1.009017e-007	
1.384061e+003	1.010525e-007	
1.384066e+003	1.012033e-007	
1.384072e+003	1.013541e-007	
1.384078e+003	1.015051e-007	
1.384084e+003	1.016559e-007	
1.384090e+003	1.018068e-007	
1.384096e+003	1.019577e-007	
1.384102e+003	1.021307e-007	
1.384107e+003	1.023295e-007	
1.384113e+003	1.025355e-007	
1.384119e+003	1.027415e-007	
1.384125e+003	1.029475e-007	
1.384131e+003	1.031535e-007	
1.384137e+003	1.033594e-007	
1.384143e+003	1.035656e-007	
1.384148e+003	1.037715e-007	
1.384154e+003	1.039775e-007	
1.384160e+003	1.041835e-007	
1.384166e+003	1.043895e-007	
1.384172e+003	1.045958e-007	
1.384178e+003	1.048024e-007	
1.384184e+003	1.050091e-007	
1.384189e+003	1.052158e-007	
1.384195e+003	1.054224e-007	
1.384201e+003	1.056290e-007	
1.384207e+003	1.058355e-007	
1.384213e+003	1.060419e-007	
1.384219e+003	1.062483e-007	
1.384225e+003	1.064548e-007	
1.384230e+003	1.066612e-007	
1.384236e+003	1.068677e-007	
1.384242e+003	1.070741e-007	
1.384248e+003	1.072805e-007	
1.384254e+003	1.074870e-007	
1.384260e+003	1.076934e-007	
1.384266e+003	1.078999e-007	
1.384271e+003	1.081064e-007	
1.384277e+003	1.083128e-007	
1.384283e+003	1.085191e-007	
1.384289e+003	1.087256e-007	
1.384295e+003	1.089320e-007	
1.384301e+003	1.091478e-007	
1.384307e+003	1.093791e-007	
1.384312e+003	1.096160e-007	
1.384318e+003	1.098530e-007	
1.384324e+003	1.100898e-007	
1.384330e+003	1.103268e-007	
1.384336e+003	1.105637e-007	
1.384342e+003	1.108006e-007	
1.384348e+003	1.110375e-007	
1.384354e+003	1.112745e-007	
1.384359e+003	1.115114e-007	
1.384365e+003	1.117483e-007	
1.384371e+003	1.119857e-007	
1.384377e+003	1.122236e-007	
1.384383e+003	1.124617e-007	
1.384389e+003	1.126998e-007	
1.384395e+003	1.129380e-007	
1.384400e+003	1.131891e-007	
1.384406e+003	1.134649e-007	
1.384412e+003	1.137508e-007	
1.384418e+003	1.140367e-007	
1.384424e+003	1.143226e-007	
1.384430e+003	1.146085e-007	
1.384436e+003	1.148944e-007	
1.384441e+003	1.151803e-007	
1.384447e+003	1.154661e-007	
1.384453e+003	1.157520e-007	
1.384459e+003	1.160380e-007	
1.384465e+003	1.163239e-007	
1.384471e+003	1.166098e-007	
1.384477e+003	1.168956e-007	
1.384482e+003	1.171815e-007	
1.384488e+003	1.174673e-007	
1.384494e+003	1.177532e-007	
1.384500e+003	1.180525e-007	
1.384506e+003	1.183822e-007	
1.384512e+003	1.187254e-007	
1.384518e+003	1.190685e-007	
1.384523e+003	1.194117e-007	
1.384529e+003	1.197548e-007	
1.384535e+003	1.200980e-007	
1.384541e+003	1.204411e-007	
1.384547e+003	1.207843e-007	
1.384553e+003	1.211274e-007	
1.384559e+003	1.214706e-007	
1.384564e+003	1.218138e-007	
1.384570e+003	1.221573e-007	
1.384576e+003	1.225012e-007	
1.384582e+003	1.228454e-007	
1.384588e+003	1.231897e-007	
1.384594e+003	1.235338e-007	
1.384600e+003	1.238871e-007	
1.384605e+003	1.242659e-007	
1.384611e+003	1.246567e-007	
1.384617e+003	1.250474e-007	
1.384623e+003	1.254382e-007	
1.384629e+003	1.258289e-007	
1.384635e+003	1.262197e-007	
1.384641e+003	1.266105e-007	
1.384646e+003	1.270012e-007	
1.384652e+003	1.273920e-007	
1.384658e+003	1.277828e-007	
1.384664e+003	1.281737e-007	
1.384670e+003	1.285644e-007	
1.384676e+003	1.289553e-007	
1.384682e+003	1.293461e-007	
1.384688e+003	1.297372e-007	
1.384693e+003	1.301282e-007	
1.384699e+003	1.305452e-007	
1.384705e+003	1.310498e-007	
1.384711e+003	1.316004e-007	
1.384717e+003	1.321512e-007	
1.384723e+003	1.327019e-007	
1.384729e+003	1.332526e-007	
1.384734e+003	1.338033e-007	
1.384740e+003	1.343539e-007	
1.384746e+003	1.349047e-007	
1.384752e+003	1.354554e-007	
1.384758e+003	1.360062e-007	
1.384764e+003	1.365569e-007	
1.384770e+003	1.371078e-007	
1.384775e+003	1.376592e-007	
1.384781e+003	1.382109e-007	
1.384787e+003	1.387627e-007	
1.384793e+003	1.393144e-007	
1.384799e+003	1.398790e-007	
1.384805e+003	1.405078e-007	
1.384811e+003	1.411731e-007	
1.384816e+003	1.418383e-007	
1.384822e+003	1.425036e-007	
1.384828e+003	1.431690e-007	
1.384834e+003	1.438342e-007	
1.384840e+003	1.444994e-007	
1.384846e+003	1.451648e-007	
1.384852e+003	1.458302e-007	
1.384857e+003	1.464955e-007	
1.384863e+003	1.471607e-007	
1.384869e+003	1.478262e-007	
1.384875e+003	1.484923e-007	
1.384881e+003	1.491585e-007	
1.384887e+003	1.498245e-007	
1.384893e+003	1.504908e-007	
1.384898e+003	1.511680e-007	
1.384904e+003	1.519165e-007	
1.384910e+003	1.527104e-007	
1.384916e+003	1.535045e-007	
1.384922e+003	1.542987e-007	
1.384928e+003	1.550927e-007	
1.384934e+003	1.558868e-007	
1.384939e+003	1.566808e-007	
1.384945e+003	1.574748e-007	
1.384951e+003	1.582690e-007	
1.384957e+003	1.590630e-007	
1.384963e+003	1.598572e-007	
1.384969e+003	1.606516e-007	
1.384975e+003	1.614473e-007	
1.384980e+003	1.622440e-007	
1.384986e+003	1.630405e-007	
1.384992e+003	1.638370e-007	
1.384998e+003	1.646431e-007	
1.385004e+003	1.655606e-007	
1.385010e+003	1.665527e-007	
1.385016e+003	1.675448e-007	
1.385021e+003	1.685371e-007	
1.385027e+003	1.695293e-007	
1.385033e+003	1.705216e-007	
1.385039e+003	1.715137e-007	
1.385045e+003	1.725059e-007	
1.385051e+003	1.734980e-007	
1.385057e+003	1.744902e-007	
1.385062e+003	1.754825e-007	
1.385068e+003	1.764748e-007	
1.385074e+003	1.774681e-007	
1.385080e+003	1.784620e-007	
1.385086e+003	1.794559e-007	
1.385092e+003	1.804500e-007	
1.385098e+003	1.814489e-007	
1.385104e+003	1.826833e-007	
1.385109e+003	1.840837e-007	
1.385115e+003	1.854842e-007	
1.385121e+003	1.868847e-007	
1.385127e+003	1.882852e-007	
1.385133e+003	1.896856e-007	
1.385139e+003	1.910862e-007	
1.385145e+003	1.924868e-007	
1.385150e+003	1.938873e-007	
1.385156e+003	1.952876e-007	
1.385162e+003	1.966881e-007	
1.385168e+003	1.980885e-007	
1.385174e+003	1.994900e-007	
1.385180e+003	2.008919e-007	
1.385186e+003	2.022940e-007	
1.385191e+003	2.036959e-007	
1.385197e+003	2.050979e-007	
1.385203e+003	2.067803e-007	
1.385209e+003	2.086869e-007	
1.385215e+003	2.105979e-007	
1.385221e+003	2.125091e-007	
1.385227e+003	2.144203e-007	
1.385232e+003	2.163312e-007	
1.385238e+003	2.182424e-007	
1.385244e+003	2.201535e-007	
1.385250e+003	2.220647e-007	
1.385256e+003	2.239756e-007	
1.385262e+003	2.258868e-007	
1.385268e+003	2.277979e-007	
1.385273e+003	2.297100e-007	
1.385279e+003	2.316232e-007	
1.385285e+003	2.335364e-007	
1.385291e+003	2.354494e-007	
1.385297e+003	2.373625e-007	
1.385303e+003	2.396670e-007	
1.385309e+003	2.423217e-007	
1.385314e+003	2.450120e-007	
1.385320e+003	2.477020e-007	
1.385326e+003	2.503922e-007	
1.385332e+003	2.530823e-007	
1.385338e+003	2.557724e-007	
1.385344e+003	2.584625e-007	
1.385350e+003	2.611526e-007	
1.385355e+003	2.638426e-007	
1.385361e+003	2.665326e-007	
1.385367e+003	2.692228e-007	
1.385373e+003	2.719150e-007	
1.385379e+003	2.746087e-007	
1.385385e+003	2.773027e-007	
1.385391e+003	2.799965e-007	
1.385396e+003	2.826904e-007	
1.385402e+003	2.859276e-007	
1.385408e+003	2.897178e-007	
1.385414e+003	2.935865e-007	
1.385420e+003	2.974551e-007	
1.385426e+003	3.013234e-007	
1.385432e+003	3.051921e-007	
1.385438e+003	3.090605e-007	
1.385443e+003	3.129290e-007	
1.385449e+003	3.167974e-007	
1.385455e+003	3.206659e-007	
1.385461e+003	3.245343e-007	
1.385467e+003	3.284028e-007	
1.385473e+003	3.322741e-007	
1.385479e+003	3.361485e-007	
1.385484e+003	3.400223e-007	
1.385490e+003	3.438970e-007	
1.385496e+003	3.477712e-007	
1.385502e+003	3.523852e-007	
1.385508e+003	3.578191e-007	
1.385514e+003	3.634182e-007	
1.385520e+003	3.690169e-007	
1.385525e+003	3.746157e-007	
1.385531e+003	3.802145e-007	
1.385537e+003	3.858132e-007	
1.385543e+003	3.914122e-007	
1.385549e+003	3.970108e-007	
1.385555e+003	4.026096e-007	
1.385561e+003	4.082083e-007	
1.385566e+003	4.138065e-007	
1.385572e+003	4.194089e-007	
1.385578e+003	4.250142e-007	
1.385584e+003	4.306199e-007	
1.385590e+003	4.362263e-007	
1.385596e+003	4.418322e-007	
1.385602e+003	4.483676e-007	
1.385607e+003	4.560345e-007	
1.385613e+003	4.639940e-007	
1.385619e+003	4.719527e-007	
1.385625e+003	4.799119e-007	
1.385631e+003	4.878709e-007	
1.385637e+003	4.958304e-007	
1.385643e+003	5.037894e-007	
1.385648e+003	5.117481e-007	
1.385654e+003	5.197075e-007	
1.385660e+003	5.276663e-007	
1.385666e+003	5.356253e-007	
1.385672e+003	5.435886e-007	
1.385678e+003	5.515575e-007	
1.385684e+003	5.595269e-007	
1.385689e+003	5.674963e-007	
1.385695e+003	5.754658e-007	
1.385701e+003	5.844527e-007	
1.385707e+003	5.948376e-007	
1.385713e+003	6.056476e-007	
1.385719e+003	6.164584e-007	
1.385725e+003	6.272687e-007	
1.385730e+003	6.380790e-007	
1.385736e+003	6.488895e-007	
1.385742e+003	6.596996e-007	
1.385748e+003	6.705099e-007	
1.385754e+003	6.813199e-007	
1.385760e+003	6.921303e-007	
1.385766e+003	7.029407e-007	
1.385771e+003	7.137564e-007	
1.385777e+003	7.245800e-007	
1.385783e+003	7.354056e-007	
1.385789e+003	7.462309e-007	
1.385795e+003	7.570565e-007	
1.385801e+003	7.687995e-007	
1.385807e+003	7.819884e-007	
1.385812e+003	7.957299e-007	
1.385818e+003	8.094715e-007	
1.385824e+003	8.232132e-007	
1.385830e+003	8.369556e-007	
1.385836e+003	8.506978e-007	
1.385842e+003	8.644395e-007	
1.385848e+003	8.781810e-007	
1.385854e+003	8.919227e-007	
1.385859e+003	9.056646e-007	
1.385865e+003	9.194059e-007	
1.385871e+003	9.331558e-007	
1.385877e+003	9.469165e-007	
1.385883e+003	9.606807e-007	
1.385889e+003	9.744446e-007	
1.385895e+003	9.882087e-007	
1.385900e+003	1.002592e-006	
1.385906e+003	1.018076e-006	
1.385912e+003	1.034042e-006	
1.385918e+003	1.050009e-006	
1.385924e+003	1.065974e-006	
1.385930e+003	1.081941e-006	
1.385936e+003	1.097906e-006	
1.385941e+003	1.113872e-006	
1.385947e+003	1.129838e-006	
1.385953e+003	1.145805e-006	
1.385959e+003	1.161770e-006	
1.385965e+003	1.177736e-006	
1.385971e+003	1.193712e-006	
1.385977e+003	1.209703e-006	
1.385982e+003	1.225701e-006	
1.385988e+003	1.241697e-006	
1.385994e+003	1.257694e-006	
1.386000e+003	1.273880e-006	
1.386006e+003	1.290441e-006	
1.386012e+003	1.307189e-006	
1.386018e+003	1.323939e-006	
1.386023e+003	1.340688e-006	
1.386029e+003	1.357437e-006	
1.386035e+003	1.374187e-006	
1.386041e+003	1.390935e-006	
1.386047e+003	1.407684e-006	
1.386053e+003	1.424434e-006	
1.386059e+003	1.441182e-006	
1.386064e+003	1.457931e-006	
1.386070e+003	1.474692e-006	
1.386076e+003	1.491472e-006	
1.386082e+003	1.508262e-006	
1.386088e+003	1.525053e-006	
1.386094e+003	1.541843e-006	
1.386100e+003	1.558427e-006	
1.386105e+003	1.574537e-006	
1.386111e+003	1.590383e-006	
1.386117e+003	1.606228e-006	
1.386123e+003	1.622072e-006	
1.386129e+003	1.637916e-006	
1.386135e+003	1.653762e-006	
1.386141e+003	1.669607e-006	
1.386146e+003	1.685451e-006	
1.386152e+003	1.701295e-006	
1.386158e+003	1.717140e-006	
1.386164e+003	1.732985e-006	
1.386170e+003	1.748842e-006	
1.386176e+003	1.764724e-006	
1.386182e+003	1.780618e-006	
1.386188e+003	1.796513e-006	
1.386193e+003	1.812408e-006	
1.386199e+003	1.827914e-006	
1.386205e+003	1.842402e-006	
1.386211e+003	1.856243e-006	
1.386217e+003	1.870084e-006	
1.386223e+003	1.883926e-006	
1.386229e+003	1.897767e-006	
1.386234e+003	1.911607e-006	
1.386240e+003	1.925448e-006	
1.386246e+003	1.939290e-006	
1.386252e+003	1.953131e-006	
1.386258e+003	1.966972e-006	
1.386264e+003	1.980813e-006	
1.386270e+003	1.994666e-006	
1.386275e+003	2.008545e-006	
1.386281e+003	2.022440e-006	
1.386287e+003	2.036336e-006	
1.386293e+003	2.050232e-006	
1.386299e+003	2.063845e-006	
1.386305e+003	2.076526e-006	
1.386311e+003	2.088533e-006	
1.386316e+003	2.100539e-006	
1.386322e+003	2.112546e-006	
1.386328e+003	2.124551e-006	
1.386334e+003	2.136558e-006	
1.386340e+003	2.148565e-006	
1.386346e+003	2.160571e-006	
1.386352e+003	2.172577e-006	
1.386357e+003	2.184583e-006	
1.386363e+003	2.196589e-006	
1.386369e+003	2.208604e-006	
1.386375e+003	2.220644e-006	
1.386381e+003	2.232700e-006	
1.386387e+003	2.244755e-006	
1.386393e+003	2.256812e-006	
1.386398e+003	2.268766e-006	
1.386404e+003	2.280330e-006	
1.386410e+003	2.291574e-006	
1.386416e+003	2.302818e-006	
1.386422e+003	2.314062e-006	
1.386428e+003	2.325306e-006	
1.386434e+003	2.336551e-006	
1.386439e+003	2.347795e-006	
1.386445e+003	2.359037e-006	
1.386451e+003	2.370281e-006	
1.386457e+003	2.381525e-006	
1.386463e+003	2.392770e-006	
1.386469e+003	2.404019e-006	
1.386475e+003	2.415285e-006	
1.386480e+003	2.426564e-006	
1.386486e+003	2.437842e-006	
1.386492e+003	2.449119e-006	
1.386498e+003	2.460401e-006	
1.386504e+003	2.471697e-006	
1.386510e+003	2.483006e-006	
1.386516e+003	2.494316e-006	
1.386521e+003	2.505625e-006	
1.386527e+003	2.516934e-006	
1.386533e+003	2.528242e-006	
1.386539e+003	2.539551e-006	
1.386545e+003	2.550861e-006	
1.386551e+003	2.562171e-006	
1.386557e+003	2.573480e-006	
1.386562e+003	2.584788e-006	
1.386568e+003	2.596099e-006	
1.386574e+003	2.607416e-006	
1.386580e+003	2.618734e-006	
1.386586e+003	2.630055e-006	
1.386592e+003	2.641376e-006	
1.386598e+003	2.652642e-006	
1.386604e+003	2.663517e-006	
1.386609e+003	2.674008e-006	
1.386615e+003	2.684499e-006	
1.386621e+003	2.694989e-006	
1.386627e+003	2.705479e-006	
1.386633e+003	2.715971e-006	
1.386639e+003	2.726463e-006	
1.386645e+003	2.736954e-006	
1.386650e+003	2.747446e-006	
1.386656e+003	2.757937e-006	
1.386662e+003	2.768429e-006	
1.386668e+003	2.778919e-006	
1.386674e+003	2.789403e-006	
1.386680e+003	2.799885e-006	
1.386686e+003	2.810367e-006	
1.386691e+003	2.820848e-006	
1.386697e+003	2.831158e-006	
1.386703e+003	2.839758e-006	
1.386709e+003	2.846446e-006	
1.386715e+003	2.853134e-006	
1.386721e+003	2.859821e-006	
1.386727e+003	2.866509e-006	
1.386732e+003	2.873197e-006	
1.386738e+003	2.879886e-006	
1.386744e+003	2.886575e-006	
1.386750e+003	2.893263e-006	
1.386756e+003	2.899952e-006	
1.386762e+003	2.906640e-006	
1.386768e+003	2.913327e-006	
1.386773e+003	2.920001e-006	
1.386779e+003	2.926663e-006	
1.386785e+003	2.933326e-006	
1.386791e+003	2.939989e-006	
1.386797e+003	2.946582e-006	
1.386803e+003	2.949815e-006	
1.386809e+003	2.948847e-006	
1.386814e+003	2.947882e-006	
1.386820e+003	2.946917e-006	
1.386826e+003	2.945952e-006	
1.386832e+003	2.944987e-006	
1.386838e+003	2.944023e-006	
1.386844e+003	2.943057e-006	
1.386850e+003	2.942092e-006	
1.386855e+003	2.941126e-006	
1.386861e+003	2.940162e-006	
1.386867e+003	2.939195e-006	
1.386873e+003	2.938216e-006	
1.386879e+003	2.937222e-006	
1.386885e+003	2.936227e-006	
1.386891e+003	2.935232e-006	
1.386896e+003	2.934238e-006	
1.386902e+003	2.929081e-006	
1.386908e+003	2.918015e-006	
1.386914e+003	2.906825e-006	
1.386920e+003	2.895635e-006	
1.386926e+003	2.884445e-006	
1.386932e+003	2.873255e-006	
1.386938e+003	2.862064e-006	
1.386943e+003	2.850873e-006	
1.386949e+003	2.839683e-006	
1.386955e+003	2.828491e-006	
1.386961e+003	2.817299e-006	
1.386967e+003	2.806109e-006	
1.386973e+003	2.794907e-006	
1.386979e+003	2.783688e-006	
1.386984e+003	2.772469e-006	
1.386990e+003	2.761249e-006	
1.386996e+003	2.750030e-006	
1.387002e+003	2.735096e-006	
1.387008e+003	2.714626e-006	
1.387014e+003	2.693683e-006	
1.387020e+003	2.672739e-006	
1.387025e+003	2.651796e-006	
1.387031e+003	2.630851e-006	
1.387037e+003	2.609907e-006	
1.387043e+003	2.588965e-006	
1.387049e+003	2.568022e-006	
1.387055e+003	2.547079e-006	
1.387061e+003	2.526136e-006	
1.387066e+003	2.505193e-006	
1.387072e+003	2.484235e-006	
1.387078e+003	2.463256e-006	
1.387084e+003	2.442277e-006	
1.387090e+003	2.421298e-006	
1.387096e+003	2.400318e-006	
1.387102e+003	2.377141e-006	
1.387107e+003	2.350513e-006	
1.387113e+003	2.323360e-006	
1.387119e+003	2.296205e-006	
1.387125e+003	2.269051e-006	
1.387131e+003	2.241899e-006	
1.387137e+003	2.214746e-006	
1.387143e+003	2.187594e-006	
1.387148e+003	2.160441e-006	
1.387154e+003	2.133288e-006	
1.387160e+003	2.106136e-006	
1.387166e+003	2.078983e-006	
1.387172e+003	2.051808e-006	
1.387178e+003	2.024596e-006	
1.387184e+003	1.997381e-006	
1.387189e+003	1.970166e-006	
1.387195e+003	1.942951e-006	
1.387201e+003	1.915370e-006	
1.387207e+003	1.887147e-006	
1.387213e+003	1.858795e-006	
1.387219e+003	1.830442e-006	
1.387225e+003	1.802090e-006	
1.387230e+003	1.773738e-006	
1.387236e+003	1.745385e-006	
1.387242e+003	1.717031e-006	
1.387248e+003	1.688678e-006	
1.387254e+003	1.660327e-006	
1.387260e+003	1.631975e-006	
1.387266e+003	1.603623e-006	
1.387271e+003	1.575235e-006	
1.387277e+003	1.546788e-006	
1.387283e+003	1.518330e-006	
1.387289e+003	1.489873e-006	
1.387295e+003	1.461415e-006	
1.387301e+003	1.433876e-006	
1.387307e+003	1.408078e-006	
1.387312e+003	1.382801e-006	
1.387318e+003	1.357524e-006	
1.387324e+003	1.332246e-006	
1.387330e+003	1.306969e-006	
1.387336e+003	1.281691e-006	
1.387342e+003	1.256414e-006	
1.387348e+003	1.231137e-006	
1.387354e+003	1.205859e-006	
1.387359e+003	1.180582e-006	
1.387365e+003	1.155304e-006	
1.387371e+003	1.129979e-006	
1.387377e+003	1.104571e-006	
1.387383e+003	1.079142e-006	
1.387389e+003	1.053713e-006	
1.387395e+003	1.028285e-006	
1.387400e+003	1.004316e-006	
1.387406e+003	9.834416e-007	
1.387412e+003	9.636721e-007	
1.387418e+003	9.439027e-007	
1.387424e+003	9.241331e-007	
1.387430e+003	9.043636e-007	
1.387436e+003	8.845938e-007	
1.387441e+003	8.648243e-007	
1.387447e+003	8.450547e-007	
1.387453e+003	8.252851e-007	
1.387459e+003	8.055154e-007	
1.387465e+003	7.857460e-007	
1.387471e+003	7.659282e-007	
1.387477e+003	7.460136e-007	
1.387482e+003	7.260721e-007	
1.387488e+003	7.061306e-007	
1.387494e+003	6.861890e-007	
1.387500e+003	6.676527e-007	
1.387506e+003	6.523013e-007	
1.387512e+003	6.383552e-007	
1.387518e+003	6.244089e-007	
1.387523e+003	6.104624e-007	
1.387529e+003	5.965161e-007	
1.387535e+003	5.825701e-007	
1.387541e+003	5.686240e-007	
1.387547e+003	5.546780e-007	
1.387553e+003	5.407320e-007	
1.387559e+003	5.267860e-007	
1.387564e+003	5.128400e-007	
1.387570e+003	4.988537e-007	
1.387576e+003	4.847819e-007	
1.387582e+003	4.706795e-007	
1.387588e+003	4.565772e-007	
1.387594e+003	4.424748e-007	
1.387600e+003	4.294245e-007	
1.387605e+003	4.189457e-007	
1.387611e+003	4.098306e-007	
1.387617e+003	4.007156e-007	
1.387623e+003	3.916007e-007	
1.387629e+003	3.824857e-007	
1.387635e+003	3.733707e-007	
1.387641e+003	3.642557e-007	
1.387646e+003	3.551408e-007	
1.387652e+003	3.460257e-007	
1.387658e+003	3.369107e-007	
1.387664e+003	3.277954e-007	
1.387670e+003	3.186576e-007	
1.387676e+003	3.094642e-007	
1.387682e+003	3.002458e-007	
1.387688e+003	2.910274e-007	
1.387693e+003	2.818090e-007	
1.387699e+003	2.732416e-007	
1.387705e+003	2.664600e-007	
1.387711e+003	2.607704e-007	
1.387717e+003	2.550808e-007	
1.387723e+003	2.493911e-007	
1.387729e+003	2.437016e-007	
1.387734e+003	2.380119e-007	
1.387740e+003	2.323223e-007	
1.387746e+003	2.266331e-007	
1.387752e+003	2.209435e-007	
1.387758e+003	2.152538e-007	
1.387764e+003	2.095643e-007	
1.387770e+003	2.038687e-007	
1.387775e+003	1.981575e-007	
1.387781e+003	1.924378e-007	
1.387787e+003	1.867182e-007	
1.387793e+003	1.809985e-007	
1.387799e+003	1.756199e-007	
1.387805e+003	1.713022e-007	
1.387811e+003	1.677843e-007	
1.387816e+003	1.642664e-007	
1.387822e+003	1.607485e-007	
1.387828e+003	1.572306e-007	
1.387834e+003	1.537127e-007	
1.387840e+003	1.501946e-007	
1.387846e+003	1.466766e-007	
1.387852e+003	1.431588e-007	
1.387857e+003	1.396410e-007	
1.387863e+003	1.361231e-007	
1.387869e+003	1.326123e-007	
1.387875e+003	1.291213e-007	
1.387881e+003	1.256430e-007	
1.387887e+003	1.221651e-007	
1.387893e+003	1.186867e-007	
1.387898e+003	1.153761e-007	
1.387904e+003	1.126567e-007	
1.387910e+003	1.104491e-007	
1.387916e+003	1.082417e-007	
1.387922e+003	1.060342e-007	
1.387928e+003	1.038268e-007	
1.387934e+003	1.016194e-007	
1.387939e+003	9.941196e-008	
1.387945e+003	9.720451e-008	
1.387951e+003	9.499708e-008	
1.387957e+003	9.278965e-008	
1.387963e+003	9.058222e-008	
1.387969e+003	8.838793e-008	
1.387975e+003	8.623542e-008	
1.387980e+003	8.411394e-008	
1.387986e+003	8.199245e-008	
1.387992e+003	7.987107e-008	
1.387998e+003	7.782710e-008	
1.388004e+003	7.609315e-008	
1.388010e+003	7.466920e-008	
1.388016e+003	7.324525e-008	
1.388021e+003	7.182130e-008	
1.388027e+003	7.039736e-008	
1.388033e+003	6.897341e-008	
1.388039e+003	6.754947e-008	
1.388045e+003	6.612552e-008	
1.388051e+003	6.470157e-008	
1.388057e+003	6.327760e-008	
1.388062e+003	6.185358e-008	
1.388068e+003	6.044345e-008	
1.388074e+003	5.908207e-008	
1.388080e+003	5.776285e-008	
1.388086e+003	5.644366e-008	
1.388092e+003	5.512447e-008	
1.388098e+003	5.383990e-008	
1.388104e+003	5.271785e-008	
1.388109e+003	5.178229e-008	
1.388115e+003	5.084672e-008	
1.388121e+003	4.991115e-008	
1.388127e+003	4.897558e-008	
1.388133e+003	4.804001e-008	
1.388139e+003	4.710444e-008	
1.388145e+003	4.616887e-008	
1.388150e+003	4.523329e-008	
1.388156e+003	4.429772e-008	
1.388162e+003	4.336215e-008	
1.388168e+003	4.243679e-008	
1.388174e+003	4.155406e-008	
1.388180e+003	4.071607e-008	
1.388186e+003	3.987807e-008	
1.388191e+003	3.904007e-008	
1.388197e+003	3.821756e-008	
1.388203e+003	3.748121e-008	
1.388209e+003	3.685946e-008	
1.388215e+003	3.623772e-008	
1.388221e+003	3.561597e-008	
1.388227e+003	3.499421e-008	
1.388232e+003	3.437247e-008	
1.388238e+003	3.375072e-008	
1.388244e+003	3.312897e-008	
1.388250e+003	3.250721e-008	
1.388256e+003	3.188547e-008	
1.388262e+003	3.126372e-008	
1.388268e+003	3.064866e-008	
1.388273e+003	3.006647e-008	
1.388279e+003	2.952378e-008	
1.388285e+003	2.898108e-008	
1.388291e+003	2.843839e-008	
1.388297e+003	2.790111e-008	
1.388303e+003	2.740753e-008	
1.388309e+003	2.698383e-008	
1.388314e+003	2.656013e-008	
1.388320e+003	2.613644e-008	
1.388326e+003	2.571277e-008	
1.388332e+003	2.528906e-008	
1.388338e+003	2.486536e-008	
1.388344e+003	2.444165e-008	
1.388350e+003	2.401794e-008	
1.388355e+003	2.359425e-008	
1.388361e+003	2.317055e-008	
1.388367e+003	2.275053e-008	
1.388373e+003	2.235255e-008	
1.388379e+003	2.198529e-008	
1.388385e+003	2.161802e-008	
1.388391e+003	2.125076e-008	
1.388396e+003	2.088572e-008	
1.388402e+003	2.054523e-008	
1.388408e+003	2.025125e-008	
1.388414e+003	1.995727e-008	
1.388420e+003	1.966329e-008	
1.388426e+003	1.936931e-008	
1.388432e+003	1.907532e-008	
1.388438e+003	1.878134e-008	
1.388443e+003	1.848736e-008	
1.388449e+003	1.819338e-008	
1.388455e+003	1.789940e-008	
1.388461e+003	1.760542e-008	
1.388467e+003	1.731323e-008	
1.388473e+003	1.703433e-008	
1.388479e+003	1.677720e-008	
1.388484e+003	1.652005e-008	
1.388490e+003	1.626290e-008	
1.388496e+003	1.600640e-008	
1.388502e+003	1.576661e-008	
1.388508e+003	1.556357e-008	
1.388514e+003	1.536054e-008	
1.388520e+003	1.515750e-008	
1.388525e+003	1.495447e-008	
1.388531e+003	1.475144e-008	
1.388537e+003	1.454841e-008	
1.388543e+003	1.434538e-008	
1.388549e+003	1.414235e-008	
1.388555e+003	1.393931e-008	
1.388561e+003	1.373628e-008	
1.388566e+003	1.353394e-008	
1.388572e+003	1.333919e-008	
1.388578e+003	1.315875e-008	
1.388584e+003	1.297830e-008	
1.388590e+003	1.279785e-008	
1.388596e+003	1.261740e-008	
1.388602e+003	1.244757e-008	
1.388607e+003	1.230375e-008	
1.388613e+003	1.216049e-008	
1.388619e+003	1.201721e-008	
1.388625e+003	1.187394e-008	
1.388631e+003	1.173067e-008	
1.388637e+003	1.158740e-008	
1.388643e+003	1.144412e-008	
1.388648e+003	1.130085e-008	
1.388654e+003	1.115758e-008	
1.388660e+003	1.101431e-008	
1.388666e+003	1.087119e-008	
1.388672e+003	1.073191e-008	
1.388678e+003	1.060187e-008	
1.388684e+003	1.047184e-008	
1.388689e+003	1.034180e-008	
1.388695e+003	1.021177e-008	
1.388701e+003	1.008758e-008	
1.388707e+003	9.979521e-009	
1.388713e+003	9.872513e-009	
1.388719e+003	9.765505e-009	
1.388725e+003	9.658497e-009	
1.388730e+003	9.551490e-009	
1.388736e+003	9.444478e-009	
1.388742e+003	9.337470e-009	
1.388748e+003	9.230462e-009	
1.388754e+003	9.123452e-009	
1.388760e+003	9.016445e-009	
1.388766e+003	8.909438e-009	
1.388771e+003	8.804456e-009	
1.388777e+003	8.704982e-009	
1.388783e+003	8.605621e-009	
1.388789e+003	8.506263e-009	
1.388795e+003	8.406902e-009	
1.388801e+003	8.314435e-009	
1.388807e+003	8.241701e-009	
1.388812e+003	8.172136e-009	
1.388818e+003	8.102568e-009	
1.388824e+003	8.033003e-009	
1.388830e+003	7.963435e-009	
1.388836e+003	7.893870e-009	
1.388842e+003	7.824299e-009	
1.388848e+003	7.754732e-009	
1.388854e+003	7.685165e-009	
1.388859e+003	7.615600e-009	
1.388865e+003	7.546035e-009	
1.388871e+003	7.477614e-009	
1.388877e+003	7.412367e-009	
1.388883e+003	7.347400e-009	
1.388889e+003	7.282435e-009	
1.388895e+003	7.217467e-009	
1.388900e+003	7.153532e-009	
1.388906e+003	7.092924e-009	
1.388912e+003	7.033030e-009	
1.388918e+003	6.973134e-009	
1.388924e+003	6.913238e-009	
1.388930e+003	6.853342e-009	
1.388936e+003	6.793448e-009	
1.388941e+003	6.733551e-009	
1.388947e+003	6.673657e-009	
1.388953e+003	6.613760e-009	
1.388959e+003	6.553865e-009	
1.388965e+003	6.493970e-009	
1.388971e+003	6.434692e-009	
1.388977e+003	6.377358e-009	
1.388982e+003	6.320288e-009	
1.388988e+003	6.263218e-009	
1.388994e+003	6.206147e-009	
1.389000e+003	6.149304e-009	
1.389006e+003	6.093233e-009	
1.389012e+003	6.037367e-009	
1.389018e+003	5.981502e-009	
1.389023e+003	5.925639e-009	
1.389029e+003	5.869775e-009	
1.389035e+003	5.813912e-009	
1.389041e+003	5.758047e-009	
1.389047e+003	5.702184e-009	
1.389053e+003	5.646320e-009	
1.389059e+003	5.590455e-009	
1.389064e+003	5.534591e-009	
1.389070e+003	5.479056e-009	
1.389076e+003	5.424586e-009	
1.389082e+003	5.370342e-009	
1.389088e+003	5.316099e-009	
1.389094e+003	5.261855e-009	
1.389100e+003	5.208749e-009	
1.389105e+003	5.159574e-009	
1.389111e+003	5.111948e-009	
1.389117e+003	5.064326e-009	
1.389123e+003	5.016700e-009	
1.389129e+003	4.969077e-009	
1.389135e+003	4.921453e-009	
1.389141e+003	4.873828e-009	
1.389146e+003	4.826203e-009	
1.389152e+003	4.778579e-009	
1.389158e+003	4.730956e-009	
1.389164e+003	4.683333e-009	
1.389170e+003	4.635893e-009	
1.389176e+003	4.589134e-009	
1.389182e+003	4.542582e-009	
1.389188e+003	4.496029e-009	
1.389193e+003	4.449477e-009	
1.389199e+003	4.405397e-009	
1.389205e+003	4.370988e-009	
1.389211e+003	4.341139e-009	
1.389217e+003	4.311289e-009	
1.389223e+003	4.281439e-009	
1.389229e+003	4.251589e-009	
1.389234e+003	4.221740e-009	
1.389240e+003	4.191890e-009	
1.389246e+003	4.162041e-009	
1.389252e+003	4.132191e-009	
1.389258e+003	4.102341e-009	
1.389264e+003	4.072491e-009	
1.389270e+003	4.042755e-009	
1.389275e+003	4.013449e-009	
1.389281e+003	3.984317e-009	
1.389287e+003	3.955186e-009	
1.389293e+003	3.926053e-009	
1.389299e+003	3.897192e-009	
1.389305e+003	3.869455e-009	
1.389311e+003	3.842425e-009	
1.389316e+003	3.815398e-009	
1.389322e+003	3.788370e-009	
1.389328e+003	3.761341e-009	
1.389334e+003	3.734314e-009	
1.389340e+003	3.707286e-009	
1.389346e+003	3.680259e-009	
1.389352e+003	3.653230e-009	
1.389357e+003	3.626203e-009	
1.389363e+003	3.599174e-009	
1.389369e+003	3.572246e-009	
1.389375e+003	3.545712e-009	
1.389381e+003	3.519380e-009	
1.389387e+003	3.493046e-009	
1.389393e+003	3.466714e-009	
1.389398e+003	3.440398e-009	
1.389404e+003	3.414158e-009	
1.389410e+003	3.387974e-009	
1.389416e+003	3.361792e-009	
1.389422e+003	3.335609e-009	
1.389428e+003	3.309426e-009	
1.389434e+003	3.283242e-009	
1.389439e+003	3.257060e-009	
1.389445e+003	3.230877e-009	
1.389451e+003	3.204693e-009	
1.389457e+003	3.178510e-009	
1.389463e+003	3.152328e-009	
1.389469e+003	3.126194e-009	
1.389475e+003	3.100280e-009	
1.389480e+003	3.074502e-009	
1.389486e+003	3.048722e-009	
1.389492e+003	3.022943e-009	
1.389498e+003	2.997684e-009	
1.389504e+003	2.975017e-009	
1.389510e+003	2.954690e-009	
1.389516e+003	2.934362e-009	
1.389521e+003	2.914036e-009	
1.389527e+003	2.893708e-009	
1.389533e+003	2.873381e-009	
1.389539e+003	2.853053e-009	
1.389545e+003	2.832726e-009	
1.389551e+003	2.812399e-009	
1.389557e+003	2.792071e-009	
1.389562e+003	2.771744e-009	
1.389568e+003	2.751471e-009	
1.389574e+003	2.731450e-009	
1.389580e+003	2.711617e-009	
1.389586e+003	2.691785e-009	
1.389592e+003	2.671952e-009	
1.389598e+003	2.652504e-009	
1.389604e+003	2.635100e-009	
1.389609e+003	2.619922e-009	
1.389615e+003	2.604743e-009	
1.389621e+003	2.589565e-009	
1.389627e+003	2.574387e-009	
1.389633e+003	2.559209e-009	
1.389639e+003	2.544030e-009	
1.389645e+003	2.528852e-009	
1.389650e+003	2.513674e-009	
1.389656e+003	2.498495e-009	
1.389662e+003	2.483317e-009	
1.389668e+003	2.468148e-009	
1.389674e+003	2.453032e-009	
1.389680e+003	2.437963e-009	
1.389686e+003	2.422896e-009	
1.389691e+003	2.407829e-009	
1.389697e+003	2.392811e-009	
1.389703e+003	2.378102e-009	
1.389709e+003	2.363787e-009	
1.389715e+003	2.349472e-009	
1.389721e+003	2.335158e-009	
1.389727e+003	2.320844e-009	
1.389732e+003	2.306530e-009	
1.389738e+003	2.292216e-009	
1.389744e+003	2.277901e-009	
1.389750e+003	2.263587e-009	
1.389756e+003	2.249273e-009	
1.389762e+003	2.234959e-009	
1.389768e+003	2.220650e-009	
1.389773e+003	2.206370e-009	
1.389779e+003	2.192122e-009	
1.389785e+003	2.177876e-009	
1.389791e+003	2.163629e-009	
1.389797e+003	2.149382e-009	
1.389803e+003	2.135138e-009	
1.389809e+003	2.120895e-009	
1.389814e+003	2.106653e-009	
1.389820e+003	2.092411e-009	
1.389826e+003	2.078169e-009	
1.389832e+003	2.063928e-009	
1.389838e+003	2.049685e-009	
1.389844e+003	2.035443e-009	
1.389850e+003	2.021201e-009	
1.389855e+003	2.006959e-009	
1.389861e+003	1.992717e-009	
1.389867e+003	1.978476e-009	
1.389873e+003	1.964245e-009	
1.389879e+003	1.950025e-009	
1.389885e+003	1.935806e-009	
1.389891e+003	1.921586e-009	
1.389896e+003	1.907516e-009	
1.389902e+003	1.894702e-009	
1.389908e+003	1.884413e-009	
1.389914e+003	1.874123e-009	
1.389920e+003	1.863833e-009	
1.389926e+003	1.853543e-009	
1.389932e+003	1.843254e-009	
1.389938e+003	1.832964e-009	
1.389943e+003	1.822674e-009	
1.389949e+003	1.812385e-009	
1.389955e+003	1.802095e-009	
1.389961e+003	1.791805e-009	
1.389967e+003	1.781527e-009	
1.389973e+003	1.771329e-009	
1.389979e+003	1.761264e-009	
1.389984e+003	1.751198e-009	
1.389990e+003	1.741133e-009	
1.389996e+003	1.731101e-009	
1.390002e+003	1.721398e-009	
1.390008e+003	1.712520e-009	
1.390014e+003	1.703641e-009	
1.390020e+003	1.694763e-009	
1.390025e+003	1.685885e-009	
1.390031e+003	1.677007e-009	
1.390037e+003	1.668128e-009	
1.390043e+003	1.659251e-009	
1.390049e+003	1.650372e-009	
1.390055e+003	1.641494e-009	
1.390061e+003	1.632616e-009	
1.390066e+003	1.623746e-009	
1.390072e+003	1.614948e-009	
1.390078e+003	1.606295e-009	
1.390084e+003	1.597642e-009	
1.390090e+003	1.588989e-009	
1.390096e+003	1.580339e-009	
1.390102e+003	1.571733e-009	
1.390107e+003	1.563267e-009	
1.390113e+003	1.554801e-009	
1.390119e+003	1.546335e-009	
1.390125e+003	1.537869e-009	
1.390131e+003	1.529403e-009	
1.390137e+003	1.520938e-009	
1.390143e+003	1.512472e-009	
1.390148e+003	1.504006e-009	
1.390154e+003	1.495540e-009	
1.390160e+003	1.487075e-009	
1.390166e+003	1.478608e-009	
1.390172e+003	1.470138e-009	
1.390178e+003	1.461649e-009	
1.390184e+003	1.453160e-009	
1.390189e+003	1.444671e-009	
1.390195e+003	1.436186e-009	
1.390201e+003	1.427773e-009	
1.390207e+003	1.419667e-009	
1.390213e+003	1.411561e-009	
1.390219e+003	1.403455e-009	
1.390225e+003	1.395348e-009	
1.390230e+003	1.387242e-009	
1.390236e+003	1.379135e-009	
1.390242e+003	1.371029e-009	
1.390248e+003	1.362923e-009	
1.390254e+003	1.354817e-009	
1.390260e+003	1.346711e-009	
1.390266e+003	1.338605e-009	
1.390271e+003	1.330509e-009	
1.390277e+003	1.322448e-009	
1.390283e+003	1.314386e-009	
1.390289e+003	1.306325e-009	
1.390295e+003	1.298263e-009	
1.390301e+003	1.290499e-009	
1.390307e+003	1.284483e-009	
1.390312e+003	1.278504e-009	
1.390318e+003	1.272525e-009	
1.390324e+003	1.266545e-009	
1.390330e+003	1.260566e-009	
1.390336e+003	1.254587e-009	
1.390342e+003	1.248608e-009	
1.390348e+003	1.242628e-009	
1.390354e+003	1.236649e-009	
1.390359e+003	1.230670e-009	
1.390365e+003	1.224691e-009	
1.390371e+003	1.218724e-009	
1.390377e+003	1.212812e-009	
1.390383e+003	1.206900e-009	
1.390389e+003	1.200988e-009	
1.390395e+003	1.195076e-009	
1.390400e+003	1.189213e-009	
1.390406e+003	1.183694e-009	
1.390412e+003	1.178197e-009	
1.390418e+003	1.172701e-009	
1.390424e+003	1.167204e-009	
1.390430e+003	1.161708e-009	
1.390436e+003	1.156211e-009	
1.390441e+003	1.150715e-009	
1.390447e+003	1.145218e-009	
1.390453e+003	1.139722e-009	
1.390459e+003	1.134225e-009	
1.390465e+003	1.128729e-009	
1.390471e+003	1.123246e-009	
1.390477e+003	1.117862e-009	
1.390482e+003	1.112478e-009	
1.390488e+003	1.107094e-009	
1.390494e+003	1.101710e-009	
1.390500e+003	1.096326e-009	
1.390506e+003	1.090948e-009	
1.390512e+003	1.085572e-009	
1.390518e+003	1.080194e-009	
1.390523e+003	1.074818e-009	
1.390529e+003	1.069440e-009	
1.390535e+003	1.064064e-009	
1.390541e+003	1.058686e-009	
1.390547e+003	1.053310e-009	
1.390553e+003	1.047932e-009	
1.390559e+003	1.042556e-009	
1.390564e+003	1.037179e-009	
1.390570e+003	1.031802e-009	
1.390576e+003	1.026425e-009	
1.390582e+003	1.021048e-009	
1.390588e+003	1.015672e-009	
1.390594e+003	1.010295e-009	
1.390600e+003	1.004980e-009	
1.390605e+003	1.000114e-009	
1.390611e+003	9.953469e-010	
1.390617e+003	9.905806e-010	
1.390623e+003	9.858138e-010	
1.390629e+003	9.810475e-010	
1.390635e+003	9.762808e-010	
1.390641e+003	9.715143e-010	
1.390646e+003	9.667478e-010	
1.390652e+003	9.619814e-010	
1.390658e+003	9.572150e-010	
1.390664e+003	9.524485e-010	
1.390670e+003	9.476820e-010	
1.390676e+003	9.429154e-010	
1.390682e+003	9.381486e-010	
1.390688e+003	9.333818e-010	
1.390693e+003	9.286149e-010	
1.390699e+003	9.239192e-010	
1.390705e+003	9.198556e-010	
1.390711e+003	9.159736e-010	
1.390717e+003	9.120915e-010	
1.390723e+003	9.082096e-010	
1.390729e+003	9.043274e-010	
1.390734e+003	9.004451e-010	
1.390740e+003	8.965632e-010	
1.390746e+003	8.926810e-010	
1.390752e+003	8.887989e-010	
1.390758e+003	8.849169e-010	
1.390764e+003	8.810346e-010	
1.390770e+003	8.771582e-010	
1.390775e+003	8.733321e-010	
1.390781e+003	8.695175e-010	
1.390787e+003	8.657026e-010	
1.390793e+003	8.618879e-010	
1.390799e+003	8.580865e-010	
1.390805e+003	8.544054e-010	
1.390811e+003	8.507767e-010	
1.390816e+003	8.471481e-010	
1.390822e+003	8.435193e-010	
1.390828e+003	8.398903e-010	
1.390834e+003	8.362617e-010	
1.390840e+003	8.326329e-010	
1.390846e+003	8.290042e-010	
1.390852e+003	8.253754e-010	
1.390857e+003	8.217466e-010	
1.390863e+003	8.181180e-010	
1.390869e+003	8.144910e-010	
1.390875e+003	8.108799e-010	
1.390881e+003	8.072735e-010	
1.390887e+003	8.036673e-010	
1.390893e+003	8.000612e-010	
1.390898e+003	7.964548e-010	
1.390904e+003	7.928480e-010	
1.390910e+003	7.892412e-010	
1.390916e+003	7.856340e-010	
1.390922e+003	7.820271e-010	
1.390928e+003	7.784201e-010	
1.390934e+003	7.748130e-010	
1.390939e+003	7.712062e-010	
1.390945e+003	7.675993e-010	
1.390951e+003	7.639921e-010	
1.390957e+003	7.603850e-010	
1.390963e+003	7.567781e-010	
1.390969e+003	7.531711e-010	
1.390975e+003	7.495640e-010	
1.390980e+003	7.459569e-010	
1.390986e+003	7.423500e-010	
1.390992e+003	7.387429e-010	
1.390998e+003	7.351658e-010	
1.391004e+003	7.319428e-010	
1.391010e+003	7.289575e-010	
1.391016e+003	7.259721e-010	
1.391021e+003	7.229867e-010	
1.391027e+003	7.200013e-010	
1.391033e+003	7.170158e-010	
1.391039e+003	7.140305e-010	
1.391045e+003	7.110450e-010	
1.391051e+003	7.080596e-010	
1.391057e+003	7.050742e-010	
1.391062e+003	7.020888e-010	
1.391068e+003	6.991059e-010	
1.391074e+003	6.961509e-010	
1.391080e+003	6.932106e-010	
1.391086e+003	6.902702e-010	
1.391092e+003	6.873297e-010	
1.391098e+003	6.844044e-010	
1.391104e+003	6.816575e-010	
1.391109e+003	6.790620e-010	
1.391115e+003	6.764667e-010	
1.391121e+003	6.738712e-010	
1.391127e+003	6.712757e-010	
1.391133e+003	6.686804e-010	
1.391139e+003	6.660850e-010	
1.391145e+003	6.634894e-010	
1.391150e+003	6.608939e-010	
1.391156e+003	6.582985e-010	
1.391162e+003	6.557030e-010	
1.391168e+003	6.531068e-010	
1.391174e+003	6.504975e-010	
1.391180e+003	6.478794e-010	
1.391186e+003	6.452613e-010	
1.391191e+003	6.426433e-010	
1.391197e+003	6.400275e-010	
1.391203e+003	6.374462e-010	
1.391209e+003	6.349001e-010	
1.391215e+003	6.323539e-010	
1.391221e+003	6.298078e-010	
1.391227e+003	6.272617e-010	
1.391232e+003	6.247156e-010	
1.391238e+003	6.221695e-010	
1.391244e+003	6.196234e-010	
1.391250e+003	6.170772e-010	
1.391256e+003	6.145312e-010	
1.391262e+003	6.119850e-010	
1.391268e+003	6.094411e-010	
1.391273e+003	6.069320e-010	
1.391279e+003	6.044532e-010	
1.391285e+003	6.019744e-010	
1.391291e+003	5.994955e-010	
1.391297e+003	5.970167e-010	
1.391303e+003	5.945416e-010	
1.391309e+003	5.920715e-010	
1.391314e+003	5.896012e-010	
1.391320e+003	5.871308e-010	
1.391326e+003	5.846605e-010	
1.391332e+003	5.821902e-010	
1.391338e+003	5.797201e-010	
1.391344e+003	5.772498e-010	
1.391350e+003	5.747796e-010	
1.391355e+003	5.723094e-010	
1.391361e+003	5.698391e-010	
1.391367e+003	5.673677e-010	
1.391373e+003	5.648753e-010	
1.391379e+003	5.623603e-010	
1.391385e+003	5.598452e-010	
1.391391e+003	5.573302e-010	
1.391396e+003	5.548230e-010	
1.391402e+003	5.525139e-010	
1.391408e+003	5.505392e-010	
1.391414e+003	5.485646e-010	
1.391420e+003	5.465900e-010	
1.391426e+003	5.446154e-010	
1.391432e+003	5.426408e-010	
1.391438e+003	5.406662e-010	
1.391443e+003	5.386916e-010	
1.391449e+003	5.367169e-010	
1.391455e+003	5.347424e-010	
1.391461e+003	5.327677e-010	
1.391467e+003	5.307943e-010	
1.391473e+003	5.288493e-010	
1.391479e+003	5.269419e-010	
1.391484e+003	5.250347e-010	
1.391490e+003	5.231275e-010	
1.391496e+003	5.212215e-010	
1.391502e+003	5.193473e-010	
1.391508e+003	5.175436e-010	
1.391514e+003	5.157399e-010	
1.391520e+003	5.139361e-010	
1.391525e+003	5.121322e-010	
1.391531e+003	5.103285e-010	
1.391537e+003	5.085247e-010	
1.391543e+003	5.067209e-010	
1.391549e+003	5.049171e-010	
1.391555e+003	5.031133e-010	
1.391561e+003	5.013097e-010	
1.391566e+003	4.995053e-010	
1.391572e+003	4.976844e-010	
1.391578e+003	4.958359e-010	
1.391584e+003	4.939875e-010	
1.391590e+003	4.921391e-010	
1.391596e+003	4.902908e-010	
1.391602e+003	4.884468e-010	
1.391607e+003	4.866156e-010	
1.391613e+003	4.847844e-010	
1.391619e+003	4.829532e-010	
1.391625e+003	4.811220e-010	
1.391631e+003	4.792909e-010	
1.391637e+003	4.774597e-010	
1.391643e+003	4.756286e-010	
1.391648e+003	4.737974e-010	
1.391654e+003	4.719663e-010	
1.391660e+003	4.701351e-010	
1.391666e+003	4.683043e-010	
1.391672e+003	4.664868e-010	
1.391678e+003	4.647003e-010	
1.391684e+003	4.629139e-010	
1.391689e+003	4.611275e-010	
1.391695e+003	4.593416e-010	
1.391701e+003	4.575791e-010	
1.391707e+003	4.559097e-010	
1.391713e+003	4.542403e-010	
1.391719e+003	4.525708e-010	
1.391725e+003	4.509013e-010	
1.391730e+003	4.492318e-010	
1.391736e+003	4.475624e-010	
1.391742e+003	4.458930e-010	
1.391748e+003	4.442235e-010	
1.391754e+003	4.425541e-010	
1.391760e+003	4.408847e-010	
1.391766e+003	4.392152e-010	
1.391771e+003	4.375403e-010	
1.391777e+003	4.358484e-010	
1.391783e+003	4.341566e-010	
1.391789e+003	4.324647e-010	
1.391795e+003	4.307734e-010	
1.391801e+003	4.291132e-010	
1.391807e+003	4.276781e-010	
1.391812e+003	4.262430e-010	
1.391818e+003	4.248079e-010	
1.391824e+003	4.233728e-010	
1.391830e+003	4.219378e-010	
1.391836e+003	4.205027e-010	
1.391842e+003	4.190677e-010	
1.391848e+003	4.176327e-010	
1.391854e+003	4.161976e-010	
1.391859e+003	4.147626e-010	
1.391865e+003	4.133277e-010	
1.391871e+003	4.119009e-010	
1.391877e+003	4.105107e-010	
1.391883e+003	4.091205e-010	
1.391889e+003	4.077303e-010	
1.391895e+003	4.063402e-010	
1.391900e+003	4.049550e-010	
1.391906e+003	4.036454e-010	
1.391912e+003	4.023358e-010	
1.391918e+003	4.010261e-010	
1.391924e+003	3.997165e-010	
1.391930e+003	3.984068e-010	
1.391936e+003	3.970971e-010	
1.391941e+003	3.957875e-010	
1.391947e+003	3.944779e-010	
1.391953e+003	3.931682e-010	
1.391959e+003	3.918585e-010	
1.391965e+003	3.905489e-010	
1.391971e+003	3.892365e-010	
1.391977e+003	3.879044e-010	
1.391982e+003	3.865724e-010	
1.391988e+003	3.852404e-010	
1.391994e+003	3.839084e-010	
